-1.351648
-3.424176
-1.351648
1.712088
5.676923
11.714286
15.679121
14.327473
11.263736
9.010989
7.479121
6.217582
4.054945
0.090110
-5.226374
-10.813187
-15.859341
-16.850549
-15.138462
-11.804396
-3.964835
5.406593
14.507692
22.437363
27.573626
29.646154
30.006593
24.600000
20.274725
15.228571
11.443956
7.118681
5.947253
6.397802
5.496703
4.505495
6.758242
5.226374
3.424176
0.000000
-2.613187
-6.307692
-9.010989
-9.912088
-8.380220
-8.290110
-6.487912
-6.217582
-4.415385
-1.081319
1.982418
5.947253
6.397802
4.956044
4.054945
-1.982418
-4.235165
-5.046154
-6.578022
-5.857143
-8.560440
-8.560440
-8.380220
-3.424176
0.540659
6.578022
7.839560
9.731868
8.200000
7.118681
5.767033
5.316484
5.676923
4.054945
4.956044
4.235165
-0.630769
-3.964835
-5.406593
-2.793407
-0.991209
3.063736
5.767033
6.758242
7.839560
11.984615
12.885714
16.309890
19.643956
21.896703
21.806593
21.356044
18.112088
13.426374
11.083516
7.479121
7.839560
9.010989
9.641758
8.290110
9.821978
8.560440
8.019780
7.479121
6.938462
4.505495
3.694505
0.720879
-0.991209
-1.982418
-4.595604
-3.063736
-2.523077
-1.261538
0.360440
-0.630769
-1.531868
-3.243956
-5.046154
-9.371429
-11.353846
-12.795604
-17.391209
-17.751648
-21.716484
-20.454945
-19.463736
-20.725275
-17.571429
-17.030769
-14.507692
-13.516484
-13.336264
-15.498901
-16.580220
-15.679121
-17.210989
-18.292308
-17.301099
-19.103297
-19.013187
-16.670330
-16.400000
-13.516484
-10.272527
-8.290110
-12.615385
-15.228571
-18.021978
-18.021978
-17.210989
-13.156044
-10.272527
-10.092308
-11.714286
-10.452747
-8.740659
-7.569231
-6.668132
-6.127473
-7.479121
-10.272527
-11.624176
-10.272527
-8.920879
-4.054945
0.180220
4.054945
5.046154
6.578022
5.767033
6.938462
3.604396
5.316484
12.435165
9.461538
6.307692
4.054945
5.496703
5.767033
10.002198
12.975824
13.246154
8.380220
7.569231
9.912088
9.641758
11.624176
14.778022
13.516484
12.254945
9.551648
10.632967
11.353846
7.479121
3.243956
-0.450549
0.090110
0.090110
2.793407
1.982418
6.037363
5.767033
6.578022
4.595604
3.063736
-0.901099
-4.415385
-4.325275
-5.676923
-4.054945
-3.243956
-2.432967
1.621978
7.749451
10.182418
13.786813
12.615385
14.147253
14.597802
11.263736
11.714286
14.327473
13.967033
16.760440
16.670330
18.832967
23.068132
26.312088
24.780220
20.815385
17.751648
12.795604
9.101099
4.865934
1.261538
-5.226374
-6.758242
-11.263736
-12.074725
-10.542857
-10.452747
-6.938462
-5.496703
-3.784615
-5.046154
-3.784615
-3.063736
1.261538
1.712088
-3.063736
4.505495
3.874725
3.694505
5.586813
9.101099
10.632967
8.019780
6.758242
0.180220
-2.613187
-2.973626
-4.235165
-3.694505
-1.982418
-1.441758
-2.162637
1.351648
1.441758
0.720879
-2.252747
-5.496703
-9.281319
-6.938462
-2.432967
-4.956044
-8.740659
-11.263736
-10.452747
-9.010989
-6.487912
-5.947253
-4.956044
-2.162637
-1.531868
-1.261538
-3.874725
-6.397802
-7.659341
-9.101099
-11.534066
-12.795604
-13.246154
-16.580220
-17.030769
-18.832967
-22.347253
-21.356044
-23.789011
-22.707692
-22.437363
-19.373626
-16.760440
-15.498901
-15.769231
-17.210989
-19.013187
-21.085714
-20.184615
-21.175824
-22.617582
-23.248352
-26.582418
-25.681319
-24.690110
-20.364835
-18.652747
-14.687912
-14.417582
-17.481319
-17.391209
-16.850549
-13.606593
-13.426374
-15.228571
-16.670330
-19.914286
-18.562637
-14.778022
-11.984615
-10.092308
-7.749451
-7.118681
-6.307692
-6.397802
-5.316484
-2.523077
-2.883516
-12.975824
-8.560440
-12.435165
-14.147253
-12.975824
-8.560440
-6.487912
-3.694505
-3.514286
-1.531868
-2.252747
1.621978
2.973626
5.947253
8.200000
9.641758
8.920879
13.696703
15.949451
10.182418
22.527473
23.969231
25.140659
27.123077
24.870330
27.753846
30.186813
31.538462
35.593407
30.006593
29.285714
27.393407
27.934066
29.916484
32.529670
38.296703
40.909890
40.819780
34.872527
36.314286
38.927473
42.621978
43.523077
41.450549
39.107692
35.323077
29.375824
26.942857
26.762637
25.951648
28.654945
30.547253
35.232967
41.720879
46.586813
49.650549
51.723077
54.246154
54.606593
55.597802
56.498901
53.705495
50.371429
45.775824
40.459341
34.061538
29.375824
23.789011
17.931868
14.057143
9.101099
5.316484
1.171429
-0.901099
-3.964835
-8.830769
-17.391209
-15.589011
-17.210989
-20.815385
-23.248352
-24.419780
-25.140659
-25.501099
-24.419780
-23.698901
-24.419780
-26.852747
-29.465934
-29.916484
-30.186813
-29.646154
-30.457143
-32.349451
-31.448352
-30.817582
-31.898901
-32.079121
-34.872527
-35.593407
-36.134066
-37.575824
-36.404396
-34.151648
-29.646154
-26.582418
-23.789011
-25.230769
-28.114286
-28.384615
-28.114286
-28.114286
-26.942857
-28.294505
-28.835165
-27.843956
-26.582418
-22.707692
-21.265934
-20.004396
-19.914286
-21.626374
-20.545055
-20.905495
-18.742857
-17.301099
-15.589011
-15.498901
-14.057143
-13.065934
-10.002198
-6.037363
2.162637
4.235165
2.793407
2.342857
2.432967
1.712088
2.793407
3.964835
3.334066
4.595604
4.054945
6.938462
9.641758
14.868132
17.030769
17.481319
15.318681
13.246154
11.984615
9.371429
8.830769
9.821978
10.542857
10.272527
10.903297
14.327473
15.498901
15.769231
15.679121
17.391209
19.463736
17.571429
16.039560
16.039560
13.426374
13.156044
14.327473
12.885714
13.786813
17.301099
17.571429
17.210989
18.292308
19.914286
17.481319
19.283516
16.940659
14.327473
11.984615
10.632967
7.479121
6.127473
6.037363
4.054945
5.226374
5.496703
4.865934
6.487912
6.217582
6.487912
8.380220
11.083516
14.597802
17.571429
20.545055
20.725275
20.815385
19.283516
17.301099
13.967033
11.714286
9.281319
7.208791
5.046154
1.892308
-0.090110
-1.081319
-2.703297
-3.604396
-5.046154
-4.505495
-8.740659
-9.551648
-10.813187
-10.182418
-8.470330
-8.560440
-9.641758
-11.173626
-13.246154
-14.237363
-17.751648
-20.905495
-25.861538
-26.221978
-21.175824
-16.309890
-16.580220
-20.635165
-26.852747
-25.320879
-25.050549
-22.527473
-21.085714
-22.617582
-25.320879
-28.745055
-28.474725
-29.556044
-31.448352
-30.727473
-29.646154
-25.861538
-25.230769
-23.338462
-21.175824
-17.481319
-14.327473
-9.371429
-7.028571
-6.487912
-4.325275
-3.604396
-2.793407
-3.694505
-1.982418
3.243956
7.839560
11.173626
12.615385
14.597802
15.048352
16.580220
19.734066
21.085714
24.509890
26.221978
30.006593
29.465934
31.358242
30.907692
30.006593
28.204396
24.149451
23.428571
22.617582
21.806593
21.085714
20.454945
22.347253
23.158242
27.663736
30.367033
33.160440
36.043956
36.674725
34.151648
27.032967
18.202198
8.290110
4.415385
1.982418
-0.450549
-4.505495
-15.138462
-5.496703
-8.920879
-8.380220
-9.551648
-8.650549
-8.290110
-8.830769
-10.542857
-13.336264
-15.949451
-16.670330
-17.571429
-14.778022
-14.958242
-15.679121
-18.652747
-20.454945
-21.085714
-18.292308
-16.400000
-13.606593
-12.795604
-20.364835
-12.705495
-12.795604
-12.885714
-11.083516
-9.551648
-6.397802
-6.668132
-10.092308
-11.353846
-10.452747
-8.740659
-0.540659
0.810989
-3.153846
-7.749451
-7.028571
-1.712088
5.857143
9.461538
11.624176
9.731868
7.028571
6.668132
7.208791
9.731868
12.435165
11.263736
8.109890
5.136264
4.235165
8.470330
9.731868
12.254945
13.336264
15.769231
16.760440
16.039560
14.237363
12.705495
9.641758
6.938462
2.523077
-2.432967
-3.153846
-2.432967
-1.982418
-2.072527
-2.523077
-2.162637
-4.775824
-3.784615
-3.874725
-1.081319
-0.450549
3.243956
1.982418
-0.991209
2.072527
2.703297
6.217582
12.795604
13.336264
15.048352
12.435165
8.650549
3.694505
4.235165
3.063736
5.857143
8.200000
9.281319
13.876923
14.057143
13.786813
13.786813
13.876923
12.705495
12.074725
12.885714
14.417582
16.760440
18.562637
19.283516
19.103297
14.417582
12.525275
7.749451
9.641758
6.487912
7.298901
6.578022
7.839560
10.542857
11.173626
15.048352
14.057143
14.597802
13.246154
11.083516
9.101099
7.389011
6.307692
4.505495
2.613187
-5.226374
1.441758
3.514286
4.235165
6.487912
3.514286
2.703297
4.054945
4.054945
0.540659
-5.857143
-9.371429
-10.903297
-11.353846
-12.345055
-16.940659
-13.426374
-14.778022
-13.696703
-14.687912
-13.876923
-17.481319
-17.751648
-19.824176
-19.103297
-18.562637
-15.859341
-14.237363
-13.156044
-12.615385
-10.452747
-7.929670
-13.336264
-3.604396
-1.982418
-1.351648
-1.892308
-6.848352
-7.208791
-7.839560
-7.569231
-6.938462
-6.578022
-6.578022
-6.037363
-3.964835
-6.758242
-3.604396
-1.261538
-2.162637
-3.424176
-5.316484
-7.028571
-8.830769
-6.307692
-5.046154
-2.252747
-2.613187
-3.784615
-5.316484
-4.685714
-4.145055
-3.424176
-5.226374
-8.019780
-8.560440
-8.830769
-8.109890
-3.694505
0.720879
2.793407
5.767033
5.676923
3.604396
3.153846
3.424176
3.063736
1.982418
-0.630769
-4.865934
-8.650549
-11.083516
-14.417582
-15.589011
-14.958242
-12.885714
-10.182418
-9.010989
-8.380220
-3.784615
-2.793407
0.360440
2.793407
3.964835
1.351648
1.531868
2.342857
3.604396
6.127473
4.415385
5.046154
4.054945
5.586813
8.650549
10.723077
19.734066
20.635165
19.373626
17.120879
21.446154
21.446154
20.725275
20.274725
15.589011
11.714286
6.397802
4.865934
0.901099
0.450549
0.991209
-1.081319
-1.081319
-1.171429
-0.901099
-1.081319
0.810989
-0.360440
-4.145055
-5.676923
-6.848352
-10.632967
-13.246154
-16.400000
-18.292308
-17.481319
-15.589011
-13.876923
-12.525275
-9.191209
-6.127473
-5.046154
-6.127473
-6.127473
-6.848352
-3.784615
-4.054945
-0.901099
1.621978
3.694505
4.415385
0.540659
-4.865934
-9.731868
-14.868132
-15.769231
-14.778022
-12.705495
-9.101099
-7.929670
-4.325275
0.991209
1.982418
2.973626
2.162637
-1.712088
-1.982418
-2.523077
-0.810989
-3.424176
-0.540659
1.081319
1.892308
1.531868
1.351648
-0.090110
0.090110
-2.793407
-4.054945
-3.694505
0.540659
1.081319
4.775824
4.775824
5.586813
8.290110
7.659341
6.758242
2.703297
3.424176
0.270330
1.261538
1.531868
0.630769
1.441758
2.072527
2.883516
7.389011
10.182418
17.030769
18.202198
14.597802
10.903297
8.470330
5.406593
4.685714
1.892308
5.586813
8.109890
10.723077
12.615385
9.551648
10.272527
7.208791
6.217582
5.136264
4.865934
4.145055
2.432967
0.540659
1.351648
-1.441758
-4.505495
-4.505495
-7.839560
-10.272527
-16.580220
-20.364835
-26.312088
-22.076923
-21.085714
-20.094505
-16.670330
-17.210989
-15.949451
-13.426374
-10.542857
-7.208791
-7.929670
-9.551648
-12.345055
-13.426374
-13.156044
-8.650549
-6.578022
-3.964835
0.180220
2.072527
5.406593
9.371429
10.903297
13.606593
11.624176
1.081319
6.578022
3.694505
3.784615
5.947253
5.947253
5.406593
6.037363
7.208791
11.984615
15.048352
17.661538
18.021978
19.013187
19.643956
17.751648
17.841758
18.832967
18.202198
19.013187
16.219780
16.760440
14.507692
14.597802
13.336264
14.507692
12.795604
11.083516
7.569231
5.136264
5.136264
4.235165
7.028571
8.650549
9.010989
12.795604
13.876923
14.237363
13.156044
10.092308
4.505495
-1.351648
-5.947253
-6.578022
-5.676923
-9.641758
-11.894505
-14.147253
-13.156044
-13.156044
-10.542857
-9.731868
-8.019780
-6.037363
-3.694505
-3.784615
-2.973626
-9.191209
-9.731868
-12.525275
-13.876923
-13.606593
-12.435165
-11.443956
-9.731868
-8.200000
-8.470330
-5.406593
-6.307692
-7.569231
-11.894505
-15.138462
-15.769231
-17.210989
-14.687912
-12.705495
-10.542857
-8.920879
-5.947253
-3.604396
-3.874725
-2.072527
-1.802198
0.180220
0.630769
-0.270330
-0.810989
-1.892308
-4.325275
-7.839560
-10.452747
-13.696703
-14.507692
-13.065934
-12.705495
-10.092308
-5.046154
-1.531868
2.342857
2.703297
4.685714
3.874725
-5.226374
6.307692
9.461538
10.452747
12.705495
18.652747
21.085714
23.068132
22.707692
23.879121
24.329670
21.806593
21.626374
20.545055
17.751648
19.824176
24.600000
27.213187
27.213187
29.646154
24.149451
21.446154
17.661538
16.490110
15.589011
18.832967
17.391209
15.498901
16.670330
15.949451
12.705495
13.156044
9.821978
8.560440
11.173626
12.705495
13.786813
15.498901
17.391209
15.498901
15.318681
19.824176
18.652747
14.057143
8.109890
2.252747
1.712088
0.810989
1.712088
1.712088
3.063736
4.865934
5.496703
3.694505
-0.270330
-3.784615
-7.479121
-11.083516
-14.327473
-17.301099
-16.760440
-15.408791
-11.173626
-9.641758
-4.505495
-3.694505
-3.243956
-4.595604
-4.956044
-6.668132
-11.173626
-12.164835
-15.498901
-18.742857
-19.553846
-18.472527
-13.065934
-9.461538
-5.226374
-3.784615
-3.694505
-8.109890
-9.010989
-14.417582
-12.435165
-14.417582
-12.525275
-11.534066
-6.758242
-3.694505
-0.360440
-0.901099
-8.380220
-13.606593
-19.553846
-20.725275
-17.841758
-12.525275
-7.118681
0.090110
4.956044
8.650549
10.813187
11.534066
6.578022
0.991209
-4.235165
-7.389011
-8.650549
-7.389011
-5.676923
-6.578022
-7.298901
-10.452747
-13.065934
-16.940659
-18.292308
-20.815385
-19.914286
-19.193407
-16.670330
-11.624176
-7.659341
-5.046154
-2.883516
1.892308
5.767033
6.037363
5.136264
2.883516
-1.081319
-3.694505
-5.947253
-8.019780
-7.479121
-10.272527
-14.327473
-17.841758
-20.635165
-20.545055
-20.364835
-17.210989
-17.931868
-15.679121
-14.868132
-13.876923
-14.687912
-15.498901
-12.885714
-10.272527
-11.353846
-12.345055
-14.237363
-15.138462
-16.400000
-14.417582
-13.065934
-10.002198
-8.200000
-5.676923
-3.784615
-1.171429
3.694505
9.010989
8.560440
9.551648
5.496703
3.784615
0.360440
-1.621978
-2.162637
-0.630769
0.270330
1.261538
-0.810989
-0.991209
-0.090110
2.523077
2.342857
5.676923
5.496703
5.586813
3.063736
-1.081319
-1.531868
-0.540659
0.630769
5.046154
8.109890
11.624176
13.426374
17.120879
18.923077
23.969231
26.672527
29.105495
30.997802
31.628571
29.646154
28.745055
26.852747
28.384615
26.582418
27.483516
30.547253
32.529670
32.709890
29.465934
30.096703
27.573626
27.123077
30.186813
28.835165
29.375824
28.474725
26.582418
23.879121
22.076923
16.940659
14.687912
16.940659
17.751648
16.219780
16.039560
13.156044
9.821978
9.101099
10.813187
11.894505
15.408791
15.498901
15.498901
13.696703
11.804396
8.830769
5.947253
4.325275
0.991209
-4.415385
-7.659341
-11.173626
-12.074725
-12.795604
-11.894505
-11.353846
-10.903297
-13.065934
-13.967033
-14.778022
-13.426374
-9.731868
-10.182418
-13.426374
-15.769231
-19.734066
-19.734066
-18.021978
-14.958242
-12.254945
-11.984615
-10.542857
-9.912088
-12.345055
-14.597802
-16.760440
-17.210989
-17.931868
-19.734066
-20.815385
-19.914286
-20.184615
-20.905495
-21.986813
-20.364835
-18.832967
-18.742857
-17.931868
-18.832967
-21.536264
-23.158242
-21.175824
-19.734066
-16.309890
-14.597802
-12.345055
-9.191209
-9.641758
-7.389011
-9.101099
-11.443956
-11.624176
-12.345055
-9.551648
-6.578022
-2.973626
0.270330
2.252747
1.621978
2.432967
-0.901099
0.270330
1.531868
3.243956
2.703297
3.243956
-3.874725
2.703297
-0.450549
-1.621978
-4.415385
-4.956044
-3.424176
-2.252747
-0.270330
1.351648
5.136264
4.505495
8.019780
8.650549
11.714286
13.696703
13.065934
9.641758
10.542857
9.101099
11.624176
13.246154
17.210989
19.373626
21.085714
21.446154
21.896703
24.149451
22.257143
22.347253
18.021978
16.670330
15.949451
14.417582
11.804396
12.254945
11.894505
9.731868
9.371429
9.551648
7.118681
5.767033
5.406593
2.432967
0.270330
-2.342857
-0.991209
-0.630769
1.802198
3.964835
6.127473
7.479121
7.479121
8.650549
7.118681
5.767033
6.578022
5.586813
3.334066
0.991209
-0.180220
2.072527
4.595604
4.145055
1.621978
-1.261538
-1.892308
-1.081319
-0.090110
0.630769
4.865934
5.586813
-4.415385
1.171429
-0.090110
-4.235165
-7.208791
-8.290110
-10.182418
-12.975824
-12.435165
-12.705495
-13.065934
-10.362637
-8.650549
-4.956044
-1.802198
0.630769
2.342857
0.540659
1.351648
2.252747
1.261538
-0.810989
0.360440
1.081319
3.604396
5.136264
4.595604
5.586813
5.496703
3.964835
-2.072527
-5.406593
-10.993407
-13.516484
-13.426374
-11.263736
-8.740659
-7.028571
-3.874725
-3.514286
-1.081319
1.892308
6.127473
9.101099
9.551648
9.731868
10.092308
8.200000
5.316484
3.784615
3.153846
4.505495
6.668132
8.830769
12.615385
13.696703
13.786813
15.408791
18.382418
17.481319
15.859341
12.435165
10.632967
9.641758
9.191209
9.461538
10.002198
11.624176
13.156044
14.327473
17.661538
19.824176
20.454945
20.815385
19.914286
18.472527
15.859341
14.868132
11.443956
8.380220
8.109890
6.578022
2.162637
0.090110
0.450549
-2.613187
-3.964835
-5.496703
-9.371429
-11.173626
-13.967033
-15.138462
-16.850549
-20.094505
-19.734066
-21.986813
-22.978022
-24.870330
-25.951648
-23.969231
-25.050549
-25.681319
-23.068132
-20.905495
-19.103297
-16.129670
-12.975824
-9.371429
-9.101099
-7.569231
-6.487912
-6.397802
-5.586813
-5.586813
-2.613187
0.540659
5.857143
4.145055
-0.180220
-1.712088
-5.316484
-6.127473
-6.758242
-4.145055
-3.334066
-2.613187
-1.621978
-4.775824
-5.857143
-6.848352
-6.307692
-5.947253
-2.703297
-1.802198
-0.450549
0.270330
-2.252747
-1.802198
-2.793407
-0.540659
-2.703297
-0.991209
-2.793407
1.351648
1.441758
2.162637
2.432967
1.261538
3.153846
2.162637
2.793407
2.432967
2.793407
3.424176
3.514286
2.793407
0.810989
0.450549
0.901099
3.153846
3.604396
4.595604
4.595604
6.397802
5.767033
4.325275
5.046154
5.046154
5.136264
9.641758
13.876923
14.597802
18.472527
17.571429
16.400000
16.670330
17.120879
18.562637
20.545055
22.076923
24.509890
22.437363
19.734066
15.679121
14.687912
11.894505
10.452747
11.534066
2.703297
8.830769
6.848352
5.316484
2.252747
0.000000
0.720879
-0.540659
0.720879
-1.351648
-0.991209
-3.874725
-4.145055
-3.964835
-3.514286
-3.964835
-3.153846
-2.523077
-1.982418
-0.360440
-1.531868
-5.316484
-8.380220
-10.632967
-9.461538
-5.676923
-5.676923
-2.523077
0.450549
-0.180220
-2.613187
-1.621978
-0.901099
-0.810989
0.360440
2.432967
5.316484
7.028571
6.668132
6.938462
6.938462
5.496703
4.865934
4.325275
3.153846
1.982418
1.531868
2.072527
3.153846
6.037363
7.749451
9.281319
11.173626
11.173626
10.813187
9.912088
11.894505
9.912088
14.687912
13.336264
10.813187
9.191209
3.874725
2.252747
2.342857
3.874725
5.586813
6.127473
10.542857
12.435165
14.147253
15.498901
16.940659
18.202198
18.021978
15.048352
12.254945
8.200000
5.226374
4.235165
2.613187
4.685714
5.046154
5.586813
6.938462
5.767033
6.217582
5.586813
6.127473
5.947253
6.668132
6.938462
5.046154
2.432967
-0.810989
-3.243956
-4.145055
-4.325275
-4.235165
-5.676923
-7.569231
-11.714286
-11.353846
-12.074725
-12.435165
-12.435165
-11.443956
-10.182418
-10.182418
-8.019780
-10.993407
-11.534066
-11.804396
-11.534066
-10.632967
-8.920879
-7.749451
-5.406593
-6.487912
-6.397802
-7.479121
-7.839560
-8.109890
-6.397802
-4.054945
-3.063736
-4.054945
-4.685714
-6.758242
-7.749451
-8.920879
-10.092308
-10.542857
-10.002198
-14.327473
-10.813187
-11.714286
-10.723077
-9.912088
-7.208791
-4.145055
-3.964835
-2.793407
-1.712088
-3.964835
-4.595604
-6.578022
-9.371429
-10.903297
-11.353846
-14.417582
-15.318681
-14.868132
-11.353846
-9.821978
-8.290110
-5.406593
-3.424176
-0.090110
4.865934
5.767033
7.569231
8.200000
5.226374
6.217582
1.802198
2.613187
0.360440
-3.153846
-3.964835
-5.136264
-2.342857
0.540659
1.531868
1.892308
3.063736
2.252747
0.000000
-0.540659
-2.703297
-4.595604
-6.938462
-10.362637
-10.452747
-7.569231
-8.109890
-10.002198
-11.534066
-11.804396
-12.074725
-12.705495
-11.804396
-11.534066
-13.336264
-14.597802
-14.417582
-12.254945
-12.705495
-11.534066
-13.876923
-8.740659
-6.578022
-7.298901
-7.028571
-7.749451
-9.731868
-10.723077
-12.345055
-14.778022
-17.481319
-19.643956
-21.085714
-22.617582
-22.707692
-22.797802
-23.338462
-22.167033
-20.004396
-18.112088
-15.769231
-12.435165
-9.551648
-6.217582
-4.054945
-1.441758
1.171429
2.523077
2.432967
3.874725
1.982418
-0.090110
-1.712088
-4.685714
-6.397802
-8.920879
-9.010989
-7.659341
-4.685714
-2.523077
-0.090110
2.883516
3.694505
2.883516
5.496703
3.243956
4.685714
3.964835
4.595604
1.892308
0.540659
-2.342857
-1.261538
-0.720879
0.270330
1.261538
3.874725
3.604396
1.531868
1.441758
0.901099
2.072527
2.432967
4.054945
4.595604
6.217582
7.208791
8.200000
8.019780
8.380220
10.723077
12.615385
14.868132
15.408791
17.841758
18.202198
17.301099
18.652747
14.868132
15.408791
15.498901
16.039560
12.435165
11.534066
11.083516
9.551648
8.740659
8.920879
9.731868
11.984615
15.589011
15.228571
15.138462
14.057143
9.191209
5.586813
3.874725
3.514286
2.072527
3.424176
8.560440
11.804396
12.885714
12.345055
10.002198
12.975824
15.228571
16.850549
18.562637
20.635165
22.707692
24.059341
22.076923
22.167033
21.446154
13.065934
23.608791
25.951648
27.393407
29.556044
