-8.473748
-11.439560
-11.015873
-11.524298
-10.931136
-10.168498
-8.727961
-10.846398
-6.694261
-7.880586
-2.965812
-1.101587
7.287424
7.117949
9.151648
2.711600
7.033211
2.965812
7.965324
4.745299
3.135287
-0.508425
1.186325
-1.016850
0.677900
-3.135287
4.321612
-0.508425
0.932112
-3.643712
-0.932112
-6.524786
-4.745299
-8.982173
0.338950
-2.796337
4.067399
0.169475
7.880586
4.660562
7.117949
0.762637
14.913797
10.846398
10.846398
2.542125
2.796337
-1.948962
2.372650
0.423687
6.355311
3.135287
7.541636
4.236874
9.405861
4.491087
8.558486
4.575824
6.863736
1.610012
5.507937
0.762637
3.728449
-0.084737
5.762149
-0.508425
3.220024
-1.779487
2.626862
-2.796337
1.440537
-1.779487
4.491087
4.745299
11.524298
10.253236
13.303785
11.439560
13.219048
6.524786
8.643223
5.423199
6.524786
4.491087
7.626374
6.524786
8.558486
5.592674
8.134799
5.507937
9.405861
10.253236
14.405372
13.812210
13.303785
8.897436
9.914286
6.270574
7.372161
4.745299
2.626862
-0.762637
-0.847375
-6.270574
-6.016361
-9.999023
-9.999023
-9.999023
-10.761661
-16.439072
-19.320147
-20.845421
-19.404884
-20.760684
-16.184860
-12.202198
-14.913797
-19.320147
-21.692796
-22.794383
-22.370696
-20.506471
-17.879609
-10.253236
-13.812210
-16.015385
-17.371184
-15.591697
-14.998535
-8.982173
-1.694750
3.897924
2.203175
1.610012
0.254212
1.864225
4.914774
10.761661
13.134310
12.202198
4.575824
2.372650
-1.355800
-2.203175
-0.338950
1.864225
-1.440537
-0.508425
-3.982662
-4.660562
-7.795849
-6.270574
-3.135287
1.525275
0.169475
2.118437
-0.254212
-3.220024
-8.134799
-8.050061
-11.015873
-6.778999
-7.795849
-6.270574
-8.304274
-8.050061
-11.609035
-11.693773
-14.574847
-14.066422
-16.269597
-11.439560
-10.761661
-5.592674
-5.931624
-3.389499
-6.948474
-0.254212
-1.271062
2.881074
-1.016850
1.610012
-1.610012
4.914774
2.118437
7.711111
7.372161
12.032723
8.727961
12.880098
10.083761
14.320635
10.507448
17.625397
14.829060
17.794872
14.235897
17.964347
14.320635
18.218559
13.812210
14.066422
7.372161
10.168498
4.999512
6.524786
2.881074
6.694261
3.558974
5.084249
-3.897924
-3.474237
-8.643223
-5.762149
-9.660073
-4.999512
-8.643223
-8.389011
-13.049573
-12.286935
-18.218559
-15.506960
-17.455922
-14.574847
-16.778022
-13.134310
-18.472772
-17.879609
-20.421734
-17.710134
-22.455433
-17.964347
-20.506471
-17.710134
-18.981197
-15.422222
-14.490110
-7.711111
-8.219536
-6.524786
-11.354823
-7.626374
-9.405861
-3.813187
-0.423687
4.914774
1.694750
6.270574
2.118437
3.135287
-2.965812
-2.372650
-7.711111
1.440537
0.508425
3.897924
0.338950
0.847375
-1.525275
4.321612
2.118437
6.185836
3.643712
6.016361
2.372650
6.948474
6.440049
12.117460
14.829060
18.811722
13.727473
13.388523
7.287424
5.507937
4.152137
8.473748
7.117949
12.880098
11.947985
15.168010
9.066911
10.337973
4.067399
6.440049
5.423199
5.846886
2.881074
6.778999
7.287424
12.286935
11.270085
12.117460
11.863248
15.337485
12.880098
14.235897
13.981685
16.269597
15.252747
17.625397
16.100122
16.778022
14.151160
16.693284
17.201709
18.472772
17.286447
19.913309
21.099634
21.438584
18.557509
19.150672
14.235897
12.880098
9.999023
10.083761
5.846886
6.101099
2.965812
-0.338950
-4.830037
-8.050061
-11.185348
-10.337973
-14.574847
-14.235897
-14.574847
-13.134310
-13.303785
-14.066422
-15.506960
-12.456410
-11.609035
-10.253236
-12.456410
-10.253236
-11.015873
-8.812698
-10.253236
-7.033211
-7.372161
-5.338462
-7.117949
-7.033211
-7.626374
-6.440049
-7.372161
-3.982662
-2.203175
0.423687
-1.694750
-2.542125
-4.067399
-3.897924
-3.728449
-1.948962
-2.457387
0.847375
-0.508425
-0.508425
-1.271062
-0.084737
-1.610012
-2.118437
-5.168987
-3.813187
-4.236874
-2.542125
-2.457387
-2.457387
-2.542125
-0.338950
2.711600
8.558486
13.557998
17.455922
21.184371
22.963858
23.472283
22.116484
18.133822
12.117460
7.117949
4.321612
2.118437
-1.186325
-4.321612
-9.236386
-9.321123
-13.812210
-13.219048
-16.608547
-13.219048
-15.591697
-12.371673
-12.964835
-4.914774
-7.711111
-1.440537
-0.762637
3.813187
1.355800
-0.169475
-4.491087
-1.694750
-3.982662
-1.101587
-3.813187
-0.508425
-3.135287
-2.203175
-5.677411
-1.779487
-4.152137
-1.440537
-6.016361
-4.321612
-8.727961
-6.185836
-10.337973
-9.405861
-12.880098
-8.812698
-12.032723
-8.982173
-13.303785
-11.439560
-14.151160
-10.846398
-12.625885
-10.083761
-11.609035
-5.592674
-8.897436
-6.270574
-9.490598
-5.592674
-8.897436
-4.914774
-6.948474
-3.982662
-7.711111
-2.881074
-3.474237
3.135287
1.779487
5.762149
1.864225
2.287912
-1.694750
2.711600
2.033700
7.965324
3.982662
7.117949
4.321612
9.490598
7.287424
14.659585
10.676923
13.049573
7.202686
10.507448
6.948474
5.931624
6.185836
13.303785
9.914286
14.490110
11.778510
15.761172
14.320635
20.167521
20.675946
27.624420
27.370208
31.946032
30.590232
32.369719
27.454945
32.030769
27.200733
26.607570
21.608059
22.963858
19.743834
19.489621
15.930647
19.235409
15.845910
17.032234
11.693773
11.354823
4.067399
6.863736
0.677900
3.982662
0.169475
-1.355800
-6.948474
-9.236386
-20.252259
-21.184371
-23.472283
-17.710134
-21.014896
-20.930159
-24.658608
-25.251770
-31.098657
-27.454945
-27.370208
-21.523321
-22.370696
-21.353846
-23.811233
-21.353846
-23.980708
-19.489621
-12.880098
-9.490598
-9.744811
-6.016361
-9.490598
-7.626374
-11.524298
-6.863736
-4.745299
-2.796337
-6.185836
-7.795849
-14.913797
-15.591697
-16.354335
-10.253236
-9.236386
-5.846886
-7.456899
-8.304274
-13.219048
-10.083761
-7.202686
-0.677900
6.863736
12.456410
15.930647
18.981197
19.828571
23.048596
23.133333
25.929670
22.709646
20.591209
15.506960
12.032723
9.744811
5.677411
1.525275
-1.525275
-5.253724
-6.694261
-8.558486
-8.897436
-10.083761
-10.676923
-13.303785
-15.506960
-16.947497
-14.913797
-14.490110
-11.778510
-11.609035
-8.558486
-7.202686
-7.541636
-6.185836
-5.423199
-6.440049
-5.677411
-6.524786
-7.117949
-6.948474
-3.304762
-3.728449
-0.593162
-0.169475
1.440537
2.626862
4.321612
4.830037
4.491087
-0.169475
-2.033700
-3.897924
-1.440537
-3.728449
-1.186325
-2.881074
1.525275
1.525275
6.185836
8.643223
12.964835
11.354823
12.964835
10.846398
10.761661
7.626374
5.762149
1.864225
1.694750
-1.186325
-0.084737
-6.355311
-4.491087
-6.355311
-5.931624
-3.135287
0.254212
3.643712
4.660562
4.745299
4.914774
4.830037
3.304762
2.203175
0.593162
-0.762637
-1.271062
-0.932112
-1.271062
-0.847375
-2.881074
-0.932112
-1.271062
1.779487
0.847375
7.880586
6.863736
10.931136
7.880586
9.236386
4.914774
8.473748
5.423199
10.676923
6.948474
14.829060
12.286935
17.201709
12.880098
13.134310
8.304274
8.982173
4.491087
7.117949
0.677900
2.881074
-3.304762
-0.932112
-6.609524
-1.948962
-6.101099
-0.762637
-2.711600
2.287912
0.677900
3.389499
-2.881074
-3.304762
-10.083761
-11.609035
-14.913797
-14.320635
-16.100122
-11.947985
-12.032723
-8.134799
-6.440049
-2.457387
-1.186325
0.000000
0.254212
1.186325
-1.186325
-4.830037
-8.050061
-14.235897
-18.388034
-22.540171
-22.370696
-22.963858
-20.760684
-20.591209
-17.116972
-23.048596
-15.845910
-17.625397
-14.320635
-16.184860
-15.168010
-17.371184
-16.184860
-22.116484
-19.489621
-20.421734
-14.405372
-14.151160
-9.321123
-9.321123
-4.152137
-6.440049
-2.626862
-6.185836
-1.610012
-2.881074
2.711600
2.457387
9.914286
8.473748
12.541148
7.711111
8.219536
1.694750
0.677900
-3.389499
-1.779487
-4.236874
0.338950
-2.287912
2.626862
1.948962
6.863736
3.728449
6.440049
2.457387
5.846886
2.033700
4.914774
4.067399
7.965324
6.101099
8.473748
7.372161
8.558486
5.253724
6.016361
1.694750
0.847375
-4.745299
-6.016361
-9.575336
-8.134799
-9.999023
-5.168987
-3.643712
-0.847375
-1.271062
0.423687
3.643712
8.558486
7.117949
9.066911
3.643712
0.000000
-3.474237
-2.542125
-5.677411
-0.593162
-0.762637
1.440537
3.897924
8.558486
7.456899
8.897436
4.660562
6.524786
5.507937
6.694261
4.830037
6.694261
5.677411
7.456899
7.287424
11.947985
15.930647
22.031746
24.319658
26.861783
26.353358
27.709158
24.912821
25.251770
19.913309
19.828571
13.388523
14.913797
12.371673
12.625885
5.762149
5.338462
-0.847375
-2.287912
-4.067399
-3.389499
-4.745299
0.000000
0.169475
4.491087
3.304762
5.677411
2.965812
4.067399
-0.423687
4.999512
6.524786
11.778510
12.710623
11.778510
6.524786
6.270574
-0.423687
-0.593162
0.423687
7.033211
10.507448
13.896947
12.371673
11.693773
9.236386
14.913797
17.032234
16.693284
12.625885
6.016361
0.762637
-2.372650
-4.067399
-3.897924
-3.304762
0.593162
3.643712
6.355311
8.134799
8.219536
7.372161
3.897924
-1.779487
-6.863736
-8.473748
-11.270085
-9.405861
-10.168498
-5.423199
-5.762149
-3.135287
-2.457387
-0.254212
-5.677411
-4.914774
-8.134799
-2.287912
-1.864225
-1.864225
-2.033700
-0.762637
-6.016361
-6.778999
-2.457387
3.389499
1.271062
4.236874
1.101587
3.389499
-4.914774
-2.796337
-5.677411
-0.762637
-3.897924
-1.101587
-5.507937
-9.151648
-17.794872
-15.761172
-18.472772
-13.303785
-15.930647
-9.490598
-13.727473
-12.880098
-23.472283
-19.065934
-18.811722
-12.964835
-15.845910
-12.625885
-15.337485
-14.066422
-21.353846
-15.591697
-13.303785
-8.558486
-7.117949
-1.948962
-8.473748
-5.762149
-9.490598
-2.287912
-6.694261
-1.355800
-4.321612
-4.745299
-9.490598
-3.982662
-3.813187
3.728449
4.152137
10.507448
8.050061
10.168498
4.914774
6.524786
4.067399
9.405861
10.083761
16.778022
16.439072
17.032234
13.812210
17.625397
17.116972
22.794383
23.387546
23.387546
19.404884
11.693773
11.354823
12.032723
9.236386
12.541148
10.253236
10.507448
6.101099
6.948474
3.220024
3.389499
0.338950
5.338462
4.575824
4.999512
1.355800
4.152137
1.694750
2.542125
-0.254212
-1.864225
-1.101587
-0.847375
-6.609524
-6.694261
-6.863736
-2.287912
-2.965812
-0.677900
-4.067399
-2.881074
-5.084249
-4.830037
-6.778999
-4.830037
-10.761661
-8.134799
-9.321123
-8.389011
-8.134799
-4.660562
-3.558974
-6.948474
1.186325
3.643712
1.271062
1.101587
-4.745299
-6.778999
-9.066911
-8.389011
-12.541148
-10.931136
-13.388523
-11.354823
-11.863248
-8.050061
-6.948474
-1.101587
-0.762637
3.050549
-11.015873
-4.236874
-10.422711
-10.761661
-13.473260
-8.812698
-11.185348
-9.575336
-10.846398
-9.405861
-13.049573
-10.846398
-14.235897
-10.592186
-12.541148
-11.015873
-13.812210
-12.202198
-14.405372
-11.947985
-13.642735
-9.744811
-11.693773
-10.592186
-13.303785
-10.761661
-13.049573
-12.625885
-15.591697
-12.117460
-14.574847
-12.202198
-13.981685
-11.354823
-12.964835
-10.676923
-12.286935
-9.066911
-11.947985
-11.270085
-12.880098
-12.795360
-9.914286
-10.422711
-12.286935
-12.371673
-15.422222
-16.269597
-19.828571
-23.133333
-23.726496
-28.641270
-32.369719
-35.166056
-35.589744
-36.352381
-34.657631
-35.081319
-31.607082
-33.047619
-28.895482
-28.556532
-23.811233
-22.455433
-15.591697
-11.100611
-6.355311
-6.948474
-1.864225
-3.897924
0.254212
-2.796337
-1.101587
-2.033700
1.271062
-1.271062
3.304762
1.440537
9.066911
9.660073
15.168010
11.693773
17.116972
12.795360
17.116972
14.744322
19.489621
15.083272
18.811722
14.151160
16.523810
11.439560
14.998535
9.999023
15.506960
13.642735
18.218559
15.930647
17.964347
12.880098
13.473260
9.321123
12.710623
9.999023
13.049573
8.812698
7.626374
9.744811
13.727473
12.880098
14.151160
10.083761
14.151160
9.151648
14.405372
11.609035
14.829060
9.575336
12.964835
7.372161
9.405861
3.643712
4.406349
2.372650
9.829548
-0.762637
8.050061
0.508425
-0.169475
-6.524786
-3.643712
-5.253724
0.423687
0.084737
6.609524
5.084249
10.168498
7.372161
12.964835
10.422711
17.540659
16.184860
21.608059
18.218559
19.574359
16.100122
18.472772
10.931136
14.151160
9.914286
12.371673
9.236386
12.202198
6.355311
10.592186
6.524786
9.490598
4.999512
8.304274
3.813187
5.168987
-0.593162
-0.169475
0.000000
6.016361
5.423199
12.202198
11.354823
16.354335
13.812210
19.489621
18.218559
24.150183
20.591209
20.082784
14.913797
13.981685
8.473748
11.100611
8.812698
14.490110
11.524298
13.642735
5.931624
5.507937
0.593162
4.321612
1.525275
3.304762
0.762637
3.135287
-2.203175
-4.830037
-1.271062
4.236874
2.965812
6.694261
3.558974
2.287912
-3.813187
-1.525275
-4.830037
2.118437
-0.084737
5.338462
2.965812
4.745299
0.338950
-2.372650
-8.897436
-6.270574
-8.473748
-5.084249
-8.050061
-6.270574
-8.389011
-4.999512
-7.287424
-2.372650
-2.203175
0.508425
-4.236874
-1.355800
-6.694261
-6.863736
-12.202198
-8.050061
-9.151648
-4.830037
-9.660073
-8.643223
-12.795360
-9.490598
-11.947985
-4.660562
-4.067399
-0.423687
-3.982662
-2.203175
-6.609524
-3.982662
-6.948474
-0.254212
1.440537
5.592674
2.203175
3.474237
-0.593162
0.169475
-1.610012
2.118437
2.542125
7.287424
4.491087
4.660562
0.254212
2.626862
1.355800
6.016361
9.066911
12.117460
6.270574
5.423199
-1.948962
-4.914774
-7.202686
-4.660562
-2.796337
1.271062
-2.881074
-5.423199
-7.711111
-6.524786
-5.423199
0.677900
8.219536
11.693773
7.287424
-1.101587
-4.575824
-11.354823
-15.252747
-14.405372
-8.812698
-5.507937
-6.185836
-7.795849
-8.558486
-10.168498
-7.456899
-3.558974
3.558974
4.745299
7.711111
4.491087
2.118437
-3.474237
-8.050061
-9.575336
-7.795849
-7.202686
-7.965324
-10.507448
-15.168010
-17.794872
-18.557509
-16.354335
-11.947985
-6.440049
-4.152137
-6.863736
-7.202686
-11.185348
-8.982173
-7.033211
-3.813187
-5.168987
-7.372161
-10.507448
-11.524298
-12.541148
-9.744811
-8.558486
-7.626374
-6.778999
-8.812698
-12.880098
-14.490110
-15.168010
-13.388523
-12.964835
-12.117460
-13.981685
-12.880098
-15.591697
-14.574847
-16.778022
-15.422222
-14.744322
-10.931136
-10.846398
-9.236386
-10.846398
-10.422711
-12.795360
-12.286935
-12.371673
-10.676923
-11.015873
-10.507448
-10.761661
-10.337973
-13.981685
-13.134310
-13.219048
-12.371673
-10.253236
-6.694261
-8.134799
-8.389011
-7.795849
-6.948474
-8.389011
-6.270574
-6.101099
-4.406349
-4.575824
-3.897924
-5.253724
-4.660562
-3.728449
-3.135287
-5.338462
-3.558974
-1.610012
5.084249
8.982173
10.846398
14.913797
19.235409
23.048596
27.115995
28.641270
31.013919
32.200244
32.623932
31.522344
32.793407
31.607082
32.878144
33.725519
31.437607
29.997070
28.132845
26.607570
24.997558
24.997558
23.980708
23.726496
22.963858
22.963858
22.031746
20.675946
18.981197
16.439072
13.303785
11.270085
9.066911
11.778510
12.541148
14.151160
12.541148
14.235897
11.015873
10.507448
7.626374
7.965324
3.558974
2.626862
1.525275
1.440537
0.847375
1.779487
4.152137
6.863736
5.931624
6.948474
5.168987
5.168987
5.592674
5.168987
5.592674
7.372161
8.897436
11.778510
14.574847
17.879609
19.489621
22.624908
26.946520
29.573382
30.759707
31.098657
24.404396
32.539194
33.979731
33.640781
33.047619
31.268132
32.793407
31.013919
31.522344
31.607082
29.658120
28.217582
26.268620
22.624908
21.438584
19.065934
19.574359
15.506960
13.981685
9.575336
4.745299
-1.525275
-5.253724
-11.863248
-12.286935
-13.812210
-12.456410
-14.320635
-12.964835
-17.455922
-16.778022
-21.353846
-20.760684
-23.133333
-23.980708
-26.438095
-23.726496
-26.861783
-23.811233
-26.268620
-22.624908
-24.319658
-20.167521
-21.099634
-16.523810
-17.455922
-13.981685
-15.422222
-12.286935
-14.405372
-10.931136
-13.896947
-16.100122
-22.201221
-20.506471
-21.777534
-19.659096
-21.523321
-17.286447
-22.201221
-19.913309
-23.980708
-27.031258
-31.183394
-30.759707
-32.454457
-29.997070
-32.454457
-30.505495
-33.894994
-27.963370
-28.217582
-22.963858
-18.388034
-14.490110
-15.506960
-13.219048
-14.235897
-10.422711
-10.592186
-8.389011
-6.694261
-5.931624
-6.778999
-5.762149
-5.762149
-4.830037
-3.220024
-0.847375
2.372650
4.321612
1.186325
-1.186325
-3.050549
-5.168987
-4.321612
-4.152137
-4.575824
-4.914774
-6.101099
-7.626374
-7.117949
-6.185836
-6.524786
-10.337973
-13.812210
-15.676435
-17.032234
-16.354335
-16.184860
-14.829060
-17.964347
-15.761172
-14.320635
-11.524298
-8.473748
-3.728449
-0.423687
0.169475
-1.525275
-3.050549
-3.728449
-5.677411
-5.253724
-5.762149
-7.287424
-9.490598
-11.015873
-16.015385
-18.218559
-17.540659
-17.032234
-15.930647
-14.320635
-14.574847
-9.405861
-5.677411
0.169475
1.271062
6.016361
5.168987
5.168987
5.423199
8.558486
11.693773
17.032234
21.099634
25.675458
28.387057
31.437607
30.166545
33.386569
27.878632
26.861783
22.285958
22.116484
16.439072
17.201709
11.100611
11.693773
8.473748
10.253236
6.524786
13.727473
10.676923
16.015385
16.269597
23.557021
24.743346
29.997070
29.912332
31.946032
27.454945
27.709158
23.387546
25.167033
22.285958
24.234921
21.269109
22.794383
15.761172
15.591697
8.558486
10.083761
4.830037
9.914286
7.626374
9.066911
1.694750
0.169475
-1.101587
-0.593162
-3.897924
-0.847375
-5.846886
-3.135287
-5.338462
-2.033700
-2.881074
-1.271062
-1.186325
0.593162
-0.762637
1.440537
0.423687
1.948962
-2.203175
-3.728449
-6.185836
-5.846886
-7.965324
-6.524786
-7.456899
-9.660073
-14.320635
-15.337485
-16.947497
-15.930647
-19.150672
-19.828571
-19.743834
-23.980708
-28.217582
-30.081807
-33.810256
-34.488156
-36.013431
-33.132357
-30.759707
-30.336020
-30.505495
-30.420757
-29.827595
-25.675458
-24.319658
-20.506471
-18.388034
-22.794383
-16.269597
-14.574847
-13.557998
-10.507448
-9.490598
-7.372161
-7.456899
-6.016361
-4.914774
-3.304762
-2.542125
-1.948962
-5.507937
-4.745299
-7.711111
-5.762149
-8.389011
-6.524786
-8.643223
-5.592674
-4.660562
3.474237
3.982662
5.338462
4.491087
3.558974
-0.169475
0.762637
-2.372650
0.000000
-2.881074
-4.321612
-9.490598
-8.982173
-16.947497
-16.269597
-21.692796
-22.370696
-32.030769
-25.336508
-27.115995
-25.760195
-21.862271
-16.523810
-22.879121
-13.303785
-12.456410
-5.931624
-6.016361
-2.372650
-4.575824
-2.287912
-4.236874
-1.101587
-2.372650
1.779487
-3.474237
-0.593162
-6.101099
-4.321612
-8.304274
-5.846886
-6.778999
-3.558974
-7.287424
-2.542125
-4.660562
1.101587
-1.440537
4.745299
5.592674
13.642735
13.473260
19.574359
20.930159
25.929670
25.760195
29.573382
32.708669
37.199756
37.623443
41.182418
37.708181
39.063980
34.149206
34.064469
28.810745
26.438095
18.981197
15.337485
9.405861
9.405861
5.677411
8.473748
4.999512
7.880586
7.287424
8.982173
5.423199
5.931624
4.830037
8.473748
7.287424
10.168498
7.117949
10.507448
11.863248
15.591697
18.557509
22.285958
21.692796
22.879121
18.133822
13.727473
6.524786
2.118437
-2.796337
-6.694261
-7.033211
-8.812698
-12.202198
-15.168010
-15.422222
-13.727473
-10.676923
-6.101099
-7.372161
-9.490598
-14.913797
-15.930647
-16.693284
-14.066422
-10.083761
-4.491087
-0.423687
-0.593162
-1.610012
-9.999023
0.932112
6.694261
12.541148
17.540659
18.726984
19.913309
19.489621
18.133822
19.659096
24.658608
27.370208
24.997558
22.624908
18.726984
14.913797
11.270085
8.134799
5.931624
6.440049
4.914774
4.067399
2.965812
5.253724
9.151648
14.235897
15.252747
17.540659
18.726984
21.608059
19.150672
19.235409
18.218559
17.455922
17.032234
17.879609
16.862759
19.913309
19.150672
22.540171
22.879121
28.132845
29.488645
31.437607
32.030769
34.149206
33.132357
36.267643
33.047619
35.250794
32.623932
35.420269
32.793407
32.454457
28.556532
27.709158
22.709646
21.099634
18.896459
19.659096
15.337485
16.015385
9.829548
9.236386
4.152137
3.728449
-0.847375
-0.932112
-5.507937
-4.660562
-9.660073
-10.676923
-14.744322
-14.574847
-22.116484
-21.099634
-23.387546
-22.031746
-27.624420
-24.743346
-32.708669
-32.623932
-36.267643
-32.030769
-35.166056
-30.505495
-34.827106
-32.454457
-36.521856
-31.691819
-32.284982
-24.065446
-23.641758
-19.065934
-22.031746
-21.523321
-24.828083
-22.201221
-26.014408
-21.692796
-21.353846
-15.252747
-14.829060
-12.625885
-16.778022
-17.201709
-17.540659
-15.252747
-16.947497
-14.659585
-16.269597
-20.845421
-21.269109
-20.421734
-15.676435
-11.354823
-8.219536
-7.711111
-9.490598
-11.185348
-9.151648
-8.219536
-7.456899
-11.015873
-12.710623
-12.032723
-11.439560
-13.473260
-11.100611
-12.964835
-9.660073
-12.964835
-7.033211
-11.185348
-8.219536
-9.914286
-6.016361
-7.626374
-3.474237
-7.626374
-4.067399
-5.762149
-4.067399
-10.337973
-5.592674
-6.185836
2.033700
2.881074
10.507448
9.490598
14.829060
14.574847
19.743834
15.506960
19.404884
18.218559
20.506471
14.659585
14.151160
8.134799
5.931624
2.711600
3.474237
3.474237
4.575824
2.796337
3.728449
0.508425
0.932112
-1.271062
-2.796337
-6.524786
-7.287424
-9.321123
-9.660073
-9.660073
-9.575336
-9.575336
-9.405861
-10.253236
-11.185348
-8.897436
-11.778510
-10.422711
-11.778510
-12.964835
