22.225641
21.648352
23.572650
24.342369
25.304518
23.380220
21.936996
21.263492
19.724054
18.954335
20.301343
20.205128
22.129426
23.668864
21.071062
19.724054
18.184615
16.452747
12.892796
9.525275
7.697192
5.869109
5.869109
1.250794
6.446398
9.910134
13.662515
17.126252
18.665690
19.724054
20.301343
17.126252
16.452747
14.817094
11.642002
11.160928
11.930647
12.892796
12.700366
12.604151
11.353358
10.198779
7.216117
5.676679
2.694017
-2.116728
-6.927473
-9.044200
-12.700366
-12.892796
-13.181441
-14.239805
-14.239805
-14.432234
-17.126252
-17.126252
-18.088400
-18.088400
-18.184615
-17.607326
-18.377045
-17.318681
-17.126252
-17.318681
-15.875458
-15.009524
-15.105739
-15.201954
-17.511111
-14.336020
-15.490598
-14.047375
-8.563126
-3.078877
5.291819
9.140415
10.968498
11.738217
12.123077
11.834432
13.373871
8.755556
13.373871
11.064713
9.044200
7.408547
6.927473
6.061538
5.772894
7.216117
8.178266
8.466911
5.772894
0.865934
-4.137241
-4.522100
-8.466911
-9.621490
-13.181441
-13.758730
-12.796581
-12.219292
-10.198779
-16.356532
-8.563126
-9.525275
-8.851770
-5.965324
-5.484249
-4.425885
-6.061538
-8.370696
-10.391209
-11.834432
-12.700366
-13.085226
-12.700366
-11.353358
-12.507937
-14.720879
-16.933822
-17.222466
-16.548962
-17.222466
-16.452747
-14.913309
-13.373871
-13.181441
-12.315507
-10.487424
-7.504762
-5.484249
-3.848596
-3.848596
-3.463736
-4.137241
-5.676679
-4.329670
-3.559951
-5.484249
-6.735043
-8.755556
-10.294994
-12.219292
-12.796581
-11.738217
-10.391209
-10.391209
-10.198779
-6.638828
-6.638828
-2.501587
2.309158
5.676679
9.140415
12.796581
13.758730
12.989011
10.679853
5.965324
4.233455
2.020513
0.481074
-1.443223
-4.618315
-7.793407
-10.102564
-9.332845
-8.659341
-8.082051
-6.253968
-4.522100
-2.116728
0.288645
1.058364
0.384860
1.154579
0.384860
-0.481074
0.769719
-1.154579
-3.175092
-1.250794
-1.924298
-0.865934
-0.384860
4.233455
8.659341
10.583639
12.123077
14.143590
14.528449
11.449573
8.947985
6.927473
5.772894
5.580464
6.061538
7.697192
7.889621
7.312332
5.195604
3.944811
4.906960
4.425885
2.886447
3.944811
3.752381
6.061538
6.735043
7.504762
7.023687
6.735043
4.618315
2.694017
-0.865934
-1.347009
-2.501587
-3.463736
-2.694017
-3.944811
-2.597802
-2.309158
-1.635653
-3.463736
-4.233455
-3.463736
-3.367521
-0.192430
3.271306
7.504762
9.525275
10.198779
8.274481
2.982662
-0.288645
-3.367521
-2.212943
-3.463736
-3.367521
-2.212943
-0.481074
0.673504
0.962149
1.058364
2.694017
2.116728
3.752381
5.580464
6.638828
4.329670
8.274481
8.947985
10.102564
12.123077
13.470085
14.624664
15.201954
15.201954
14.047375
12.411722
10.006349
6.061538
7.504762
9.525275
9.621490
9.525275
9.140415
8.563126
7.119902
5.965324
4.425885
2.597802
2.405372
1.058364
-1.443223
-4.329670
-7.216117
-8.082051
-8.755556
-8.947985
-8.178266
-9.140415
-8.851770
-5.099389
-1.635653
3.078877
6.061538
8.563126
9.813919
7.985836
5.099389
3.175092
0.288645
-2.309158
-2.694017
-5.676679
-6.542613
-4.906960
-6.157753
-8.659341
-9.910134
-12.796581
-11.257143
-8.659341
-6.927473
-7.312332
-8.082051
-11.353358
-12.604151
-11.930647
-7.697192
-3.848596
0.000000
-0.192430
-1.539438
-2.886447
0.000000
3.656166
9.525275
10.391209
9.332845
7.023687
4.906960
3.656166
5.291819
4.810745
5.676679
3.752381
-1.539438
-8.082051
-10.872283
-11.449573
-8.755556
-8.466911
-4.522100
-4.714530
-5.195604
-5.965324
-4.522100
2.501587
8.370696
10.487424
9.813919
5.772894
2.790232
-1.347009
-4.137241
-0.673504
-0.192430
0.384860
0.577289
-0.962149
-1.250794
1.443223
4.522100
7.504762
11.738217
13.566300
12.219292
10.776068
3.656166
0.384860
0.192430
2.405372
4.425885
6.735043
7.408547
6.735043
9.236630
10.968498
10.679853
11.257143
7.985836
2.790232
-0.096215
-4.425885
-3.848596
-3.367521
-4.041026
-2.694017
-2.501587
-1.731868
-0.865934
2.212943
6.157753
7.408547
6.638828
5.484249
3.463736
-1.250794
-0.481074
2.405372
5.772894
7.985836
9.044200
5.580464
2.116728
-3.944811
-2.886447
0.000000
1.058364
3.559951
4.041026
5.965324
2.405372
-1.539438
1.635653
5.099389
7.023687
7.985836
7.023687
6.350183
2.694017
2.212943
3.944811
5.484249
7.985836
12.219292
11.545788
9.044200
5.580464
2.116728
-1.443223
-2.501587
-2.982662
-3.752381
-6.061538
-8.659341
-13.373871
-14.143590
-11.834432
-8.178266
-6.446398
-7.408547
-6.927473
-7.697192
-8.659341
-5.291819
-1.924298
1.058364
4.906960
5.772894
6.157753
2.597802
0.769719
-1.154579
-1.347009
-0.577289
0.000000
0.481074
1.731868
3.463736
3.367521
3.175092
0.577289
-1.731868
-3.271306
-4.522100
-3.463736
-5.388034
-14.624664
-9.140415
-10.679853
-10.776068
-10.583639
-9.910134
-7.504762
-9.044200
-9.429060
-8.082051
-8.755556
-8.178266
-5.676679
-0.769719
7.119902
13.085226
15.875458
16.356532
13.373871
12.604151
11.257143
7.793407
9.429060
7.793407
6.927473
7.408547
10.198779
12.700366
15.105739
12.507937
11.353358
8.755556
7.312332
6.831258
8.370696
6.542613
8.947985
7.697192
5.099389
1.924298
0.384860
-0.962149
-0.384860
2.501587
4.714530
5.772894
6.638828
4.425885
5.676679
6.350183
6.831258
8.178266
6.253968
4.233455
2.501587
2.116728
3.848596
4.810745
8.755556
12.123077
12.507937
9.525275
6.735043
2.982662
-0.577289
-3.848596
-3.078877
-2.309158
-5.580464
-5.772894
-6.542613
-3.271306
-2.886447
-2.309158
-5.099389
-7.985836
-11.353358
-13.470085
-14.913309
-14.336020
-12.411722
-13.181441
-15.105739
-18.569475
-19.242979
-16.741392
-12.315507
-6.350183
-1.250794
3.367521
4.425885
5.388034
6.350183
8.274481
11.545788
9.044200
10.391209
9.044200
6.157753
6.446398
6.735043
5.003175
5.099389
2.982662
-0.673504
-5.195604
-4.906960
-5.484249
-3.463736
0.096215
-1.828083
-1.443223
-0.192430
-0.192430
-0.962149
-0.962149
-2.405372
-7.889621
-13.277656
-16.645177
-15.971673
-13.373871
-12.026862
-11.545788
-9.140415
-9.332845
-12.026862
-12.315507
-12.507937
-9.044200
-5.580464
-5.003175
-5.291819
-7.216117
-8.947985
-11.930647
-13.277656
-11.930647
-11.449573
-10.294994
-9.717705
-11.642002
-11.930647
-11.642002
-9.717705
-5.291819
-4.522100
-6.253968
-8.370696
-9.910134
-8.466911
-6.638828
-4.425885
-4.618315
-6.253968
-7.119902
-5.772894
-3.656166
1.924298
4.137241
4.810745
1.154579
-4.329670
-8.274481
-10.583639
-12.507937
-11.834432
-9.813919
-9.236630
-9.140415
-10.583639
-14.143590
-16.741392
-18.665690
-21.744567
-20.108913
-16.164103
-11.642002
-7.697192
-6.735043
-6.350183
-5.676679
-4.906960
-2.694017
0.000000
0.673504
0.192430
-0.769719
-2.405372
-2.982662
0.577289
6.157753
13.566300
22.321856
29.537973
38.101099
41.179976
41.564835
38.870818
34.252503
27.228816
24.149939
23.187790
23.284005
22.706716
22.899145
20.974847
19.627839
17.126252
16.645177
15.586813
11.160928
9.332845
7.985836
4.714530
5.772894
7.023687
10.583639
10.583639
9.621490
9.236630
8.851770
4.041026
0.000000
-2.597802
-0.096215
1.539438
2.982662
1.635653
2.405372
0.577289
-0.673504
0.000000
2.501587
5.388034
5.676679
4.810745
5.772894
6.735043
10.487424
17.992186
20.108913
18.569475
14.913309
6.542613
-5.195604
-2.309158
-2.116728
-1.347009
-3.559951
-4.233455
-6.446398
-6.638828
-1.924298
2.790232
4.906960
6.831258
5.003175
4.714530
4.522100
7.504762
9.044200
10.872283
10.679853
5.580464
0.962149
-0.577289
1.347009
5.388034
8.755556
8.755556
6.831258
3.463736
-2.020513
-3.752381
-3.463736
-2.790232
-0.962149
1.828083
3.078877
-0.481074
-4.522100
-7.600977
-7.312332
-5.388034
-1.347009
0.481074
1.924298
-1.058364
-1.250794
1.635653
4.906960
10.776068
16.356532
19.627839
21.167277
19.050549
15.105739
8.370696
3.752381
2.405372
2.982662
0.000000
-1.828083
-3.944811
-5.099389
-2.309158
-6.638828
-0.865934
1.443223
1.539438
3.078877
4.137241
7.312332
9.429060
8.178266
4.522100
-1.250794
-4.810745
-6.735043
-7.985836
-4.810745
-4.810745
-7.216117
-12.892796
-18.280830
-21.936996
-21.455922
-15.779243
-13.277656
-11.353358
-11.642002
-12.219292
-12.700366
-15.394383
-15.490598
-17.799756
-20.782418
-24.149939
-27.613675
-28.575824
-31.269841
-33.097924
-31.847131
-30.211477
-31.750916
-32.713065
-36.273016
-38.774603
-40.217827
-41.661050
-43.200488
-44.739927
-48.107448
-52.052259
-53.206838
-52.437118
-46.279365
-43.200488
-38.870818
-34.060073
-31.654701
-30.307692
-28.864469
-28.287179
-22.706716
-18.377045
-13.951160
-9.717705
-5.003175
-1.250794
2.405372
5.965324
6.927473
6.831258
8.082051
7.119902
3.463736
3.271306
1.731868
0.865934
0.384860
-2.405372
-3.752381
-2.020513
-2.212943
-3.367521
-2.694017
0.577289
1.924298
4.041026
5.676679
7.697192
9.044200
11.353358
12.411722
14.913309
14.336020
14.432234
12.026862
9.717705
10.198779
10.006349
11.257143
10.583639
7.312332
8.178266
9.140415
8.851770
5.676679
4.329670
8.563126
11.738217
16.548962
15.105739
10.583639
7.216117
5.003175
3.175092
5.676679
7.504762
7.697192
6.350183
3.944811
1.635653
2.501587
6.157753
8.274481
7.985836
7.504762
8.082051
3.463736
10.872283
14.143590
18.665690
17.414896
17.318681
17.992186
17.030037
16.741392
18.280830
19.435409
19.146764
21.744567
20.301343
17.318681
13.758730
10.487424
8.755556
7.889621
8.947985
10.583639
9.717705
9.429060
4.714530
-0.481074
-1.731868
-0.481074
0.769719
4.522100
9.044200
11.257143
9.332845
10.968498
13.854945
14.528449
13.854945
13.373871
14.239805
16.067888
15.586813
20.108913
22.706716
25.785592
27.228816
27.421245
25.881807
25.400733
17.414896
20.205128
17.126252
17.030037
15.875458
15.683028
14.336020
11.930647
9.717705
7.889621
5.099389
5.484249
6.735043
6.253968
2.790232
-0.769719
-2.982662
-2.886447
-4.425885
-3.078877
-1.828083
-2.886447
-1.635653
0.192430
-3.271306
-7.119902
-10.583639
-10.294994
-13.277656
-13.951160
-14.913309
-15.586813
-15.875458
-14.143590
-11.834432
-9.717705
-9.717705
-9.429060
-7.119902
-2.501587
2.116728
6.061538
8.370696
10.006349
11.257143
10.776068
10.583639
9.525275
6.831258
4.329670
5.099389
5.291819
4.233455
5.965324
3.175092
-3.078877
-1.924298
-2.597802
-11.064713
-1.443223
0.865934
-1.924298
1.731868
0.769719
0.865934
-1.250794
-2.886447
-0.769719
-0.192430
0.096215
5.291819
7.023687
10.583639
10.776068
9.525275
4.425885
0.481074
-4.041026
-5.869109
-5.291819
-7.023687
-8.274481
-7.023687
-8.659341
-9.813919
-10.776068
-12.796581
-16.260317
-17.607326
-15.971673
-13.181441
-10.391209
-6.446398
0.096215
3.559951
4.233455
5.869109
7.119902
7.793407
9.429060
9.044200
4.906960
2.790232
-0.192430
-2.982662
-4.906960
-6.350183
-10.776068
-9.910134
-9.813919
-8.370696
-9.044200
-8.178266
-7.216117
-5.676679
-5.291819
-7.023687
-7.119902
-4.714530
-6.542613
-5.965324
-5.291819
-3.271306
-4.329670
-0.481074
1.347009
3.463736
2.116728
1.443223
2.982662
2.501587
2.212943
0.865934
2.597802
3.175092
3.559951
3.752381
2.501587
2.212943
2.309158
1.635653
0.000000
-3.367521
-9.332845
-13.951160
-13.470085
-14.047375
-14.143590
-12.315507
-9.236630
-5.965324
-5.291819
-4.810745
-3.078877
-3.078877
-0.192430
3.271306
0.288645
-5.003175
-10.872283
-15.779243
-20.782418
-22.706716
-25.881807
-25.978022
-25.208303
-22.129426
-18.184615
-12.411722
-6.350183
0.769719
5.869109
8.082051
9.429060
13.085226
13.085226
10.872283
5.291819
0.769719
-2.501587
-5.580464
-6.927473
-4.425885
-1.924298
1.731868
5.003175
9.140415
8.466911
8.466911
5.676679
4.329670
3.078877
3.271306
2.982662
6.253968
5.099389
5.580464
4.329670
3.656166
3.367521
5.003175
5.099389
2.309158
-0.769719
-6.157753
-10.391209
-13.566300
-14.624664
-14.624664
-13.951160
-10.294994
-8.563126
-7.697192
-10.679853
-10.776068
-11.642002
-10.006349
-9.717705
-5.388034
-0.962149
0.865934
2.116728
0.962149
-1.154579
-2.212943
-2.020513
-3.944811
-5.388034
-3.848596
-3.944811
-6.253968
-8.851770
-10.487424
-10.487424
-7.793407
-4.233455
-0.769719
2.597802
5.003175
5.003175
4.810745
5.965324
7.889621
6.253968
6.735043
6.638828
7.023687
5.291819
5.580464
6.157753
4.522100
2.501587
1.635653
0.096215
1.731868
2.020513
2.309158
0.577289
-2.982662
-8.563126
-10.968498
-13.085226
-12.892796
-8.947985
-3.656166
-3.175092
-7.023687
-9.621490
-10.583639
-10.487424
-7.312332
-2.212943
-1.731868
-4.906960
-7.793407
-8.178266
-5.580464
-2.309158
0.962149
2.405372
0.288645
0.192430
-0.673504
0.865934
3.656166
7.312332
12.026862
11.834432
9.429060
8.947985
9.332845
12.315507
18.761905
22.706716
25.785592
24.438584
24.919658
24.823443
29.826618
34.348718
37.042735
36.657875
33.867643
31.366056
30.307692
27.421245
24.438584
24.342369
25.881807
27.036386
30.019048
31.366056
34.348718
34.444933
34.348718
29.826618
25.496947
19.435409
17.126252
15.586813
14.624664
12.604151
10.198779
9.332845
5.965324
6.446398
8.659341
8.274481
10.487424
11.738217
9.332845
6.735043
2.694017
2.116728
0.962149
-3.175092
0.481074
-2.982662
-7.119902
-12.219292
-13.470085
-13.373871
-14.817094
-17.703541
-22.899145
-30.211477
-33.578999
-37.042735
-35.310867
-29.826618
-22.514286
-19.242979
-21.071062
-26.555311
-33.578999
-35.695726
-30.403907
-21.648352
-13.662515
-15.490598
-19.724054
-24.438584
-27.709890
-28.960684
-26.555311
-18.569475
-16.548962
-17.895971
-20.108913
-22.033211
-23.187790
-21.936996
-14.047375
-8.466911
-10.872283
-13.951160
-15.875458
-13.085226
-11.064713
-7.889621
-5.869109
-6.350183
-10.583639
-23.091575
-18.088400
-15.683028
-10.391209
-1.058364
2.790232
0.865934
-2.405372
-5.195604
-7.216117
-5.388034
0.962149
7.504762
11.064713
11.160928
10.006349
5.676679
3.463736
4.810745
5.869109
9.044200
6.253968
3.078877
1.924298
2.020513
2.982662
3.367521
6.542613
6.735043
7.600977
10.294994
13.373871
14.047375
16.356532
16.837607
16.741392
15.105739
11.064713
7.023687
6.157753
5.099389
6.927473
7.504762
9.140415
8.082051
6.446398
4.137241
0.288645
-2.309158
-0.096215
1.924298
3.752381
3.944811
3.367521
1.154579
0.962149
-1.924298
-2.116728
-1.635653
0.000000
1.250794
3.078877
3.559951
2.886447
2.116728
-0.962149
-3.559951
-5.965324
-7.985836
-8.563126
-7.889621
-6.735043
-4.906960
-5.099389
-5.676679
-5.869109
-6.157753
-6.735043
-5.580464
-1.924298
1.635653
6.253968
11.545788
13.662515
16.933822
23.572650
25.689377
25.593162
16.837607
29.537973
29.922833
31.943346
32.905495
34.637363
35.407082
34.637363
33.482784
30.211477
27.613675
26.555311
24.727228
23.284005
19.916484
16.645177
16.067888
17.030037
16.067888
14.239805
8.947985
5.484249
5.580464
5.291819
5.388034
-2.694017
4.906960
3.367521
3.175092
1.828083
0.865934
0.384860
-0.769719
1.828083
3.944811
5.003175
6.253968
6.735043
8.082051
7.697192
8.370696
10.679853
12.700366
14.720879
14.624664
12.700366
11.930647
9.621490
6.735043
7.408547
6.735043
7.600977
9.910134
10.198779
8.178266
5.965324
0.000000
-2.790232
-3.752381
-3.656166
-5.869109
-5.484249
-4.714530
-6.927473
-9.140415
-11.642002
-12.604151
-13.758730
-14.913309
-16.164103
-15.105739
-18.858120
-20.878632
-21.167277
-21.648352
-21.359707
-21.263492
-21.744567
-23.572650
-24.438584
-27.517460
-30.019048
-34.733578
-35.503297
-34.637363
-35.695726
-37.812454
-36.080586
-35.599512
-37.235165
-37.138950
-34.637363
-36.657875
-37.138950
-38.293529
-38.774603
-35.503297
-30.884982
-24.919658
-18.377045
-16.645177
-16.260317
-17.126252
-18.280830
-16.548962
-14.336020
-10.679853
-9.717705
-9.910134
-9.236630
-9.332845
-8.082051
-7.985836
-5.195604
-2.501587
-1.539438
-2.886447
-5.003175
-6.350183
-7.985836
-7.600977
-7.023687
-6.157753
-5.291819
-5.580464
-3.078877
-2.020513
-0.481074
-2.116728
-4.618315
-3.367521
-0.577289
1.828083
3.271306
6.350183
8.370696
12.796581
16.356532
20.205128
23.284005
25.689377
27.325031
28.287179
28.383394
26.555311
23.476435
24.823443
24.342369
25.978022
27.421245
26.459096
25.015873
22.995360
21.167277
19.339194
16.452747
11.642002
9.044200
8.082051
7.023687
6.542613
6.446398
4.041026
2.790232
0.865934
0.096215
1.347009
2.212943
2.501587
3.848596
4.329670
2.212943
0.000000
1.347009
1.539438
0.865934
1.250794
-0.096215
-2.116728
-8.659341
-11.449573
-12.700366
-10.679853
-7.985836
-2.694017
2.694017
5.291819
3.463736
0.577289
-0.288645
-1.924298
-0.769719
4.618315
9.140415
6.446398
4.041026
3.078877
3.175092
3.559951
3.175092
4.522100
6.735043
4.425885
3.559951
2.212943
-0.769719
-1.924298
-0.673504
-0.769719
-1.731868
-2.116728
-1.828083
-1.924298
-4.810745
-4.137241
0.096215
8.274481
11.930647
15.201954
16.356532
19.820269
19.724054
16.741392
14.143590
14.047375
15.009524
18.858120
20.782418
24.823443
23.187790
22.225641
22.129426
23.091575
24.534799
23.765079
22.706716
21.648352
19.820269
17.607326
15.875458
15.971673
18.569475
19.627839
17.895971
14.239805
13.373871
9.044200
4.906960
3.944811
4.137241
2.405372
0.481074
-1.731868
-5.195604
-7.697192
-12.026862
-11.642002
-9.621490
-9.044200
-11.930647
-16.837607
-23.380220
-25.593162
-30.115263
-27.517460
-26.074237
-26.459096
-27.709890
-31.750916
-33.578999
-34.829792
-34.348718
-33.097924
-31.847131
-36.754090
-39.448107
-40.891331
-38.101099
-32.520635
-26.362882
-19.339194
-17.414896
-18.184615
-18.858120
-19.146764
-20.686203
-21.552137
-20.493773
-18.858120
-17.607326
-16.356532
-15.105739
-14.143590
-12.026862
-7.697192
-4.233455
0.288645
2.116728
5.772894
7.697192
9.717705
11.834432
12.507937
13.085226
13.085226
13.758730
17.607326
19.050549
20.012698
19.820269
20.205128
20.493773
18.761905
17.222466
17.126252
17.607326
18.761905
19.627839
19.531624
18.280830
17.607326
17.414896
17.607326
17.126252
16.356532
16.645177
16.356532
17.607326
19.242979
17.799756
19.531624
20.205128
17.511111
17.511111
15.683028
15.201954
15.105739
13.662515
11.064713
5.099389
-8.659341
-1.924298
-2.790232
-2.020513
-1.250794
1.828083
0.962149
-2.116728
-9.044200
-12.604151
-12.411722
-9.525275
-5.580464
-2.597802
-3.078877
-5.195604
-5.869109
-5.676679
-6.350183
-7.600977
-10.679853
-11.257143
-14.913309
-18.184615
-19.531624
-16.645177
-13.566300
-10.391209
-8.755556
-9.044200
-10.006349
-12.604151
-12.989011
-10.391209
-5.580464
-4.137241
-3.944811
-3.463736
-5.291819
-6.061538
-6.253968
-5.676679
-6.157753
-5.195604
-4.714530
-2.116728
4.714530
13.277656
20.493773
26.170452
30.019048
31.077411
31.462271
27.709890
26.843956
26.747741
25.785592
26.843956
26.266667
24.438584
21.263492
18.761905
16.356532
16.164103
15.009524
14.528449
16.933822
19.242979
18.665690
16.164103
13.854945
8.947985
3.271306
-6.735043
-12.026862
-14.720879
-17.318681
-18.473260
-21.455922
-24.342369
-26.170452
-29.153114
-29.056899
-31.943346
-23.091575
-20.012698
-18.280830
-17.222466
-16.356532
-17.992186
-21.071062
-21.840781
-19.435409
-15.971673
-12.123077
-15.490598
-15.683028
-15.201954
-9.813919
-1.828083
4.522100
6.446398
2.309158
-3.271306
-8.178266
-9.717705
-9.140415
-6.542613
-2.309158
-0.288645
-3.175092
-5.580464
-8.755556
-9.044200
-7.312332
-4.810745
-5.003175
-9.236630
-14.817094
-18.473260
-22.899145
-21.167277
-19.627839
-15.394383
-14.913309
-15.779243
-16.356532
-16.548962
-16.164103
-13.470085
-4.906960
1.924298
3.175092
1.731868
1.347009
0.577289
1.731868
2.886447
5.099389
5.772894
3.559951
3.656166
-0.192430
-2.694017
-4.041026
-2.405372
0.481074
2.886447
5.965324
4.906960
4.906960
1.443223
-1.635653
-1.635653
-2.886447
-2.501587
-2.309158
-5.003175
-9.332845
-11.353358
-14.528449
-14.817094
-11.834432
-6.542613
-5.772894
-4.714530
-4.137241
-6.927473
-8.851770
-9.621490
-6.061538
0.000000
5.099389
9.813919
11.160928
13.085226
13.951160
15.683028
19.531624
23.476435
25.015873
25.208303
23.957509
19.050549
16.548962
15.009524
14.432234
15.683028
16.741392
12.989011
10.391209
10.294994
9.813919
15.490598
22.033211
27.132601
32.809280
35.503297
34.348718
33.290354
28.768254
31.173626
30.307692
29.153114
26.266667
23.476435
18.088400
13.277656
7.697192
3.078877
0.096215
-3.463736
-6.350183
-6.253968
-8.466911
-9.236630
-12.700366
-16.837607
-22.225641
-25.015873
-27.613675
-27.036386
-26.266667
-24.631013
-22.995360
-21.936996
-22.225641
-22.321856
-20.878632
-19.339194
-18.280830
-15.971673
-18.858120
-22.610501
-26.074237
-27.902320
-28.190965
-26.651526
-24.727228
-21.455922
-22.610501
-24.246154
-23.380220
-19.146764
-12.315507
-4.618315
-2.886447
-5.869109
-8.274481
-9.429060
