-24.065446
-26.861783
-34.149206
-37.115018
-41.521368
-41.945055
-45.504029
-43.046642
-46.351404
-46.012454
-45.673504
-42.029792
-42.114530
-37.708181
-36.521856
-36.267643
-41.182418
-39.572405
-39.996093
-38.894505
-38.640293
-35.335531
-36.182906
-36.691331
-38.131868
-38.470818
-46.012454
-42.453480
-43.639805
-43.131380
-39.996093
-38.894505
-38.301343
-31.776557
-32.962882
-32.962882
-32.115507
-28.895482
-27.963370
-22.540171
-21.692796
-23.387546
-22.031746
-19.320147
-16.778022
-14.235897
-12.625885
-10.846398
-6.355311
-2.457387
4.406349
9.575336
16.100122
22.540171
27.285470
29.234432
31.776557
32.284982
32.369719
30.759707
30.251282
26.777045
26.946520
25.760195
27.539683
25.505983
25.251770
18.726984
17.964347
13.981685
15.252747
12.202198
14.659585
14.659585
15.422222
11.947985
11.947985
9.066911
8.982173
7.117949
10.507448
8.050061
9.405861
5.677411
5.253724
4.321612
2.881074
0.762637
5.253724
6.101099
8.473748
5.592674
6.609524
8.473748
11.439560
5.338462
0.847375
-4.491087
-3.220024
-1.525275
2.542125
3.304762
1.440537
-4.745299
-6.101099
-8.389011
-7.541636
-0.508425
5.592674
4.830037
2.457387
-1.271062
-5.846886
-5.846886
-3.135287
-2.287912
-2.542125
-3.558974
-6.101099
-8.727961
-8.643223
-5.168987
-6.524786
-6.524786
-10.422711
-11.100611
-11.693773
-10.676923
-9.151648
-7.372161
-11.100611
-11.100611
-11.693773
-10.592186
-14.574847
-14.066422
-13.812210
-10.083761
-7.372161
-2.965812
-0.084737
6.778999
8.897436
15.083272
18.896459
25.844933
27.539683
28.895482
30.929182
32.284982
31.691819
30.590232
25.421245
13.473260
17.625397
17.371184
14.066422
14.829060
11.524298
12.286935
7.372161
7.626374
6.778999
8.050061
10.931136
14.829060
13.642735
16.100122
13.303785
14.151160
11.947985
18.218559
17.455922
16.778022
16.523810
20.506471
17.964347
20.336996
17.540659
16.608547
14.998535
15.422222
11.609035
11.439560
4.914774
0.169475
-6.863736
-8.134799
-9.999023
-9.829548
-12.286935
-12.795360
-16.862759
-15.252747
-15.930647
-10.422711
-12.541148
-12.456410
-16.015385
-17.625397
-23.726496
-23.387546
-23.895971
-16.269597
-14.659585
-8.897436
-10.337973
-11.778510
-13.388523
-4.660562
-1.016850
5.338462
2.881074
1.271062
-5.677411
-4.236874
-3.220024
5.253724
8.304274
10.253236
4.236874
1.101587
-6.101099
-3.643712
-2.287912
4.745299
7.202686
9.575336
5.931624
3.558974
-3.304762
-4.236874
-1.271062
4.830037
2.711600
6.694261
5.846886
8.134799
7.711111
12.117460
14.066422
14.744322
8.304274
4.660562
-0.423687
1.355800
2.796337
7.965324
11.693773
16.439072
11.354823
8.050061
7.033211
7.202686
6.440049
6.270574
5.423199
4.406349
-1.610012
-6.016361
-8.219536
-13.303785
-5.507937
-0.847375
-0.932112
-2.457387
-6.101099
-10.846398
-14.405372
-14.574847
-14.151160
-13.049573
-12.625885
-11.270085
-9.744811
-9.829548
-13.727473
-16.354335
-16.184860
-16.354335
-15.168010
-13.134310
-11.524298
-12.964835
-12.032723
-14.659585
-12.625885
-13.981685
-13.812210
-14.574847
-13.219048
-15.252747
-15.422222
-17.625397
-18.642247
-21.947009
-18.896459
-18.726984
-15.252747
-12.880098
-10.253236
-9.575336
-4.406349
-1.016850
3.474237
6.694261
9.744811
9.999023
8.473748
6.609524
6.440049
4.406349
5.677411
4.491087
6.524786
5.423199
6.101099
0.932112
0.000000
-4.152137
-2.711600
-2.457387
-3.304762
-6.863736
-8.982173
-14.151160
-15.422222
-14.066422
-8.389011
-9.575336
-7.456899
-6.270574
-4.830037
-4.236874
-1.101587
-1.101587
1.694750
0.677900
0.423687
-2.965812
-3.135287
-4.406349
-6.355311
-5.762149
-5.677411
-6.948474
-6.016361
-6.440049
-7.287424
-11.439560
-11.270085
-10.676923
-9.490598
-9.829548
-8.727961
-11.270085
-9.405861
-8.050061
-7.880586
-6.948474
-8.389011
-10.083761
-8.982173
-9.999023
-6.778999
-6.355311
-4.321612
-2.118437
-1.948962
0.677900
4.491087
6.101099
6.270574
6.355311
8.558486
10.337973
13.049573
15.337485
16.693284
17.032234
16.862759
14.829060
15.761172
15.676435
19.320147
19.998046
23.557021
21.777534
22.285958
19.489621
21.353846
19.404884
21.523321
20.675946
22.370696
20.082784
21.862271
18.981197
18.388034
15.168010
13.727473
11.693773
12.625885
9.914286
4.406349
7.033211
8.219536
6.185836
7.965324
7.372161
8.558486
4.321612
4.999512
3.050549
5.084249
3.389499
5.507937
6.101099
4.152137
2.118437
5.168987
1.101587
2.626862
0.677900
2.287912
1.864225
4.914774
3.220024
3.050549
-1.610012
-1.779487
-6.270574
-8.982173
-15.422222
-18.642247
-25.421245
-26.183883
-26.183883
-23.218071
-22.455433
-20.845421
-22.540171
-17.794872
-17.879609
-15.506960
-14.151160
-9.999023
-9.405861
-8.558486
-8.134799
-3.728449
-3.897924
-2.287912
-3.982662
0.847375
0.169475
5.423199
5.253724
8.727961
8.727961
12.371673
11.693773
13.812210
10.507448
11.947985
8.134799
7.541636
4.575824
8.389011
6.524786
9.066911
7.117949
8.134799
6.355311
6.609524
5.592674
8.050061
11.778510
13.812210
14.151160
15.676435
12.710623
14.490110
13.896947
19.320147
20.336996
24.658608
24.828083
29.742857
28.895482
28.895482
25.844933
27.878632
23.980708
23.302808
17.625397
14.066422
14.066422
14.320635
10.676923
12.286935
12.710623
14.151160
10.083761
11.947985
10.253236
11.270085
5.677411
3.558974
0.000000
0.000000
0.084737
2.203175
-1.016850
-2.965812
-8.473748
-7.287424
-14.998535
-3.728449
-0.932112
5.253724
0.762637
-1.186325
-5.338462
-6.101099
-8.304274
-3.897924
-4.999512
-2.626862
-3.474237
0.338950
2.457387
6.355311
7.117949
12.032723
10.253236
6.694261
0.169475
-2.711600
-5.084249
-1.525275
0.762637
-0.169475
-3.643712
-8.643223
-13.727473
-16.693284
-16.015385
-10.083761
-4.321612
-3.304762
-9.151648
-14.913797
-20.930159
-20.591209
-18.388034
-11.354823
-8.982173
-10.761661
-17.371184
-18.896459
-16.947497
-11.863248
-10.507448
-8.897436
-16.100122
-17.625397
-22.963858
-23.133333
-22.794383
-18.218559
-13.812210
-11.778510
-10.846398
-15.506960
-19.320147
-15.761172
-14.659585
-10.676923
-9.405861
-10.337973
-13.219048
-16.523810
-19.659096
-18.642247
-19.065934
-15.930647
-14.320635
-13.812210
-12.964835
-11.947985
-9.829548
-6.863736
-3.897924
1.016850
4.236874
4.406349
1.186325
-1.525275
-3.220024
-1.864225
0.762637
2.118437
1.948962
0.169475
-4.406349
-11.015873
-17.032234
-21.692796
-23.980708
-24.573871
-25.505983
-27.285470
-25.675458
-25.760195
-22.455433
-20.845421
-19.489621
-19.828571
-19.913309
-19.235409
-14.066422
-12.202198
-12.456410
-11.439560
-9.490598
-11.439560
-8.473748
-10.846398
-10.507448
-11.609035
-7.372161
-5.253724
-3.050549
-3.982662
-4.660562
-7.456899
-6.355311
-8.134799
-5.253724
-7.541636
-7.541636
-9.914286
-7.287424
-11.100611
-8.643223
-11.015873
-6.524786
-6.778999
-5.338462
-10.253236
-11.863248
-16.693284
-17.286447
-19.913309
-18.049084
-18.642247
-14.913797
-16.439072
-12.880098
-16.862759
-14.998535
-14.829060
-10.422711
-10.507448
-8.643223
-11.270085
-14.913797
-20.845421
-29.064957
-25.929670
-23.387546
-19.235409
-11.015873
-8.304274
-6.270574
-9.490598
-6.101099
-6.270574
-1.355800
-0.677900
3.558974
6.694261
10.083761
9.066911
7.541636
8.558486
9.490598
9.490598
12.117460
9.660073
10.507448
11.185348
15.761172
16.015385
20.930159
22.285958
25.929670
24.743346
23.980708
19.913309
17.794872
17.879609
17.625397
18.133822
19.065934
19.320147
18.133822
18.049084
18.472772
20.421734
18.049084
20.252259
17.794872
22.031746
23.895971
27.200733
27.454945
32.708669
34.318681
37.792918
38.640293
41.097680
38.555556
38.555556
35.505006
34.318681
29.319170
31.352869
25.929670
25.844933
24.828083
24.234921
22.201221
22.031746
18.133822
18.642247
16.015385
15.337485
13.303785
15.845910
13.473260
13.727473
10.676923
10.422711
7.372161
9.999023
7.626374
6.694261
1.186325
-3.389499
-8.219536
-10.337973
-16.184860
-18.557509
-22.794383
-21.099634
-23.133333
-25.421245
-25.844933
-23.726496
-21.184371
-22.285958
-22.285958
-23.048596
-21.353846
-17.794872
-24.828083
-14.490110
-11.524298
-14.998535
-16.354335
-20.167521
-23.387546
-21.608059
-18.981197
-13.219048
-9.066911
-8.897436
-4.830037
-3.813187
-1.610012
0.423687
5.592674
6.185836
6.440049
1.948962
1.186325
0.084737
0.932112
-2.372650
-1.186325
-1.101587
-0.932112
-1.948962
-0.169475
3.050549
7.202686
8.812698
11.693773
13.388523
14.235897
11.100611
10.846398
4.830037
2.626862
-0.762637
0.338950
-0.423687
1.779487
-0.677900
1.186325
-0.338950
2.711600
1.864225
6.016361
8.473748
11.100611
9.829548
12.286935
9.575336
11.693773
7.287424
8.897436
8.982173
9.744811
6.863736
6.355311
4.491087
6.101099
6.778999
11.354823
9.744811
10.761661
7.965324
9.999023
7.965324
10.761661
12.880098
20.167521
21.777534
24.658608
21.184371
18.726984
11.947985
8.558486
-4.236874
5.507937
2.796337
4.406349
-1.440537
0.338950
0.254212
3.220024
5.084249
3.982662
0.338950
-2.118437
-6.016361
-5.253724
-3.389499
-0.169475
0.338950
0.932112
-0.338950
3.474237
5.253724
8.897436
10.931136
14.151160
13.642735
12.032723
9.744811
7.033211
7.456899
5.423199
8.134799
7.372161
6.270574
4.914774
4.067399
2.457387
4.236874
3.389499
3.389499
-1.101587
-2.457387
-7.372161
-6.609524
-11.354823
-7.965324
-8.643223
-2.965812
-5.507937
-7.117949
-11.354823
-11.439560
-13.557998
-11.524298
-10.083761
-4.745299
-6.778999
-6.609524
-8.050061
-3.813187
-3.813187
1.440537
3.897924
5.592674
2.711600
3.135287
-0.423687
3.389499
-0.423687
-0.932112
-9.744811
-6.609524
-12.710623
-15.083272
-19.743834
-18.726984
-20.845421
-18.303297
-19.489621
-17.371184
-16.100122
-13.812210
-15.422222
-13.049573
-14.320635
-13.049573
-15.761172
-16.523810
-19.574359
-22.455433
-22.540171
-20.252259
-14.829060
-11.354823
-8.558486
-8.473748
-9.829548
-10.337973
-11.609035
-12.202198
-11.100611
-8.134799
-8.050061
-9.236386
-12.371673
-16.778022
-16.100122
-18.218559
-16.523810
-15.676435
-15.168010
-16.693284
-17.455922
-17.710134
-19.065934
-21.777534
-26.946520
-27.709158
-26.946520
-25.082295
-22.709646
-21.353846
-17.032234
-14.744322
-9.490598
-7.456899
-3.982662
-5.253724
-3.220024
-1.948962
2.542125
5.762149
7.033211
6.524786
7.202686
5.253724
7.372161
6.440049
11.947985
11.863248
14.659585
13.727473
17.540659
19.150672
23.302808
21.523321
23.811233
21.947009
23.472283
21.438584
23.472283
18.557509
19.659096
15.930647
14.320635
12.710623
14.405372
11.439560
8.134799
0.677900
-1.694750
-4.067399
-1.355800
-0.847375
5.168987
7.117949
8.134799
4.660562
4.575824
-2.372650
-1.101587
-2.203175
1.101587
-1.864225
1.694750
-0.932112
1.016850
-1.610012
-1.610012
-3.897924
-3.050549
-5.168987
-4.236874
-2.796337
-0.338950
-1.525275
-1.440537
-2.203175
-5.338462
-10.253236
-11.439560
-14.405372
-12.880098
-12.880098
-11.609035
-11.015873
-6.524786
-6.355311
-3.304762
-5.168987
-6.863736
-7.033211
-3.474237
0.423687
5.423199
6.778999
8.134799
8.050061
5.762149
3.813187
0.338950
-0.847375
-2.965812
-1.694750
1.694750
2.372650
5.253724
5.253724
5.762149
6.694261
6.948474
7.456899
7.117949
8.050061
4.660562
2.965812
0.423687
-0.508425
-2.542125
0.084737
-0.423687
3.220024
4.830037
4.491087
1.186325
-0.677900
-2.796337
-1.525275
-1.271062
5.084249
6.270574
12.032723
11.439560
13.219048
13.219048
12.625885
5.846886
5.931624
3.220024
5.253724
7.626374
12.286935
12.625885
15.591697
11.693773
7.456899
8.812698
10.761661
11.354823
14.151160
12.371673
13.388523
11.693773
14.659585
11.354823
11.354823
7.880586
8.389011
4.745299
7.287424
5.507937
4.491087
1.694750
-0.254212
-2.881074
-0.762637
-3.643712
1.271062
2.965812
10.676923
9.575336
12.880098
8.982173
11.015873
4.745299
4.745299
-0.338950
4.830037
5.423199
10.253236
9.151648
9.490598
5.253724
4.236874
3.897924
5.762149
4.067399
5.762149
3.982662
3.982662
-0.847375
-2.203175
-3.813187
-3.813187
1.016850
6.185836
9.829548
8.897436
3.304762
-2.965812
-7.287424
-6.355311
-0.677900
6.778999
12.202198
13.134310
7.965324
-0.084737
-7.456899
-4.321612
0.508425
13.896947
16.439072
10.846398
3.135287
-4.152137
-5.507937
-1.016850
11.100611
15.506960
12.117460
4.575824
1.948962
2.457387
8.897436
14.151160
18.303297
17.371184
14.744322
12.117460
10.931136
11.185348
12.286935
13.219048
14.574847
9.490598
3.982662
-0.593162
-2.881074
-1.694750
1.948962
4.999512
5.338462
3.558974
2.881074
-0.677900
-3.474237
-4.914774
-4.152137
-2.118437
-4.745299
-4.152137
-3.813187
-2.033700
-0.508425
-0.254212
4.745299
8.558486
7.795849
7.541636
3.389499
0.508425
-5.677411
-4.914774
-3.813187
-1.864225
-2.542125
-0.423687
0.169475
0.677900
-0.084737
1.525275
3.389499
0.508425
-4.575824
-8.473748
-12.795360
-13.473260
-13.388523
-10.168498
-7.795849
-7.372161
-7.711111
-8.643223
-8.134799
-8.558486
-6.948474
-4.830037
-1.948962
-3.474237
-7.202686
-10.422711
-12.964835
-15.591697
-16.523810
-20.167521
-20.930159
-19.659096
-16.439072
-14.574847
-11.100611
-13.049573
-13.049573
-16.862759
-15.676435
-16.523810
-14.066422
-17.286447
-12.286935
-13.896947
-13.473260
-16.947497
-16.693284
-19.743834
-19.235409
-21.184371
-19.574359
-22.201221
-20.845421
-22.879121
-22.031746
-26.353358
-24.828083
-27.115995
-24.489133
-25.167033
-21.014896
-19.235409
-14.490110
-14.405372
-13.812210
-18.218559
-16.862759
-20.082784
-14.405372
-13.134310
-7.626374
-7.965324
-7.456899
-10.422711
-7.626374
-9.829548
-7.456899
-11.185348
-10.083761
-12.456410
-9.321123
-10.422711
-7.711111
-7.033211
-6.101099
-9.575336
-6.440049
-8.982173
-9.914286
-12.710623
-10.168498
-12.795360
-9.914286
-11.439560
-9.405861
-14.490110
-13.981685
-15.422222
-13.727473
-16.778022
-11.439560
-14.405372
-12.117460
-13.727473
-10.931136
-12.795360
-11.693773
-11.100611
-10.253236
-11.270085
-9.660073
-8.897436
-4.830037
-5.762149
-5.931624
-9.405861
-11.100611
-11.947985
-8.050061
-6.440049
-4.321612
-7.880586
-8.219536
-10.337973
-12.032723
-8.643223
-7.795849
-2.881074
-0.932112
-4.406349
-2.711600
-4.999512
-3.220024
2.033700
11.778510
14.066422
18.472772
17.879609
19.659096
16.439072
6.778999
16.184860
19.235409
19.150672
17.879609
16.523810
17.794872
17.794872
19.659096
22.624908
22.031746
20.760684
22.031746
20.336996
20.506471
19.574359
16.439072
14.320635
14.151160
14.490110
13.727473
12.880098
9.066911
8.727961
5.762149
4.321612
4.152137
4.660562
5.846886
6.101099
6.609524
10.168498
14.829060
18.133822
18.472772
18.557509
16.354335
16.269597
15.252747
17.794872
17.201709
22.285958
25.336508
28.980220
32.454457
36.098168
33.894994
33.471306
30.844444
29.234432
23.726496
22.963858
20.845421
24.404396
23.387546
24.658608
20.930159
20.506471
17.540659
14.913797
11.524298
15.506960
13.049573
13.727473
11.354823
11.185348
3.897924
3.643712
-2.711600
-1.355800
-1.694750
3.558974
0.169475
1.186325
-3.728449
-0.254212
-2.457387
-0.932112
-0.423687
-2.033700
-9.151648
-10.846398
-17.794872
-14.151160
-12.880098
-8.897436
-8.897436
-6.440049
-10.931136
-11.270085
-13.812210
-12.117460
-16.269597
-16.184860
-19.404884
-18.388034
-21.184371
-23.641758
-29.064957
-26.099145
-25.675458
-21.777534
-21.184371
-19.235409
-23.557021
-25.760195
-26.946520
-21.608059
-20.421734
-13.981685
-14.405372
-14.829060
-20.167521
-21.438584
-23.218071
-18.557509
-15.506960
-9.405861
-9.914286
-9.405861
-9.660073
-4.830037
-0.254212
9.236386
11.270085
15.083272
9.660073
7.795849
2.711600
8.643223
9.914286
14.829060
9.575336
7.795849
2.457387
1.355800
-0.847375
2.881074
3.558974
3.558974
0.423687
-3.389499
-10.592186
-10.761661
-12.541148
-7.456899
-8.897436
-4.660562
-5.084249
-5.677411
-9.829548
-7.117949
-8.812698
-3.304762
3.050549
10.168498
11.185348
12.202198
6.440049
4.575824
-0.847375
-0.084737
-0.762637
1.016850
0.932112
5.677411
9.321123
13.642735
14.659585
15.845910
15.252747
17.794872
17.455922
17.710134
17.032234
19.828571
21.099634
21.523321
19.150672
21.523321
24.319658
26.353358
29.573382
29.488645
28.980220
27.285470
21.523321
20.252259
15.676435
9.575336
2.033700
-3.897924
-10.253236
-18.133822
-25.590720
-30.505495
-32.708669
-33.979731
-33.640781
-30.929182
-27.115995
-25.844933
-22.455433
-21.184371
-21.692796
-22.709646
-21.438584
-22.794383
-19.998046
-16.608547
-8.389011
-3.897924
4.491087
5.677411
5.168987
-0.338950
-0.169475
-3.982662
-4.745299
-5.846886
-2.881074
-2.203175
-0.084737
-3.897924
-6.016361
-13.727473
-17.540659
-24.573871
-22.370696
-20.760684
-15.422222
-13.134310
-14.998535
-7.711111
-4.491087
-6.524786
-5.762149
-6.694261
-4.406349
-4.321612
-0.338950
0.762637
3.558974
-0.677900
-0.932112
-3.220024
1.101587
1.694750
4.067399
6.101099
11.609035
11.439560
10.507448
6.185836
-1.864225
-11.015873
-15.761172
-20.760684
-22.031746
-20.930159
-18.981197
-17.455922
-16.947497
-18.896459
-17.286447
-14.066422
-12.117460
-11.947985
-6.948474
-4.575824
-1.271062
-1.186325
-0.762637
-1.525275
-0.762637
-0.593162
1.525275
5.592674
8.389011
11.609035
15.252747
13.812210
12.625885
9.829548
12.117460
12.795360
10.083761
9.829548
7.033211
5.084249
6.016361
2.118437
0.508425
1.864225
4.914774
3.728449
1.694750
0.932112
0.762637
2.118437
7.372161
8.727961
12.964835
14.829060
15.506960
12.032723
8.050061
7.287424
8.304274
10.592186
11.693773
10.761661
7.372161
5.846886
6.524786
9.236386
7.795849
5.168987
2.372650
1.016850
1.355800
2.626862
3.813187
4.660562
3.643712
4.152137
3.558974
4.491087
10.083761
15.168010
20.760684
22.370696
19.404884
15.337485
10.168498
10.168498
6.185836
0.169475
1.016850
1.355800
-2.287912
-0.932112
-3.304762
-0.338950
-1.948962
-0.169475
-3.813187
-7.711111
-19.065934
-23.726496
-28.217582
-22.963858
-22.116484
-23.726496
-32.369719
-38.216606
-43.385592
-39.402930
-35.589744
-27.370208
-25.167033
-19.998046
-20.336996
-15.930647
-14.659585
-12.710623
-14.320635
-11.439560
-12.710623
-13.473260
-17.116972
-15.761172
-16.523810
-11.778510
-10.931136
-6.016361
-3.728449
0.423687
1.186325
7.117949
8.727961
12.710623
13.134310
22.285958
25.082295
26.946520
26.353358
27.285470
26.353358
28.641270
28.048107
30.844444
34.742369
37.284493
38.386081
40.250305
40.504518
40.250305
36.945543
33.640781
32.200244
31.098657
30.929182
31.183394
32.962882
35.420269
36.521856
35.589744
34.657631
32.708669
33.132357
31.183394
31.776557
28.895482
28.387057
22.116484
17.032234
9.999023
15.676435
13.134310
13.219048
12.456410
12.032723
13.049573
14.235897
12.964835
12.795360
9.151648
9.914286
6.609524
7.456899
4.999512
4.745299
0.254212
3.220024
-0.254212
0.847375
-1.271062
2.711600
2.965812
7.033211
6.524786
6.863736
2.626862
4.745299
-1.271062
-4.152137
-8.473748
-4.914774
-5.762149
-6.694261
-11.185348
-11.524298
-13.134310
-10.761661
-9.321123
0.254212
-2.542125
-2.542125
-6.016361
-8.812698
-10.592186
-8.389011
-6.185836
-2.457387
-5.846886
-5.677411
-10.846398
-11.693773
-12.880098
-10.422711
-9.321123
-9.829548
-11.524298
-7.287424
-7.033211
-6.778999
-3.897924
0.847375
1.186325
1.101587
1.610012
1.864225
1.186325
4.914774
3.728449
5.931624
6.609524
5.846886
-0.423687
-3.050549
-3.389499
0.000000
-0.084737
-0.677900
-4.575824
-5.677411
-11.439560
-11.524298
-12.456410
-10.676923
-9.660073
-8.134799
-10.592186
-8.727961
-12.032723
-10.931136
-11.693773
-8.473748
-7.287424
-6.524786
-11.947985
-14.066422
-18.981197
-21.353846
-23.218071
-19.150672
-18.472772
-16.100122
-17.286447
-18.896459
-21.777534
-20.591209
-20.336996
-18.218559
-16.523810
-16.778022
-18.303297
-18.388034
-19.998046
-19.320147
-20.930159
-21.862271
-20.252259
-20.082784
-14.913797
-11.100611
-4.406349
-2.287912
1.271062
1.864225
4.914774
2.796337
3.135287
1.016850
1.779487
0.169475
0.847375
1.101587
4.745299
4.321612
7.117949
6.355311
7.117949
1.525275
1.271062
-3.813187
-6.185836
-11.693773
-11.947985
-13.388523
-11.185348
-12.880098
-11.185348
-14.405372
-12.117460
-12.880098
-10.253236
-9.829548
-7.117949
-6.440049
-1.101587
-1.186325
1.779487
-3.220024
-4.236874
-11.100611
-10.253236
-12.456410
-8.304274
-3.050549
1.864225
1.101587
-0.423687
-7.287424
-7.711111
-9.660073
-5.168987
-2.796337
-0.593162
-1.779487
-3.220024
-5.338462
-6.185836
-4.830037
-1.016850
2.542125
3.304762
3.982662
4.660562
5.423199
9.829548
13.896947
18.896459
20.167521
22.370696
24.319658
25.590720
27.031258
27.031258
25.675458
22.116484
20.082784
16.354335
19.150672
19.065934
22.624908
24.065446
26.099145
24.489133
27.031258
26.014408
27.115995
27.285470
32.369719
34.318681
39.487668
39.657143
37.708181
35.843956
35.674481
32.200244
32.369719
27.709158
27.285470
23.557021
22.031746
16.523810
13.473260
