9.140415
8.178266
5.580464
6.061538
6.253968
9.621490
10.102564
10.006349
9.813919
6.446398
3.559951
2.597802
1.154579
2.116728
1.443223
-3.078877
-5.676679
-10.294994
-9.236630
-3.271306
5.195604
10.294994
15.105739
15.490598
19.531624
21.936996
24.342369
28.960684
33.675214
34.252503
35.503297
35.214652
34.348718
31.366056
31.173626
29.056899
29.056899
23.861294
20.878632
15.201954
9.236630
3.848596
1.058364
2.790232
1.731868
0.769719
0.096215
-5.099389
-7.408547
-10.583639
-12.315507
-14.624664
-17.126252
-16.067888
-16.548962
-16.452747
-15.586813
-15.105739
-16.837607
-20.205128
-21.744567
-22.225641
-20.782418
-17.030037
-12.411722
-10.679853
-15.875458
-19.724054
-21.455922
-19.531624
-17.318681
-13.470085
-12.892796
-15.779243
-23.476435
-26.459096
-26.074237
-22.033211
-18.280830
-15.009524
-18.954335
-23.187790
-26.459096
-28.287179
-28.190965
-25.400733
-19.146764
-14.047375
-14.913309
-16.164103
-16.260317
-13.277656
-7.216117
2.597802
12.219292
15.490598
12.796581
7.985836
5.772894
2.405372
4.233455
9.525275
11.449573
8.370696
4.618315
-0.192430
1.443223
4.618315
6.927473
9.813919
12.700366
11.449573
10.391209
6.350183
4.425885
2.982662
4.810745
9.044200
13.854945
15.009524
16.164103
16.452747
15.875458
15.201954
16.067888
16.645177
15.683028
13.470085
13.277656
12.026862
11.738217
10.679853
10.776068
9.910134
10.198779
10.583639
9.236630
5.003175
4.233455
1.539438
2.790232
2.982662
3.271306
-0.192430
-5.580464
-10.102564
-11.834432
-10.776068
-8.563126
-7.697192
-2.020513
-1.635653
-1.635653
-2.886447
0.962149
5.003175
6.831258
5.291819
1.154579
-1.250794
-2.309158
1.539438
5.772894
10.872283
15.105739
19.339194
22.899145
25.112088
26.074237
28.094750
27.036386
25.978022
24.149939
23.380220
22.321856
19.916484
18.665690
17.992186
13.854945
10.872283
9.525275
9.813919
10.006349
10.679853
10.872283
12.411722
12.315507
10.776068
3.848596
7.697192
8.370696
6.350183
2.405372
0.673504
-2.212943
-1.635653
-3.078877
-1.539438
-2.212943
-2.790232
-1.828083
-1.539438
-2.790232
-4.618315
-3.752381
-5.484249
-7.216117
-8.178266
-7.408547
-8.178266
-9.236630
-10.776068
-12.507937
-14.143590
-17.318681
-19.435409
-18.377045
-16.837607
-14.913309
-15.394383
-19.531624
-26.459096
-30.500122
-34.444933
-35.984371
-37.427595
-38.197314
-38.582173
-39.255678
-41.083761
-41.083761
-40.025397
-38.678388
-37.523810
-34.252503
-31.654701
-28.190965
-26.266667
-22.225641
-19.627839
-16.260317
-14.336020
-12.411722
-13.085226
-11.545788
-9.621490
-8.370696
-7.119902
-6.157753
-5.869109
-4.906960
-7.600977
-3.944811
-2.982662
-1.154579
-0.577289
-0.384860
0.962149
3.463736
-2.501587
3.944811
4.618315
4.233455
5.388034
5.388034
7.793407
9.910134
13.566300
16.645177
18.858120
19.242979
19.531624
18.473260
20.397558
21.840781
23.476435
24.823443
24.149939
20.397558
21.263492
18.377045
17.703541
19.627839
18.954335
18.858120
20.108913
19.724054
17.799756
16.356532
14.432234
13.277656
10.776068
9.044200
8.755556
8.274481
7.312332
10.968498
13.566300
17.222466
19.627839
20.108913
20.878632
20.012698
19.146764
18.473260
15.201954
11.449573
7.697192
5.291819
0.769719
-8.274481
-5.291819
-5.388034
-5.676679
-7.793407
-11.738217
-13.951160
-15.394383
-16.548962
-16.837607
-14.432234
-12.123077
-9.717705
-6.542613
-4.233455
-5.484249
-6.735043
-5.291819
-4.233455
-1.924298
2.212943
6.735043
10.391209
9.717705
9.525275
9.910134
10.391209
9.813919
9.621490
8.659341
5.195604
0.769719
-2.405372
-6.157753
-8.947985
-12.892796
-13.566300
-14.913309
-13.085226
-14.336020
-12.989011
-12.604151
-10.583639
-7.793407
-5.099389
-4.425885
-4.425885
-4.522100
-2.597802
0.384860
2.501587
4.522100
5.099389
4.137241
1.731868
-2.020513
-1.924298
-4.714530
-3.656166
-5.291819
-2.886447
-0.962149
1.058364
2.116728
5.003175
1.347009
-2.597802
-5.580464
-6.542613
-7.793407
-7.889621
-5.869109
-3.271306
-4.041026
-4.233455
-3.848596
-2.116728
-0.288645
2.309158
4.233455
3.559951
3.848596
2.982662
1.154579
0.288645
1.347009
1.828083
1.539438
1.443223
0.673504
0.769719
0.962149
1.635653
4.810745
3.271306
0.384860
0.577289
0.000000
-0.865934
-1.250794
-5.003175
-5.676679
-6.542613
-14.817094
-5.772894
-5.388034
-7.985836
-11.449573
-14.817094
-17.030037
-19.050549
-17.607326
-17.126252
-15.394383
-11.353358
-7.119902
-2.790232
-1.731868
-0.577289
3.271306
9.621490
12.700366
12.026862
11.257143
6.735043
3.848596
1.924298
0.962149
0.769719
-1.058364
-2.501587
-6.735043
-12.796581
-14.047375
-16.548962
-15.490598
-14.624664
-12.989011
-15.009524
-16.164103
-17.799756
-18.761905
-15.971673
-10.583639
-5.291819
-3.656166
-13.566300
-9.140415
-13.470085
-10.679853
-9.717705
-8.274481
-9.717705
-12.026862
-15.490598
-16.067888
-14.624664
-7.119902
-2.020513
-0.192430
-3.078877
-5.772894
-8.947985
-10.294994
-6.350183
-2.501587
0.865934
3.367521
4.137241
7.793407
9.813919
13.085226
15.875458
15.586813
15.394383
11.257143
8.466911
5.388034
5.003175
5.484249
6.061538
9.332845
10.583639
10.679853
10.391209
11.449573
13.566300
14.432234
16.548962
18.184615
15.298168
10.391209
6.542613
5.869109
6.157753
8.274481
7.600977
7.985836
8.755556
8.082051
6.831258
3.656166
3.271306
1.828083
4.906960
6.638828
8.082051
9.236630
10.487424
5.484249
2.597802
-0.288645
-2.116728
-3.271306
-2.020513
0.962149
4.233455
8.659341
14.047375
16.645177
19.724054
19.050549
17.607326
18.761905
22.033211
25.304518
29.056899
29.249328
29.345543
27.517460
28.960684
28.094750
24.438584
20.012698
14.624664
12.507937
10.583639
8.563126
5.965324
-1.154579
-2.790232
-4.329670
-6.157753
-0.769719
1.828083
1.924298
4.906960
3.078877
-3.175092
-5.965324
-8.755556
-8.947985
-7.600977
-4.137241
-0.962149
1.058364
0.000000
-1.443223
1.250794
1.058364
2.116728
3.078877
2.790232
0.000000
-1.828083
-3.944811
-5.388034
-8.659341
-11.545788
-15.586813
-17.607326
-17.607326
-17.703541
-15.971673
-10.487424
-6.542613
-4.233455
-2.405372
2.694017
3.848596
3.752381
3.463736
0.769719
-1.058364
-2.982662
-3.271306
-4.425885
-5.484249
-6.927473
-8.659341
-9.621490
-6.927473
-5.965324
-4.906960
-3.656166
-3.848596
-2.116728
-2.694017
-2.790232
-0.481074
2.212943
5.003175
6.157753
5.099389
7.793407
7.889621
8.466911
7.889621
7.697192
7.312332
6.061538
3.463736
-0.384860
-3.078877
-3.271306
-3.944811
-4.329670
-5.772894
-9.236630
-10.583639
-11.834432
-13.181441
-12.123077
-9.044200
-9.621490
-9.236630
-10.198779
-7.697192
-6.927473
-5.869109
-3.271306
-1.539438
-0.962149
-0.962149
-2.501587
-5.195604
-9.525275
-12.989011
-16.548962
-17.992186
-18.665690
-18.761905
-19.339194
-18.569475
-18.858120
-19.435409
-18.569475
-19.724054
-18.088400
-17.126252
-18.569475
-17.222466
-19.050549
-19.339194
-20.108913
-23.572650
-23.957509
-23.861294
-25.112088
-24.342369
-24.438584
-23.957509
-24.823443
-25.496947
-23.284005
-22.706716
-20.108913
-16.356532
-14.432234
-11.834432
-9.044200
-7.119902
-4.329670
-0.865934
1.058364
2.982662
8.659341
9.140415
12.604151
14.624664
18.761905
20.012698
21.744567
21.455922
20.397558
18.184615
18.377045
16.067888
17.414896
17.703541
16.356532
15.779243
12.123077
15.394383
14.239805
11.257143
8.178266
7.023687
7.216117
9.332845
9.813919
11.834432
12.892796
13.181441
11.642002
9.525275
8.947985
5.965324
4.714530
1.058364
0.865934
1.828083
2.597802
2.309158
2.116728
-8.178266
0.577289
0.481074
2.597802
2.982662
6.542613
7.408547
13.181441
15.586813
15.009524
6.927473
13.951160
15.394383
14.624664
12.989011
10.776068
10.102564
7.889621
4.425885
0.962149
1.635653
1.058364
-0.577289
-0.481074
2.982662
3.367521
9.140415
12.219292
18.569475
20.589988
21.840781
19.339194
19.916484
18.665690
15.971673
13.470085
10.968498
6.542613
3.175092
-0.577289
-4.714530
-10.679853
-12.700366
-13.181441
-11.545788
-12.026862
-10.102564
-10.968498
-10.583639
-10.102564
-4.714530
-3.078877
1.250794
4.714530
7.119902
5.580464
6.350183
3.848596
4.810745
5.388034
7.023687
3.848596
2.020513
-0.865934
-4.041026
-5.003175
-5.676679
-7.504762
-8.947985
-8.370696
-6.350183
-4.425885
-8.851770
-0.673504
1.058364
4.041026
9.140415
9.525275
9.813919
11.353358
10.679853
9.332845
9.236630
3.752381
-0.673504
-7.119902
-11.160928
-14.817094
-18.665690
-20.782418
-24.438584
-25.496947
-27.709890
-25.689377
-27.517460
-27.132601
-29.730403
-32.520635
-32.520635
-31.847131
-29.056899
-25.304518
-22.129426
-21.840781
-20.012698
-18.280830
-16.741392
-11.642002
-10.294994
-4.425885
-0.192430
3.078877
6.446398
7.697192
11.257143
16.164103
17.126252
15.490598
17.511111
5.965324
16.837607
18.088400
16.260317
14.817094
11.545788
11.738217
11.738217
10.872283
10.487424
11.449573
12.507937
9.236630
7.600977
7.023687
5.484249
7.408547
12.507937
14.817094
16.548962
17.992186
19.627839
18.184615
18.761905
17.511111
17.511111
19.531624
20.974847
22.418071
24.631013
24.438584
24.823443
22.418071
23.668864
22.514286
18.473260
14.528449
12.411722
11.449573
12.892796
13.758730
16.164103
15.009524
15.779243
12.123077
7.216117
6.061538
7.312332
9.140415
11.353358
9.910134
8.851770
6.446398
6.638828
5.580464
6.638828
9.236630
11.738217
8.851770
6.253968
3.656166
3.752381
4.329670
5.869109
7.600977
7.793407
7.504762
5.772894
4.618315
4.329670
5.099389
2.212943
-0.096215
-4.137241
-7.889621
-10.968498
-12.604151
-12.700366
-11.160928
-7.408547
-4.425885
-1.828083
0.192430
2.694017
3.463736
1.154579
2.886447
-1.347009
-2.886447
-7.504762
-7.793407
-7.889621
-4.137241
-2.116728
-1.154579
-3.559951
-4.906960
-8.082051
-9.140415
-9.813919
-11.064713
-13.277656
-12.507937
-11.449573
-9.525275
-6.253968
-5.484249
-1.154579
-0.577289
-2.597802
-6.253968
-10.102564
-11.545788
-13.470085
-13.951160
-13.470085
-11.930647
-13.373871
-12.411722
-10.391209
-9.140415
-6.542613
-5.580464
-4.810745
-4.425885
-3.463736
-1.635653
-2.116728
-3.078877
-6.831258
-7.504762
-7.793407
-9.140415
-7.889621
-7.600977
-8.178266
-7.119902
-6.927473
-3.367521
-1.347009
-2.982662
-4.425885
-5.291819
-6.157753
-9.236630
-11.545788
-16.645177
-19.531624
-21.455922
-21.744567
-24.438584
-24.727228
-27.806105
-28.672039
-28.672039
-26.747741
-26.266667
-23.091575
-23.957509
-23.091575
-21.936996
-17.318681
-15.201954
-11.642002
-11.064713
-8.274481
-10.968498
-10.679853
-12.892796
-12.219292
-12.315507
-12.892796
-13.566300
-12.796581
-9.236630
-5.388034
-1.731868
3.463736
1.828083
-0.577289
-3.848596
-4.329670
-3.752381
2.020513
-0.288645
11.353358
8.947985
6.831258
4.906960
2.020513
-0.769719
3.752381
9.813919
13.951160
14.336020
12.219292
11.257143
10.776068
13.277656
20.397558
21.744567
20.493773
18.761905
15.009524
14.047375
13.181441
16.067888
17.414896
17.222466
15.394383
13.470085
10.583639
11.930647
11.738217
12.700366
14.720879
11.930647
3.656166
-1.250794
-4.522100
-2.405372
2.309158
8.370696
14.528449
17.222466
14.047375
11.257143
7.312332
6.446398
9.910134
3.559951
9.236630
3.559951
-2.116728
-4.522100
-4.714530
-1.443223
-1.154579
2.020513
4.714530
4.906960
2.212943
0.384860
-0.769719
1.347009
1.635653
0.962149
-5.580464
-12.796581
-17.992186
-17.992186
-14.817094
-8.755556
-5.099389
-4.618315
-7.408547
-10.679853
-10.487424
-7.023687
0.481074
4.618315
4.522100
0.673504
-3.848596
-10.872283
-13.662515
-15.009524
-15.201954
-17.607326
-14.143590
-16.164103
-16.356532
-16.645177
-18.954335
-17.318681
-15.298168
-16.260317
-15.971673
-16.067888
-17.222466
-16.164103
-14.432234
-13.566300
-10.679853
-7.216117
-7.023687
-7.119902
-7.408547
-7.023687
-7.312332
-7.697192
-5.195604
-3.463736
-1.539438
-3.078877
-3.463736
-3.175092
-2.405372
-1.539438
2.694017
2.694017
5.003175
8.851770
13.566300
17.030037
19.242979
19.050549
18.954335
18.761905
19.531624
23.091575
25.689377
24.631013
25.593162
25.304518
22.706716
19.820269
20.012698
20.301343
22.899145
24.727228
28.287179
30.981197
32.713065
33.963858
32.520635
32.231990
31.847131
30.500122
30.211477
28.864469
28.479609
29.634188
29.441758
29.345543
28.864469
27.902320
27.806105
23.765079
22.033211
19.627839
17.799756
16.933822
18.280830
18.473260
18.761905
16.837607
12.123077
7.793407
1.828083
-1.539438
-4.329670
-7.793407
-8.947985
-10.583639
-9.429060
-10.294994
-10.679853
-13.758730
-14.432234
-15.105739
-16.260317
-17.318681
-16.260317
-15.009524
-16.452747
-17.511111
-17.703541
-19.435409
-18.761905
-18.377045
-17.126252
-15.586813
-10.679853
-4.137241
-2.597802
-0.577289
2.405372
4.329670
5.676679
5.484249
3.752381
0.673504
-1.154579
-3.656166
-5.003175
-7.216117
-11.545788
-15.105739
-17.222466
-20.205128
-21.359707
-21.455922
-22.610501
-21.744567
-25.785592
-14.913309
-8.178266
-2.212943
2.597802
7.119902
9.236630
8.178266
8.082051
6.061538
4.233455
-1.635653
-6.638828
-8.755556
-10.487424
-7.504762
-7.600977
-8.082051
-7.697192
-7.216117
-7.697192
-7.408547
-8.947985
-10.198779
-9.717705
-11.834432
-13.181441
-17.703541
-20.108913
-23.187790
-22.899145
-22.129426
-21.455922
-23.091575
-21.744567
-25.400733
-28.479609
-29.634188
-29.634188
-26.555311
-23.476435
-27.325031
-29.634188
-28.864469
-27.517460
-25.689377
-19.627839
-17.126252
-17.992186
-21.648352
-23.476435
-21.455922
-18.569475
-14.720879
-8.659341
-8.274481
-10.583639
-15.779243
-18.280830
-18.184615
-15.298168
-10.968498
-8.178266
-10.102564
-9.525275
-8.755556
-6.446398
-1.731868
3.463736
6.927473
8.851770
6.831258
4.714530
6.061538
8.947985
12.026862
16.067888
17.895971
18.280830
14.720879
14.720879
15.105739
19.531624
22.225641
27.132601
28.094750
24.534799
20.301343
19.050549
19.435409
22.129426
24.438584
26.940171
25.112088
22.129426
16.452747
15.201954
15.298168
17.703541
18.665690
21.552137
17.895971
14.624664
11.257143
8.755556
10.679853
13.662515
18.377045
23.476435
26.170452
26.266667
25.978022
29.056899
26.843956
28.190965
29.922833
30.884982
28.575824
28.190965
22.802930
21.359707
20.589988
19.435409
19.242979
23.187790
24.053724
24.149939
21.167277
18.761905
17.126252
16.356532
15.105739
15.105739
14.432234
15.105739
12.700366
11.834432
6.253968
3.463736
2.309158
1.250794
2.212943
2.597802
2.116728
2.886447
2.790232
2.694017
1.443223
2.116728
1.250794
2.405372
4.810745
7.600977
10.968498
12.700366
11.545788
13.951160
14.047375
12.796581
8.466911
5.099389
1.154579
-3.463736
-4.618315
-7.312332
-8.851770
-8.370696
-10.679853
-13.566300
-15.779243
-14.336020
-15.201954
-15.875458
-13.854945
-12.796581
-11.257143
-8.178266
-5.484249
-2.886447
-3.848596
-5.003175
-7.408547
-8.563126
-11.064713
-10.872283
-9.525275
-8.274481
-5.195604
-1.539438
2.116728
2.116728
-0.577289
-3.752381
-9.332845
-12.700366
-15.105739
-12.796581
-10.679853
-5.099389
-1.443223
-0.769719
-1.828083
-2.694017
-4.233455
-5.195604
-6.927473
-8.082051
-9.813919
-10.583639
-11.642002
-9.236630
-5.676679
-4.233455
-2.501587
1.154579
-0.962149
1.154579
-0.288645
1.924298
6.061538
8.851770
10.487424
15.683028
17.511111
16.452747
16.356532
16.933822
15.875458
14.528449
14.720879
15.105739
12.123077
9.429060
6.638828
5.003175
1.250794
-0.096215
-5.676679
-7.697192
-15.875458
-9.140415
-12.219292
-13.758730
-17.126252
-14.817094
-15.586813
-12.989011
-13.951160
-13.951160
-14.528449
-13.951160
-12.700366
-11.449573
-10.776068
-7.697192
-6.735043
-3.078877
-4.522100
-6.157753
-10.102564
-12.123077
-12.507937
-13.758730
-14.143590
-16.645177
-17.895971
-21.263492
-24.246154
-22.802930
-23.572650
-22.899145
-20.782418
-17.895971
-16.164103
-14.432234
-13.951160
-13.277656
-12.700366
-13.277656
-16.741392
-18.377045
-21.936996
-24.149939
-20.878632
-17.799756
-14.913309
-14.432234
-12.989011
-11.545788
-11.545788
-11.449573
-9.717705
-7.697192
-6.253968
-6.831258
-6.157753
-4.906960
-3.367521
-1.154579
2.886447
2.020513
3.078877
1.443223
2.405372
1.635653
3.944811
6.927473
8.563126
9.910134
12.507937
12.892796
13.854945
11.930647
9.910134
7.216117
3.752381
0.481074
-1.635653
-3.656166
-4.522100
-3.367521
-0.577289
-1.347009
-1.250794
-2.501587
-1.635653
-2.020513
-1.635653
-0.865934
-0.577289
-1.058364
-1.250794
-3.463736
-2.982662
-5.003175
-4.522100
-4.425885
-3.848596
-5.484249
-7.216117
-8.755556
-9.717705
-12.700366
-15.009524
-14.239805
-14.624664
-15.009524
-10.968498
-8.563126
-8.082051
-7.793407
-5.388034
-4.618315
-4.714530
-4.810745
-3.367521
-0.673504
-0.577289
1.731868
3.367521
4.425885
6.157753
7.216117
7.793407
9.140415
8.370696
10.198779
8.178266
7.312332
3.656166
3.271306
2.694017
7.216117
8.563126
9.429060
9.910134
11.160928
10.776068
11.449573
10.006349
10.391209
10.487424
13.277656
14.913309
15.971673
13.566300
10.776068
9.236630
7.119902
4.137241
1.731868
-0.577289
0.769719
1.250794
0.577289
0.000000
1.635653
0.096215
0.962149
-0.288645
-1.058364
-4.714530
-3.367521
-2.309158
-2.694017
-4.906960
-3.367521
-3.944811
-4.329670
-3.944811
-1.058364
0.000000
1.731868
2.597802
3.463736
2.694017
0.384860
-0.962149
-7.985836
-5.484249
-3.656166
-3.271306
-3.752381
-3.944811
-4.522100
-4.137241
-3.078877
-2.405372
0.673504
2.501587
3.367521
5.869109
7.408547
8.755556
8.274481
6.253968
4.810745
2.597802
3.271306
3.078877
4.425885
2.694017
3.944811
3.848596
4.714530
5.869109
7.793407
7.216117
7.985836
9.140415
7.119902
8.370696
8.082051
7.312332
4.041026
4.329670
4.522100
7.600977
8.755556
9.813919
10.872283
12.026862
11.449573
11.642002
7.600977
3.559951
0.673504
0.288645
-3.463736
-0.577289
-1.828083
-3.078877
-5.484249
-6.253968
-3.559951
1.250794
4.810745
6.350183
8.082051
8.082051
4.810745
4.233455
7.600977
10.294994
10.679853
11.834432
14.624664
12.700366
15.105739
14.047375
13.277656
12.700366
9.910134
12.219292
15.779243
18.473260
17.414896
14.913309
7.312332
-0.769719
-5.676679
-7.697192
-4.137241
-1.924298
1.058364
1.250794
0.577289
1.058364
-0.481074
-0.192430
0.481074
-0.384860
-1.347009
-1.539438
-4.041026
-5.099389
-4.618315
-4.810745
-5.965324
-4.425885
-6.446398
-8.274481
-9.236630
-8.659341
-9.717705
-9.140415
-10.583639
-9.910134
-10.294994
-10.391209
-11.834432
-15.394383
-14.624664
-16.452747
-18.280830
-14.047375
-13.181441
-9.332845
-8.178266
-7.793407
-7.119902
-8.755556
-5.195604
-0.192430
2.597802
4.041026
7.408547
10.198779
11.064713
12.026862
13.854945
15.875458
15.779243
10.487424
5.099389
-2.116728
-6.253968
-9.910134
-11.449573
-11.064713
-10.487424
-6.927473
-3.463736
-2.309158
-3.848596
-1.539438
0.384860
5.580464
8.274481
5.772894
4.618315
4.425885
5.772894
6.253968
8.274481
9.044200
8.370696
6.253968
5.484249
2.694017
0.577289
-1.828083
-4.041026
-5.484249
-7.312332
-5.484249
-0.673504
6.446398
11.257143
9.813919
12.123077
7.600977
6.253968
3.463736
4.714530
0.192430
-4.522100
-10.391209
-13.181441
-19.916484
-23.957509
-26.362882
-25.785592
-26.459096
-28.383394
-25.015873
-23.861294
-26.459096
-26.362882
-22.610501
-21.359707
-23.861294
-23.091575
-22.129426
-21.744567
-20.301343
-19.724054
-19.627839
-20.974847
-22.514286
-19.724054
-17.992186
-16.933822
-16.548962
-13.373871
-7.793407
-5.484249
-4.810745
-3.656166
-2.790232
-2.694017
-2.694017
-3.078877
-2.405372
0.769719
2.309158
2.212943
4.329670
7.023687
7.312332
8.466911
11.064713
11.449573
12.604151
11.930647
13.373871
12.989011
12.411722
11.353358
10.679853
10.487424
14.432234
7.889621
16.452747
16.741392
19.146764
19.050549
21.455922
22.321856
23.476435
23.380220
24.342369
24.149939
24.727228
21.648352
20.878632
19.146764
22.129426
20.974847
21.263492
18.858120
17.607326
13.181441
11.257143
9.332845
-3.175092
5.965324
6.061538
8.370696
8.370696
8.563126
9.236630
11.353358
14.143590
14.817094
14.528449
15.490598
14.624664
12.989011
11.257143
9.717705
9.813919
6.350183
2.790232
-0.384860
-3.463736
-1.347009
-0.384860
-4.329670
-5.195604
-8.466911
-11.642002
-11.930647
-10.006349
-8.274481
-10.679853
-11.834432
-15.201954
-16.933822
-18.088400
-16.933822
-15.105739
-12.796581
-11.642002
-14.720879
-18.184615
-19.435409
-20.589988
-20.782418
-22.899145
-23.380220
-25.978022
-25.496947
-25.304518
-23.861294
-24.823443
-25.400733
-23.476435
-22.706716
-21.648352
-18.858120
-16.933822
-16.067888
-12.989011
-7.697192
-2.116728
3.078877
5.772894
6.638828
7.119902
6.061538
5.099389
6.157753
8.563126
10.776068
13.181441
17.992186
18.088400
16.933822
14.432234
10.006349
6.542613
4.714530
5.484249
4.906960
6.831258
10.583639
14.913309
17.030037
19.916484
23.187790
