-6.694261
-10.931136
-10.931136
-11.015873
-13.473260
-14.829060
-13.473260
-9.321123
-5.931624
-3.135287
-2.457387
-3.304762
-3.304762
-6.694261
-10.931136
-15.337485
-19.489621
-23.811233
-28.217582
-33.386569
-37.877656
-42.114530
-42.961905
-41.351893
-36.691331
-34.657631
-31.522344
-31.013919
-30.251282
-28.132845
-28.556532
-27.370208
-24.319658
-23.048596
-22.879121
-21.353846
-21.947009
-21.692796
-19.998046
-18.811722
-15.845910
-15.506960
-15.422222
-17.625397
-19.150672
-16.778022
-15.930647
-15.337485
-12.710623
-10.761661
-9.660073
-8.558486
-6.355311
-1.779487
2.881074
3.389499
4.406349
5.338462
4.999512
1.948962
0.338950
-5.677411
-7.626374
-8.134799
-5.592674
-5.423199
-7.456899
-7.456899
-4.830037
-6.524786
-6.778999
-2.457387
-0.423687
-0.847375
-1.355800
0.169475
4.745299
8.558486
12.710623
18.133822
18.049084
15.761172
11.609035
12.286935
11.270085
10.676923
12.286935
17.794872
19.913309
20.082784
22.455433
26.183883
29.827595
33.217094
34.149206
34.572894
34.996581
34.488156
33.386569
30.336020
27.793895
24.658608
23.302808
23.811233
21.353846
18.642247
17.286447
16.184860
17.540659
19.150672
19.913309
16.184860
11.354823
4.406349
-0.169475
-2.881074
-2.796337
-1.016850
1.440537
1.440537
0.338950
-0.423687
-2.033700
-9.914286
-3.474237
-2.542125
-0.423687
-0.593162
-1.525275
-5.168987
-4.321612
-5.253724
-7.117949
-4.321612
-0.254212
2.372650
5.762149
7.117949
4.406349
5.931624
6.778999
10.083761
12.541148
13.896947
14.066422
12.202198
7.880586
5.253724
1.948962
3.474237
3.728449
7.965324
10.422711
11.609035
7.033211
2.881074
1.948962
4.321612
7.202686
9.914286
10.337973
8.727961
5.253724
4.321612
6.101099
3.474237
9.744811
6.270574
-0.338950
-5.846886
-12.117460
-16.608547
-18.218559
-18.388034
-23.302808
-16.778022
-17.710134
-21.438584
-20.591209
-18.133822
-21.692796
-11.185348
-9.490598
-5.762149
-3.135287
0.847375
0.593162
2.542125
3.558974
6.270574
2.626862
0.677900
0.508425
-0.254212
0.084737
1.864225
10.083761
14.151160
15.591697
16.015385
17.794872
21.608059
23.387546
24.234921
26.777045
23.811233
21.014896
19.743834
19.743834
20.421734
22.370696
24.065446
27.031258
25.251770
24.997558
22.540171
20.591209
14.998535
12.795360
9.999023
9.744811
5.168987
5.168987
4.830037
5.762149
5.931624
7.287424
6.270574
9.829548
8.473748
11.609035
10.592186
10.761661
7.880586
3.220024
-2.542125
-7.626374
-12.710623
-16.100122
-15.337485
-15.422222
-20.845421
-18.388034
-18.303297
-15.676435
-17.371184
-14.405372
-17.710134
-14.659585
-15.845910
-13.473260
-11.693773
-4.491087
-4.830037
-2.287912
-5.677411
-8.050061
-10.761661
-8.643223
-9.999023
-5.168987
-6.016361
-3.813187
-5.507937
-2.033700
-2.118437
-1.694750
-8.982173
-9.744811
-14.320635
-13.981685
-12.625885
-11.439560
-10.507448
-6.270574
-6.948474
-3.728449
-3.813187
-1.016850
-2.457387
0.000000
-4.406349
-7.033211
-13.219048
-21.692796
-20.082784
-18.642247
-18.557509
-17.540659
-17.710134
-14.998535
-16.015385
-14.913797
-19.404884
-20.167521
-23.387546
-22.624908
-26.353358
-25.421245
-28.132845
-26.946520
-28.556532
-26.183883
-24.150183
-15.930647
-14.320635
-11.439560
-13.134310
-12.202198
-8.982173
-3.813187
-1.779487
4.660562
3.304762
0.932112
-3.728449
-3.050549
-2.965812
1.610012
2.626862
1.779487
1.440537
1.864225
-0.169475
3.474237
2.711600
5.592674
6.016361
6.355311
4.321612
4.660562
3.982662
4.321612
4.406349
5.762149
7.541636
9.490598
8.134799
7.202686
6.948474
8.897436
14.659585
21.608059
20.082784
18.218559
15.930647
14.405372
11.524298
12.795360
12.625885
12.286935
7.033211
1.016850
-4.152137
-7.795849
-10.846398
-10.846398
-17.371184
-6.524786
-0.423687
-2.203175
-6.694261
-12.880098
-17.455922
-21.777534
-21.353846
-17.964347
-15.252747
-13.049573
-13.557998
-16.947497
-21.862271
-28.132845
-30.590232
-29.997070
-21.862271
-13.388523
-4.575824
1.864225
3.558974
3.982662
4.745299
2.118437
3.728449
4.236874
9.490598
10.337973
12.371673
11.270085
11.439560
10.337973
11.863248
9.744811
10.253236
11.185348
11.270085
5.931624
8.558486
8.558486
10.337973
8.897436
13.049573
12.625885
13.981685
9.066911
6.778999
-1.016850
-2.711600
-7.033211
-8.643223
-13.049573
-12.202198
-15.506960
-16.184860
-17.540659
-12.625885
-8.727961
-3.728449
-5.592674
-6.694261
-9.490598
-9.660073
-7.795849
-1.525275
0.677900
2.965812
1.271062
4.660562
5.168987
7.626374
7.880586
8.558486
4.914774
0.508425
-7.711111
-9.236386
-13.049573
-11.015873
-9.575336
-4.999512
-3.135287
-1.948962
-2.626862
-2.203175
-5.762149
-5.168987
-4.067399
-1.271062
-2.203175
-6.778999
-8.219536
-6.524786
-8.389011
-4.660562
-4.321612
-2.626862
-2.626862
0.254212
0.423687
-3.474237
6.016361
11.015873
11.439560
11.015873
8.982173
9.151648
7.117949
7.202686
7.795849
8.982173
5.168987
2.965812
0.423687
1.610012
3.389499
5.507937
6.524786
6.524786
3.220024
-1.610012
-6.609524
-7.626374
-9.575336
-7.117949
-2.372650
-2.033700
-0.338950
2.118437
3.220024
3.728449
4.914774
6.863736
7.456899
12.625885
16.184860
17.964347
18.472772
18.896459
16.269597
10.676923
8.982173
7.202686
6.524786
7.287424
7.202686
8.727961
8.727961
6.778999
8.389011
8.389011
11.015873
8.389011
6.694261
-0.593162
0.084737
-0.423687
2.372650
2.203175
6.524786
7.202686
9.490598
16.269597
19.998046
17.371184
13.219048
7.372161
4.236874
-0.847375
-0.254212
-1.440537
0.508425
-0.169475
6.355311
6.016361
8.982173
8.643223
8.897436
5.677411
5.168987
4.236874
4.745299
1.864225
1.948962
1.355800
6.694261
7.626374
7.541636
7.626374
6.524786
4.830037
7.965324
5.846886
7.880586
7.880586
8.897436
6.524786
4.575824
2.033700
4.491087
5.507937
8.727961
10.422711
12.880098
13.049573
5.846886
12.032723
9.999023
7.541636
5.507937
1.948962
-1.186325
-5.762149
-6.863736
-7.711111
-6.355311
-4.575824
-2.033700
-1.186325
-3.220024
-4.914774
-10.422711
-9.999023
-11.354823
-10.676923
-13.134310
-13.812210
-14.744322
-16.439072
-18.388034
-15.422222
-14.659585
-10.253236
-8.219536
-6.948474
-8.727961
-6.440049
-7.880586
-5.846886
-7.372161
-5.931624
-5.507937
-4.999512
-3.982662
-2.203175
-4.067399
-0.762637
-5.507937
-4.999512
-9.151648
-12.456410
-17.964347
-16.269597
-19.235409
-20.421734
-22.624908
-23.557021
-26.777045
-20.845421
-20.082784
-17.032234
-16.354335
-13.557998
-15.168010
-13.896947
-15.422222
-12.456410
-15.422222
-10.931136
-9.914286
-6.778999
-6.694261
-5.931624
-9.321123
-11.354823
-16.184860
-15.930647
-21.777534
-18.726984
-15.337485
-11.947985
-10.592186
-3.897924
-2.457387
1.948962
2.203175
3.304762
3.558974
6.270574
0.000000
1.610012
0.677900
0.338950
1.186325
6.016361
4.830037
5.253724
5.338462
5.253724
4.660562
7.456899
4.236874
6.355311
5.507937
3.897924
2.033700
2.796337
0.169475
1.186325
-1.186325
0.169475
-1.610012
-1.694750
-2.457387
-0.762637
1.440537
2.965812
4.321612
7.795849
6.185836
7.965324
7.372161
10.761661
10.931136
19.235409
21.523321
25.082295
21.184371
16.523810
11.270085
9.321123
7.033211
10.761661
7.541636
4.321612
-0.169475
2.033700
-0.847375
-1.694750
-0.254212
2.965812
-2.118437
-4.152137
-9.405861
-12.456410
-15.422222
-12.371673
-11.100611
-6.694261
-9.829548
-8.727961
-10.422711
-9.151648
-10.931136
-6.270574
-6.440049
-2.542125
-4.660562
-3.220024
-3.558974
0.169475
-1.779487
-3.135287
-7.541636
-8.982173
-11.947985
-12.371673
-12.286935
-10.083761
-13.981685
-13.896947
-11.609035
-10.083761
-9.575336
-4.999512
-5.423199
-4.660562
-5.168987
-2.796337
-1.864225
-2.287912
-3.304762
0.508425
1.864225
5.423199
5.762149
5.338462
0.338950
-2.457387
-2.711600
-0.508425
-1.610012
0.847375
-2.287912
-4.830037
-5.762149
-3.389499
-1.525275
9.999023
15.845910
20.336996
19.404884
18.981197
16.015385
15.506960
14.659585
16.523810
18.557509
21.353846
19.659096
20.760684
23.387546
26.522833
26.946520
26.607570
22.879121
20.675946
19.235409
18.218559
14.913797
12.032723
10.253236
7.372161
5.846886
5.253724
5.168987
4.236874
5.846886
4.999512
4.830037
5.762149
5.084249
2.965812
4.067399
3.728449
3.813187
2.203175
3.558974
1.779487
3.050549
1.440537
3.389499
6.524786
8.304274
2.626862
3.220024
11.354823
9.236386
7.287424
5.846886
1.186325
-1.016850
-2.033700
-2.372650
-1.864225
-0.847375
0.677900
2.287912
2.457387
2.796337
2.457387
3.304762
1.948962
2.372650
2.626862
1.101587
0.932112
1.016850
2.372650
4.745299
6.524786
6.609524
5.507937
1.948962
-2.626862
-3.728449
-3.982662
-1.694750
-4.152137
-3.897924
-2.203175
-4.236874
-4.575824
-4.575824
-3.389499
-1.864225
-0.508425
-2.796337
-1.864225
-8.727961
-1.016850
-1.355800
0.169475
4.830037
10.083761
9.490598
9.999023
8.897436
9.999023
8.134799
8.304274
6.948474
4.491087
0.338950
-3.389499
-4.660562
-4.067399
-3.813187
-1.864225
-1.779487
-2.372650
-5.592674
-4.914774
-9.575336
-11.439560
-11.693773
-8.897436
-8.389011
-5.846886
-5.592674
-4.152137
-7.880586
-9.490598
-13.727473
-15.083272
-18.303297
-13.981685
-12.625885
-7.202686
-15.168010
-5.423199
-10.592186
-8.134799
-10.507448
-10.592186
-10.931136
-9.490598
-12.371673
-12.456410
-16.354335
-12.371673
-12.795360
-12.117460
-12.710623
-10.253236
-11.185348
-9.660073
-11.185348
-10.931136
-9.066911
-4.999512
-4.575824
3.643712
5.592674
13.219048
17.116972
18.303297
12.625885
10.337973
3.304762
3.220024
-0.847375
1.440537
3.643712
8.473748
7.456899
9.660073
6.863736
8.812698
7.965324
13.049573
12.032723
17.116972
13.388523
13.812210
6.778999
6.016361
-2.711600
-4.999512
-8.219536
-9.066911
-12.286935
-11.015873
-15.930647
-16.439072
-21.523321
-19.998046
-17.540659
-12.371673
-13.557998
-13.727473
-24.065446
-28.810745
-31.776557
-28.641270
-26.438095
-20.167521
-13.896947
-10.592186
-16.778022
-19.404884
-21.692796
-15.506960
-9.321123
0.338950
5.338462
7.287424
-1.186325
-5.592674
-8.897436
-9.321123
-8.727961
-8.304274
-15.252747
-17.964347
-24.150183
-21.692796
-19.998046
-12.202198
-6.440049
-1.948962
-1.779487
-3.135287
-7.541636
-1.948962
0.254212
3.728449
2.965812
2.796337
-1.948962
-1.271062
-3.304762
2.796337
8.812698
12.456410
7.287424
2.881074
-5.338462
-5.084249
-7.372161
-1.355800
-1.779487
1.694750
0.508425
2.033700
-0.423687
2.457387
3.982662
8.643223
11.947985
14.913797
14.998535
18.133822
14.913797
15.337485
13.812210
19.404884
19.828571
16.693284
9.321123
7.880586
5.084249
5.423199
4.745299
8.134799
6.270574
7.880586
3.643712
3.389499
-0.932112
-1.101587
-1.779487
1.186325
0.084737
1.948962
-0.423687
-3.897924
-8.134799
-8.643223
-10.422711
-7.795849
-8.558486
-6.355311
-9.575336
-5.846886
-3.558974
0.677900
3.897924
5.253724
6.185836
10.337973
9.660073
8.219536
8.134799
9.321123
10.846398
8.812698
8.473748
7.795849
6.270574
4.406349
3.220024
3.389499
-0.084737
-0.169475
-1.101587
2.542125
2.796337
7.795849
7.117949
10.846398
12.880098
15.083272
13.981685
11.863248
12.625885
11.524298
10.422711
9.999023
7.880586
7.965324
4.406349
2.287912
-2.118437
-4.660562
-4.406349
-4.575824
-4.236874
-1.016850
0.508425
4.914774
6.863736
8.897436
7.880586
6.948474
5.931624
8.727961
8.982173
14.320635
16.862759
17.455922
17.201709
21.099634
13.727473
26.522833
28.217582
31.183394
32.623932
32.623932
25.590720
19.913309
12.880098
10.083761
8.982173
10.676923
11.354823
12.371673
13.049573
11.439560
10.592186
10.083761
6.694261
5.592674
4.491087
3.304762
2.203175
0.847375
-3.389499
-8.643223
-12.795360
-15.083272
-16.947497
-18.388034
-20.591209
-24.234921
-26.777045
-27.200733
-26.183883
-27.031258
-26.183883
-27.878632
-27.031258
-30.081807
-26.946520
-23.472283
-17.710134
-15.591697
-12.795360
-13.981685
-14.913797
-17.032234
-14.151160
-12.032723
-3.050549
0.847375
0.000000
-3.304762
-9.744811
-13.727473
-12.880098
-13.473260
-5.253724
2.033700
5.168987
1.101587
-0.423687
-1.186325
3.474237
6.016361
12.710623
14.151160
14.405372
9.914286
8.473748
1.525275
3.304762
3.558974
7.033211
4.491087
4.236874
-0.084737
-2.287912
-3.135287
3.389499
4.745299
6.948474
3.897924
3.982662
-1.864225
-3.389499
-0.847375
2.033700
4.914774
7.372161
2.796337
1.525275
-1.101587
-4.745299
-8.982173
-7.626374
-8.473748
-4.745299
-8.219536
-10.168498
-14.744322
-14.659585
-17.540659
-12.795360
-9.999023
-3.135287
-3.474237
-3.813187
-7.456899
-7.287424
-6.440049
-3.474237
0.932112
2.457387
1.101587
-0.338950
-2.457387
-3.474237
-0.254212
2.118437
5.931624
8.389011
8.643223
7.287424
8.219536
7.795849
8.134799
4.491087
4.660562
5.084249
7.117949
5.592674
5.084249
0.338950
-1.355800
-2.796337
-1.948962
-3.135287
-0.847375
-1.186325
-2.203175
-4.660562
-3.474237
-5.762149
-3.643712
-6.355311
-4.152137
-3.558974
-2.542125
-1.355800
1.779487
0.762637
6.440049
4.067399
4.999512
2.711600
5.507937
1.948962
3.050549
0.847375
1.610012
-2.626862
-0.593162
-2.711600
0.423687
2.457387
4.914774
3.304762
6.694261
7.372161
7.456899
5.507937
6.270574
1.186325
-5.253724
-8.558486
-11.947985
-14.913797
-14.659585
-18.472772
-17.710134
-16.354335
-14.490110
-14.151160
-12.456410
-10.422711
-9.575336
-9.914286
-8.050061
-6.016361
-5.168987
-5.084249
-5.423199
-4.321612
0.508425
3.643712
5.846886
6.355311
7.626374
5.592674
6.270574
5.677411
4.575824
1.779487
1.440537
0.677900
-1.016850
0.084737
-0.932112
-0.847375
2.372650
5.253724
5.677411
7.287424
5.592674
6.524786
3.643712
8.304274
7.965324
9.829548
7.541636
8.812698
6.440049
7.795849
7.117949
8.473748
4.321612
6.863736
5.084249
6.609524
6.355311
10.676923
13.557998
15.168010
14.235897
16.523810
12.880098
9.744811
5.507937
4.830037
0.338950
1.355800
-2.372650
-2.626862
-8.727961
-8.219536
-12.964835
-14.151160
-16.523810
-15.930647
-20.082784
-17.371184
-19.659096
-17.879609
-17.710134
-17.964347
-20.506471
-21.014896
-22.624908
-19.320147
-19.659096
-17.794872
-17.455922
-18.303297
-21.269109
-20.421734
-17.371184
-14.659585
-13.642735
-9.321123
-12.625885
-6.440049
-3.474237
-0.593162
-0.084737
0.677900
0.593162
-0.423687
-2.203175
-2.796337
-2.796337
-1.779487
-1.016850
-0.762637
0.677900
-0.254212
5.507937
8.812698
11.863248
11.693773
14.490110
14.151160
10.253236
11.693773
10.337973
8.050061
9.829548
9.660073
12.202198
8.304274
8.982173
7.626374
10.592186
3.728449
2.626862
-0.593162
-4.491087
-5.592674
0.000000
2.626862
4.575824
5.762149
11.270085
10.422711
9.405861
6.185836
9.151648
5.253724
5.084249
1.525275
0.593162
-2.287912
-0.932112
0.254212
6.016361
7.711111
11.185348
12.202198
13.642735
8.727961
5.677411
2.626862
-0.423687
-4.406349
-4.745299
-9.151648
-9.744811
-11.609035
-11.354823
-12.880098
-11.439560
-14.235897
-13.388523
-13.388523
-11.947985
-14.913797
-23.218071
-17.625397
-17.201709
-16.354335
-17.371184
-17.201709
-15.591697
-12.202198
-8.643223
-7.626374
-8.134799
-4.660562
-2.203175
-1.016850
-1.440537
-2.118437
-4.067399
-2.203175
-2.542125
-2.033700
-2.626862
-2.711600
-2.711600
0.508425
-1.779487
0.508425
2.457387
6.948474
6.355311
7.541636
3.728449
4.406349
5.846886
8.304274
8.389011
6.694261
7.456899
9.236386
5.846886
7.372161
3.220024
3.220024
3.558974
6.778999
2.542125
1.864225
-1.016850
0.169475
-1.271062
-0.847375
-2.118437
-2.203175
-4.575824
-4.745299
-8.050061
-7.880586
-8.219536
-2.881074
-6.016361
-0.508425
-2.626862
-2.287912
-3.643712
2.203175
4.575824
6.185836
1.694750
6.440049
6.270574
7.965324
8.643223
11.354823
10.507448
9.999023
6.863736
8.643223
8.727961
11.609035
7.372161
3.643712
1.016850
-4.491087
-5.338462
-0.847375
0.084737
6.948474
8.304274
7.372161
5.168987
3.982662
-0.169475
-0.932112
-2.118437
-1.779487
-1.186325
0.423687
1.101587
3.389499
5.762149
5.846886
5.762149
6.101099
3.897924
5.592674
5.423199
5.931624
7.202686
5.253724
4.745299
1.694750
-0.338950
-3.643712
-5.084249
-4.745299
-6.355311
-9.744811
-15.083272
-17.116972
-19.235409
-20.760684
-17.879609
-14.405372
-12.371673
-17.116972
-18.472772
-22.285958
-19.998046
-17.625397
-11.693773
-7.626374
-5.507937
-3.389499
-1.440537
-4.152137
-1.864225
-1.271062
-2.881074
-6.101099
-7.541636
-12.371673
-8.134799
-4.830037
0.254212
1.271062
4.406349
4.067399
6.524786
5.084249
8.812698
10.676923
11.863248
8.389011
5.846886
2.203175
1.016850
-1.101587
0.508425
-0.423687
5.762149
6.101099
6.270574
5.168987
9.999023
8.219536
10.761661
10.083761
8.050061
0.084737
-3.558974
-8.812698
-7.117949
-13.981685
-12.117460
-14.066422
-14.235897
-18.218559
-16.693284
-16.100122
-13.557998
-15.252747
-14.913797
-19.065934
-21.353846
-24.658608
-22.879121
-21.608059
-16.778022
-15.761172
-17.032234
-25.336508
-31.013919
-34.742369
-32.793407
-26.946520
-17.710134
-13.473260
-13.981685
-16.693284
-18.981197
-19.150672
-13.473260
-9.321123
-4.914774
-11.270085
-14.998535
-23.895971
-26.014408
-25.760195
-18.133822
-5.931624
7.117949
9.744811
8.304274
-3.558974
-5.592674
-6.694261
-3.220024
3.389499
10.337973
10.083761
9.321123
4.660562
3.474237
5.931624
12.286935
16.439072
17.625397
7.965324
14.744322
11.947985
13.134310
14.829060
19.320147
21.692796
21.777534
19.574359
20.591209
23.387546
25.167033
28.471795
26.861783
23.387546
18.472772
15.591697
16.015385
15.676435
17.455922
19.235409
18.218559
19.150672
17.286447
15.930647
14.998535
14.320635
17.625397
19.150672
18.557509
15.676435
16.269597
13.727473
17.032234
21.099634
24.404396
23.811233
25.167033
22.540171
23.641758
22.709646
24.150183
28.132845
29.488645
32.200244
34.403419
34.657631
33.556044
31.946032
32.030769
31.352869
32.115507
30.166545
31.013919
31.522344
31.607082
29.997070
31.352869
29.912332
30.674969
26.692308
26.014408
23.048596
21.438584
17.964347
17.879609
15.845910
20.082784
21.014896
22.794383
21.184371
20.845421
16.862759
14.659585
10.931136
11.100611
5.931624
4.660562
1.186325
0.677900
-1.948962
-1.271062
-3.558974
-4.067399
-14.913797
-6.101099
-7.795849
-5.592674
-2.711600
-5.762149
-9.405861
-12.541148
-21.269109
-22.116484
-26.522833
-26.014408
-26.522833
-28.217582
-31.352869
-29.234432
-31.268132
-26.861783
-24.150183
-20.845421
-18.981197
-14.829060
-12.880098
-9.575336
-9.490598
-7.711111
-7.626374
-5.253724
-8.727961
-10.253236
-13.049573
-14.151160
-16.354335
-12.371673
-11.270085
-10.592186
-12.202198
-10.761661
-11.354823
-12.371673
-16.015385
-14.490110
-13.981685
-13.896947
-17.540659
-18.811722
-22.370696
-22.031746
-23.133333
-19.235409
-16.354335
-16.439072
-20.506471
-22.879121
-31.691819
-32.623932
-32.200244
-26.353358
-26.099145
-23.557021
-25.421245
-22.709646
-24.573871
-24.573871
-23.472283
-19.065934
-17.286447
-14.066422
-16.354335
-15.337485
-17.455922
-15.337485
-14.066422
-10.676923
-13.134310
-11.778510
-15.930647
-16.269597
-15.252747
-7.372161
-2.711600
0.169475
-4.575824
-6.270574
-11.778510
-8.727961
-5.762149
1.440537
2.965812
3.728449
2.542125
0.508425
-2.711600
-1.355800
-0.338950
3.558974
2.118437
3.474237
0.508425
1.610012
-9.236386
1.271062
-0.084737
4.575824
2.796337
6.524786
7.626374
6.355311
3.135287
5.084249
3.474237
6.609524
7.117949
10.592186
11.015873
14.066422
12.795360
13.303785
11.439560
12.541148
12.202198
15.506960
11.609035
8.897436
2.203175
1.948962
-0.508425
-1.271062
-0.593162
-0.254212
-0.423687
-2.457387
-4.999512
-3.220024
-3.558974
-1.355800
-2.203175
-0.423687
-1.440537
-0.677900
-2.626862
-2.796337
-2.457387
0.847375
5.084249
5.931624
8.897436
6.355311
5.507937
5.846886
5.338462
4.406349
7.202686
5.762149
10.846398
11.609035
15.930647
15.337485
16.862759
14.490110
15.168010
15.761172
19.743834
19.659096
24.743346
22.963858
24.404396
18.811722
21.777534
20.421734
20.845421
20.167521
19.320147
15.422222
14.320635
11.270085
10.592186
8.812698
7.541636
1.948962
2.796337
-0.423687
0.169475
-3.050549
-2.118437
-3.643712
-0.677900
0.338950
-0.423687
-0.338950
0.254212
0.847375
4.660562
3.728449
6.355311
4.575824
6.524786
3.220024
3.558974
1.271062
2.457387
0.423687
-2.796337
-4.745299
-3.643712
-3.728449
-1.355800
1.186325
2.965812
4.830037
6.355311
5.507937
4.152137
4.321612
5.253724
5.168987
9.321123
10.253236
11.270085
13.557998
13.642735
12.117460
10.931136
11.863248
11.270085
12.117460
8.812698
2.457387
-2.457387
-9.660073
-6.355311
-7.626374
-11.524298
-6.440049
-7.795849
-6.185836
-5.762149
0.169475
0.254212
1.271062
