17.625397
22.879121
25.760195
30.759707
32.623932
37.284493
36.013431
37.115018
33.132357
32.200244
27.285470
24.658608
23.387546
22.709646
20.845421
20.675946
17.116972
12.456410
7.795849
7.456899
6.863736
9.999023
10.676923
11.947985
7.880586
5.507937
0.677900
-0.338950
-4.067399
-1.271062
2.287912
3.728449
-0.423687
-3.728449
-8.643223
-7.626374
-8.134799
-6.694261
-6.101099
-6.609524
-10.253236
-10.931136
-12.625885
-10.422711
-9.405861
-6.270574
-5.677411
-6.778999
-11.609035
-12.286935
-12.202198
-9.744811
-7.541636
-6.863736
-8.897436
-12.286935
-14.574847
-17.964347
-16.523810
-14.066422
-12.202198
-11.947985
-13.812210
-11.693773
-11.693773
-7.541636
-3.643712
-2.203175
0.593162
1.525275
1.186325
-1.864225
-1.694750
0.338950
1.525275
2.203175
3.304762
1.355800
2.118437
-1.694750
-5.253724
-7.795849
-6.016361
-5.677411
-4.236874
-7.965324
-7.202686
-6.524786
-4.660562
-3.135287
-2.457387
-9.321123
-10.168498
-14.235897
-15.337485
-15.930647
-11.100611
-10.507448
-8.304274
-11.015873
-8.812698
-11.609035
-11.609035
-12.541148
-6.185836
-2.542125
2.372650
1.101587
2.965812
-2.457387
-0.762637
-6.440049
-7.372161
-23.218071
-15.930647
-19.913309
-27.539683
-25.590720
-21.692796
-27.285470
-23.472283
-20.591209
-13.812210
-11.354823
-10.592186
-14.320635
-14.151160
-18.642247
-16.100122
-15.422222
-6.609524
-5.084249
-1.525275
-2.542125
-1.694750
-4.491087
-3.813187
-6.355311
-4.830037
-5.507937
-2.457387
-5.084249
-3.474237
-5.338462
-4.830037
-7.880586
-6.270574
-10.253236
-9.914286
-11.100611
-10.422711
-11.015873
-9.660073
-9.575336
-3.897924
-4.067399
-2.542125
-4.830037
-6.016361
-6.016361
-5.253724
-6.270574
-1.948962
-2.287912
0.084737
0.762637
5.423199
3.389499
2.626862
-1.016850
-2.457387
-8.897436
-10.507448
-17.371184
-16.100122
-15.591697
-12.202198
-10.253236
-9.914286
-13.981685
-18.133822
-22.031746
-23.387546
-23.726496
-22.540171
-19.913309
-13.642735
-10.253236
-8.304274
-11.015873
-4.660562
-0.254212
2.118437
3.135287
6.524786
6.185836
8.473748
9.151648
9.236386
9.151648
9.829548
7.117949
4.660562
2.542125
-0.508425
-0.169475
-4.575824
-10.168498
-13.473260
-13.981685
-16.693284
-14.829060
-11.947985
-9.490598
-5.931624
1.525275
4.152137
8.727961
13.896947
17.116972
17.286447
20.421734
23.641758
27.539683
26.099145
32.030769
33.894994
33.810256
33.471306
31.946032
28.048107
23.472283
26.183883
27.115995
26.268620
25.929670
28.387057
30.420757
31.437607
29.234432
27.539683
23.133333
18.811722
16.862759
15.591697
13.049573
10.253236
8.558486
7.456899
8.473748
10.592186
10.337973
9.066911
10.168498
10.592186
11.947985
11.439560
10.337973
10.337973
10.083761
7.372161
2.118437
-5.338462
-8.897436
-10.846398
-8.643223
-5.762149
0.847375
3.813187
5.762149
6.863736
11.015873
13.049573
19.743834
24.404396
27.963370
19.235409
25.336508
21.099634
19.150672
18.726984
19.998046
17.710134
19.235409
13.642735
2.033700
5.592674
6.694261
6.778999
9.575336
6.355311
4.491087
-3.304762
-7.033211
-8.643223
-4.406349
-4.999512
1.355800
1.864225
4.321612
-0.423687
-5.931624
-10.337973
-10.846398
-11.185348
-7.456899
-7.033211
-7.456899
-15.422222
-17.201709
-23.895971
-23.218071
-18.388034
-13.642735
-11.693773
-9.575336
-13.388523
-16.862759
-20.167521
-18.981197
-11.778510
-8.982173
-6.778999
-7.880586
-11.185348
-8.897436
-10.676923
-9.321123
-10.422711
-9.660073
-14.066422
-15.930647
-20.675946
-21.523321
-19.828571
-16.100122
-13.134310
-8.219536
-9.405861
-9.236386
-9.575336
-8.219536
-6.270574
-3.982662
-5.253724
-1.101587
0.338950
-0.338950
1.271062
3.304762
4.914774
8.050061
9.744811
12.710623
11.693773
12.202198
8.982173
10.337973
8.558486
9.660073
10.083761
13.557998
11.015873
10.761661
8.389011
6.863736
3.389499
3.558974
-2.203175
-5.168987
-6.101099
-4.914774
-6.524786
-4.660562
-4.660562
-1.694750
-3.304762
-1.864225
-2.881074
1.186325
0.593162
0.423687
-2.796337
-5.507937
-11.439560
-14.659585
-21.014896
-21.523321
-25.167033
-26.268620
-30.166545
-30.759707
-25.421245
-21.014896
-21.777534
-21.353846
-26.183883
-28.471795
-30.336020
-31.098657
-32.539194
-28.895482
-25.167033
-22.794383
-24.828083
-23.980708
-24.150183
-23.387546
-25.505983
-23.641758
-22.370696
-20.591209
-18.303297
-17.371184
-17.540659
-16.608547
-15.591697
-12.456410
-9.151648
-3.643712
-1.779487
0.677900
-0.847375
-4.491087
-8.050061
-10.507448
-15.422222
-15.930647
-19.659096
-22.794383
-24.234921
-26.861783
-29.234432
-32.284982
-32.793407
-33.810256
-35.166056
-32.623932
-33.640781
-30.166545
-30.674969
-27.878632
-24.319658
-19.404884
-14.829060
-11.693773
-9.321123
-3.558974
0.423687
6.694261
9.999023
13.812210
14.574847
15.506960
13.557998
10.931136
10.592186
8.558486
6.694261
6.609524
5.677411
5.762149
6.270574
4.575824
4.491087
4.914774
3.643712
3.558974
1.186325
1.440537
0.762637
1.525275
0.338950
-0.084737
3.474237
7.626374
7.456899
6.778999
8.982173
11.185348
14.151160
16.184860
15.422222
19.404884
22.540171
26.099145
28.132845
29.319170
28.556532
28.895482
29.064957
25.505983
24.319658
22.624908
23.218071
20.167521
19.489621
17.455922
20.591209
20.506471
21.862271
23.048596
22.116484
20.845421
21.777534
17.201709
18.133822
18.811722
26.692308
32.115507
35.843956
36.606593
39.572405
34.996581
29.573382
25.167033
25.336508
22.709646
20.506471
20.167521
19.998046
19.404884
16.354335
15.845910
7.202686
17.455922
17.964347
20.252259
22.285958
22.794383
19.913309
16.015385
15.506960
18.388034
21.692796
24.150183
22.794383
27.115995
25.760195
28.641270
30.251282
32.793407
31.522344
33.640781
32.200244
31.098657
29.064957
31.183394
27.285470
29.658120
29.149695
29.827595
28.641270
28.387057
24.743346
25.251770
22.963858
24.912821
20.421734
17.794872
13.219048
12.286935
8.643223
9.066911
9.151648
14.066422
14.151160
19.235409
13.303785
20.252259
15.930647
15.422222
11.524298
11.439560
6.948474
7.711111
4.491087
3.813187
-0.847375
-1.610012
-6.524786
-6.185836
-12.710623
-12.456410
-16.947497
-15.083272
-19.235409
-16.947497
-22.624908
-24.997558
-31.522344
-30.251282
-29.742857
-25.082295
-25.929670
-22.794383
-25.844933
-27.454945
-30.336020
-25.760195
-21.523321
-18.133822
-25.505983
-16.269597
-20.421734
-18.388034
-23.387546
-18.218559
-16.947497
-13.812210
-16.693284
-17.286447
-22.963858
-22.624908
-23.557021
-14.574847
-13.219048
-12.710623
-21.184371
-25.336508
-31.352869
-32.878144
-32.878144
-26.353358
-25.675458
-23.980708
-26.522833
-23.980708
-23.557021
-20.336996
-20.506471
-17.371184
-14.744322
-9.405861
-13.727473
-11.015873
-11.947985
-12.286935
-13.812210
-12.541148
-13.812210
-11.354823
-14.066422
-12.964835
-16.269597
-16.523810
-16.354335
-14.066422
-13.727473
-9.660073
-10.676923
-9.999023
-12.202198
-8.982173
-8.643223
-7.117949
-5.084249
-5.677411
-7.795849
-4.152137
-1.779487
0.254212
3.050549
6.355311
9.575336
13.219048
16.608547
19.150672
19.489621
18.472772
18.388034
14.066422
12.456410
12.286935
11.439560
11.270085
11.354823
8.304274
6.355311
0.677900
-2.965812
-8.897436
-11.778510
-13.812210
-12.202198
-12.286935
-9.490598
-11.185348
-8.473748
-9.999023
-8.219536
-8.812698
-4.575824
-4.321612
-0.423687
0.254212
1.610012
-1.271062
-1.355800
-3.304762
-3.728449
-5.168987
-2.033700
-1.440537
2.372650
2.457387
4.745299
4.152137
8.134799
4.660562
1.864225
-8.558486
-2.372650
-5.846886
-3.982662
-6.524786
-6.185836
-9.914286
-11.270085
-13.557998
-10.168498
-13.557998
-10.337973
-10.676923
-5.423199
-6.863736
-8.304274
-12.625885
-12.964835
-16.100122
-15.761172
-16.100122
-12.710623
-14.235897
-9.744811
-10.168498
-5.338462
-3.558974
-0.254212
-1.271062
0.677900
-1.186325
-0.423687
-2.711600
-1.525275
-2.203175
0.000000
-2.881074
-4.321612
-8.134799
-6.355311
-4.745299
-0.762637
1.779487
8.812698
10.083761
15.676435
18.303297
23.387546
22.285958
24.828083
24.828083
28.217582
28.132845
29.997070
27.200733
26.522833
24.404396
20.675946
17.032234
12.625885
6.101099
1.440537
-8.219536
-13.557998
-19.913309
-24.319658
-30.336020
-34.318681
-34.403419
-36.437118
-38.301343
-38.131868
-38.386081
-34.233944
-30.166545
-29.234432
-27.624420
-27.285470
-29.064957
-26.692308
-27.539683
-29.573382
-29.319170
-29.319170
-30.420757
-28.217582
-26.268620
-23.895971
-23.387546
-25.421245
-27.454945
-27.031258
-29.658120
-29.319170
-29.488645
-29.064957
-22.794383
-19.743834
-16.354335
-14.490110
-14.998535
-17.540659
-18.049084
-18.811722
-16.100122
-13.727473
-13.219048
-9.236386
-4.660562
-2.033700
-2.626862
-2.033700
2.203175
5.762149
11.270085
13.303785
16.354335
15.676435
13.727473
15.676435
18.388034
21.099634
25.251770
23.218071
20.082784
12.964835
10.422711
10.931136
13.896947
14.829060
17.116972
14.913797
12.795360
11.100611
12.795360
14.998535
19.150672
20.252259
23.048596
18.388034
18.218559
15.337485
15.083272
13.812210
19.235409
20.082784
23.387546
22.455433
25.421245
24.573871
28.132845
27.031258
29.064957
27.709158
30.251282
27.539683
29.319170
26.183883
27.963370
24.234921
28.726007
26.777045
28.980220
27.370208
28.132845
27.709158
32.200244
32.623932
32.793407
30.251282
29.997070
26.438095
26.777045
23.218071
26.607570
26.014408
27.200733
23.048596
21.862271
16.523810
17.116972
14.405372
17.964347
16.608547
19.404884
15.083272
17.032234
9.999023
9.066911
4.152137
5.762149
5.253724
5.253724
4.321612
9.914286
9.236386
11.015873
11.015873
13.812210
14.151160
18.642247
16.439072
19.235409
17.964347
18.388034
14.320635
13.219048
9.999023
10.676923
15.252747
17.964347
15.168010
12.456410
7.202686
4.067399
-1.948962
-1.948962
-3.050549
2.033700
2.287912
5.423199
4.830037
3.474237
-0.254212
-2.457387
-6.016361
-3.304762
-1.948962
-1.525275
-1.440537
0.254212
-0.169475
-1.186325
-0.762637
-0.677900
-1.101587
-2.457387
-5.423199
-6.948474
-11.778510
-12.964835
-11.439560
-8.219536
-4.236874
-1.694750
-2.542125
-6.101099
-8.643223
-12.964835
-17.201709
-20.760684
-20.252259
-21.862271
-21.523321
-24.065446
-25.505983
-26.861783
-26.268620
-25.590720
-22.370696
-20.336996
-19.065934
-21.608059
-21.099634
-23.641758
-26.607570
-23.895971
-18.811722
-15.845910
-14.151160
-16.523810
-14.490110
-17.201709
-14.829060
-13.219048
-9.321123
-12.117460
-14.574847
-15.591697
-19.913309
-25.590720
-26.522833
-29.234432
-27.624420
-32.030769
-35.843956
-36.182906
-35.166056
-33.640781
-28.726007
-19.998046
-12.117460
-10.676923
-8.219536
-9.999023
-12.880098
-16.100122
-16.015385
-17.540659
-14.235897
-17.455922
-21.692796
-26.777045
-28.387057
-30.081807
-25.251770
-20.845421
-16.862759
-17.794872
-20.421734
-23.726496
-26.099145
-25.675458
-26.099145
-21.184371
-18.981197
-19.828571
-21.523321
-23.641758
-20.506471
-17.964347
-10.422711
-3.474237
5.677411
10.761661
12.880098
13.049573
14.235897
11.100611
11.609035
9.321123
8.050061
10.422711
15.761172
18.049084
20.336996
21.438584
20.506471
14.659585
10.846398
5.084249
3.389499
2.457387
3.304762
2.626862
1.779487
1.355800
2.457387
3.135287
7.711111
10.253236
16.608547
16.778022
17.794872
15.506960
17.540659
14.829060
14.574847
8.558486
6.524786
1.779487
-2.542125
-8.643223
-10.337973
-15.845910
-13.303785
-14.829060
-10.337973
-12.286935
-11.270085
-12.456410
-10.253236
-13.049573
-9.066911
-8.643223
-7.541636
-10.676923
-5.253724
-7.372161
-3.813187
-6.948474
-2.542125
-2.457387
-0.423687
-1.016850
1.610012
-7.456899
3.728449
2.203175
2.881074
0.847375
3.389499
4.575824
11.100611
9.405861
11.693773
9.490598
12.964835
9.575336
8.389011
6.101099
7.626374
6.270574
7.795849
7.711111
11.270085
7.965324
12.117460
11.354823
13.727473
11.015873
11.693773
11.863248
15.506960
16.439072
22.794383
23.980708
26.268620
21.353846
22.370696
19.320147
21.014896
18.049084
21.438584
9.829548
21.608059
19.743834
21.608059
19.659096
22.201221
18.981197
18.726984
10.846398
10.337973
7.711111
8.727961
3.897924
7.372161
4.491087
5.423199
-5.338462
6.948474
5.677411
11.439560
11.100611
12.625885
10.507448
13.727473
13.642735
17.625397
17.116972
18.388034
14.829060
16.693284
16.439072
17.032234
15.591697
18.218559
16.862759
14.235897
14.151160
12.032723
8.558486
10.592186
5.931624
5.338462
0.000000
-0.338950
-6.185836
-4.999512
-8.389011
-8.473748
-11.609035
-9.575336
-10.592186
-7.965324
-7.795849
-4.999512
-7.117949
-2.626862
-6.948474
-7.117949
-6.694261
-3.643712
-4.152137
0.084737
-1.610012
1.779487
1.271062
1.694750
0.338950
2.457387
0.423687
-0.508425
-2.203175
-0.254212
-5.762149
-4.575824
-6.778999
-2.881074
-3.220024
0.169475
1.101587
6.440049
6.524786
8.643223
9.914286
12.286935
12.456410
12.456410
10.083761
7.880586
1.694750
-4.152137
-9.829548
-13.812210
-16.439072
-14.998535
-13.896947
-9.660073
-9.744811
-6.948474
-9.066911
-5.931624
-8.727961
-9.575336
-12.710623
-14.405372
-17.794872
-15.930647
-15.422222
-11.609035
-10.337973
-5.677411
-7.626374
-7.202686
-8.812698
-10.337973
-10.761661
-6.694261
-6.355311
-0.508425
-0.338950
3.220024
2.881074
2.118437
-3.135287
-3.389499
-4.321612
0.508425
1.864225
8.643223
9.236386
9.914286
7.795849
7.456899
5.253724
3.813187
-2.711600
-5.423199
-12.456410
-14.744322
-19.065934
-16.015385
-15.337485
-8.050061
-8.050061
-8.304274
-14.405372
-17.879609
-21.862271
-19.574359
-19.235409
-13.812210
-15.252747
-13.812210
-14.151160
-11.354823
-8.897436
-2.457387
-3.982662
-3.813187
-7.117949
-6.270574
-6.694261
-2.796337
-0.508425
5.677411
4.491087
4.999512
0.593162
1.525275
-1.186325
0.169475
0.593162
5.084249
3.389499
6.016361
5.507937
4.575824
1.355800
3.220024
4.152137
6.948474
4.914774
4.491087
0.254212
2.033700
0.508425
0.508425
-0.762637
-1.101587
-3.897924
-3.813187
-12.710623
-4.321612
-3.558974
-2.457387
-6.863736
-6.524786
-7.117949
0.169475
4.067399
6.270574
4.321612
4.830037
1.948962
1.271062
-0.762637
0.677900
-1.271062
0.847375
-0.932112
1.016850
-5.253724
-2.796337
-4.575824
-3.813187
-8.134799
-4.575824
-7.456899
-6.524786
-7.880586
-4.999512
-8.473748
-5.592674
-7.202686
-3.643712
-3.304762
0.593162
-0.254212
2.118437
-0.508425
1.694750
1.525275
3.643712
2.796337
5.592674
0.508425
1.610012
-3.135287
-5.507937
-11.609035
-9.575336
-10.931136
-5.931624
-6.524786
-2.711600
-3.982662
-0.593162
-2.542125
1.694750
1.101587
6.185836
5.762149
7.626374
3.728449
3.982662
-1.779487
0.762637
-0.762637
1.948962
2.965812
5.762149
0.508425
2.965812
-1.101587
-1.948962
-5.592674
-7.372161
-8.727961
-6.778999
-9.236386
-6.778999
-6.609524
-1.016850
1.440537
6.355311
5.677411
5.507937
1.355800
2.372650
0.254212
1.355800
0.254212
0.677900
-0.762637
-1.779487
-5.846886
-5.846886
-4.999512
0.084737
4.321612
7.541636
6.948474
10.676923
9.321123
8.304274
5.423199
5.762149
6.270574
7.033211
6.355311
5.084249
5.253724
2.033700
4.152137
8.219536
7.795849
7.117949
4.321612
5.846886
5.423199
6.016361
5.423199
6.778999
8.473748
7.626374
4.660562
1.525275
-1.610012
-1.271062
-2.542125
-1.694750
-3.643712
-2.796337
-2.626862
-1.271062
-2.796337
0.762637
1.610012
2.711600
-0.423687
0.762637
-1.779487
-3.728449
-5.931624
-6.948474
-6.440049
-3.982662
-5.423199
-2.457387
-1.355800
-0.084737
1.355800
1.271062
0.762637
4.152137
2.033700
4.745299
3.982662
4.067399
1.440537
1.186325
0.762637
5.507937
5.507937
12.625885
11.778510
12.032723
10.592186
10.846398
8.558486
9.829548
9.490598
11.354823
8.473748
8.897436
2.711600
0.254212
-5.592674
-4.406349
-6.524786
-3.558974
-4.491087
-3.304762
-5.931624
-6.016361
-8.473748
-6.355311
-5.507937
-1.610012
-1.101587
3.643712
0.847375
2.965812
1.694750
8.219536
11.185348
18.049084
19.065934
16.693284
10.253236
5.931624
1.186325
2.796337
2.711600
8.812698
11.524298
12.456410
8.812698
6.270574
5.931624
11.778510
13.134310
17.032234
13.642735
12.456410
5.423199
4.660562
4.152137
11.100611
15.083272
18.557509
14.490110
11.693773
5.168987
4.745299
5.846886
12.710623
13.557998
10.676923
1.355800
-3.982662
-10.676923
-10.253236
-7.117949
2.118437
-0.593162
-1.101587
-9.660073
-13.049573
-12.880098
-8.558486
-1.186325
4.575824
-0.593162
-4.321612
-13.219048
-11.609035
-16.100122
-12.710623
-7.795849
0.593162
-1.186325
-4.745299
-12.032723
-19.320147
-22.624908
-22.963858
-21.692796
-16.862759
-19.574359
-18.642247
-17.286447
-14.913797
-17.286447
-12.286935
-8.050061
0.084737
5.423199
9.151648
10.931136
15.252747
14.490110
19.743834
18.896459
20.845421
18.726984
16.947497
12.625885
10.846398
8.389011
8.897436
9.236386
9.321123
7.202686
7.456899
5.762149
5.931624
3.813187
2.372650
3.897924
3.050549
-0.677900
-1.610012
0.847375
5.846886
5.762149
8.219536
6.355311
2.372650
-4.575824
-6.778999
-12.880098
-10.846398
-9.575336
-6.101099
-5.338462
-0.423687
0.847375
2.881074
0.677900
1.779487
-1.694750
-0.338950
-3.304762
-4.830037
-9.660073
-17.455922
-15.252747
-14.235897
-18.218559
-17.286447
-21.438584
-17.116972
-18.388034
-15.676435
-18.049084
-18.642247
-20.930159
-19.743834
-23.387546
-20.760684
-23.048596
-24.573871
-17.455922
-15.845910
-19.150672
-15.591697
-16.862759
-14.066422
-15.337485
-13.219048
-18.218559
-17.964347
-20.252259
-17.710134
-19.065934
-17.710134
-23.895971
-22.794383
-21.692796
-18.388034
-20.845421
-16.354335
-16.523810
-11.439560
-13.812210
-13.896947
-14.744322
-11.778510
-13.896947
-11.693773
-15.506960
-17.286447
-20.421734
-19.320147
-22.455433
-21.523321
-22.540171
-21.269109
-21.184371
-20.845421
-21.014896
-17.879609
-14.998535
-9.490598
-8.982173
-8.812698
-9.660073
-7.117949
-8.812698
-8.134799
-6.355311
-3.558974
-4.152137
-0.677900
3.643712
7.965324
7.372161
9.914286
12.371673
14.151160
11.354823
11.778510
8.643223
5.168987
2.711600
3.389499
4.152137
8.389011
12.202198
16.778022
17.964347
19.235409
16.778022
15.252747
11.524298
11.609035
9.829548
10.846398
10.846398
12.202198
9.914286
10.083761
12.032723
12.286935
10.592186
8.050061
6.185836
5.762149
5.253724
5.846886
4.999512
6.524786
6.948474
9.490598
12.202198
19.065934
19.998046
22.455433
24.404396
28.217582
28.387057
30.336020
29.997070
31.607082
29.488645
32.115507
28.895482
31.268132
26.692308
24.404396
20.421734
19.743834
16.100122
16.523810
13.727473
13.049573
11.270085
13.812210
11.778510
13.473260
11.693773
11.609035
8.134799
9.405861
8.982173
10.676923
8.050061
12.456410
11.524298
16.693284
16.184860
17.032234
13.473260
17.371184
17.794872
19.320147
17.710134
19.150672
16.439072
17.371184
17.794872
23.387546
24.658608
22.201221
18.388034
18.981197
12.202198
13.219048
9.151648
11.693773
9.405861
12.541148
9.914286
13.812210
10.592186
12.202198
8.304274
8.219536
2.372650
0.762637
0.000000
2.965812
-0.762637
0.677900
-5.168987
-4.406349
-5.677411
-2.287912
-6.694261
-7.456899
-12.541148
-14.405372
-19.659096
-19.828571
-18.049084
-14.829060
-15.845910
-10.083761
-13.812210
-11.524298
-14.574847
-14.744322
-17.371184
-16.693284
-11.863248
-7.456899
-9.914286
-12.795360
-20.591209
-22.963858
-26.607570
-26.014408
-24.828083
-20.845421
-22.116484
-23.726496
-25.844933
-26.099145
-31.268132
-24.234921
-22.794383
-19.828571
-17.032234
-13.642735
-15.591697
-14.574847
-15.761172
-15.761172
-18.388034
-16.862759
-16.693284
-16.608547
-18.218559
-18.726984
-16.947497
-15.168010
-16.100122
-13.303785
-12.456410
-14.405372
-17.032234
-19.320147
-16.100122
-12.625885
-7.541636
-5.677411
-6.101099
-12.286935
-15.676435
-19.065934
-18.557509
-14.744322
-8.050061
-7.202686
-8.134799
-14.659585
-18.133822
-23.048596
-22.201221
-20.675946
-14.829060
-13.219048
-13.727473
-16.015385
-17.794872
-16.523810
-10.253236
-2.965812
-0.169475
-3.897924
-9.066911
-15.506960
-15.761172
-13.557998
-7.711111
-2.287912
3.558974
-0.508425
-1.271062
-5.084249
-4.491087
-6.778999
-0.677900
3.643712
3.643712
2.626862
0.508425
-2.287912
-1.016850
-1.864225
0.593162
2.542125
1.948962
0.169475
2.711600
3.728449
9.575336
12.286935
18.811722
20.506471
21.353846
17.964347
16.778022
9.490598
7.541636
7.711111
11.439560
10.253236
12.202198
10.422711
11.778510
9.575336
11.947985
10.676923
9.575336
3.897924
3.558974
-0.508425
-2.118437
-5.168987
-5.084249
-7.202686
-3.220024
-1.440537
2.626862
1.440537
7.456899
4.830037
5.592674
7.711111
13.981685
20.167521
24.404396
22.963858
21.269109
15.676435
16.523810
16.947497
20.082784
22.624908
21.777534
18.726984
13.134310
5.846886
4.321612
1.864225
3.050549
2.118437
0.169475
-2.881074
-4.660562
-6.270574
-7.626374
-8.134799
-9.066911
-14.574847
-17.964347
-20.930159
-20.930159
-20.167521
-17.032234
-15.422222
-11.609035
-11.015873
-10.083761
