-7.965324
-4.406349
-7.541636
-3.135287
-6.270574
-1.440537
-5.084249
2.287912
2.033700
5.677411
1.440537
1.779487
-4.575824
-3.389499
-7.202686
-3.220024
-6.524786
1.525275
0.169475
3.135287
-0.423687
-1.440537
-6.440049
-4.152137
-7.033211
-2.796337
-7.541636
-8.050061
-13.642735
-9.744811
-11.439560
-3.728449
-1.101587
4.406349
-0.169475
2.881074
-0.508425
5.507937
3.050549
10.422711
10.931136
11.354823
4.236874
0.847375
-6.185836
-6.524786
-5.168987
-0.847375
-1.440537
-0.593162
-7.117949
-6.524786
-10.592186
-6.101099
-7.456899
-0.423687
-1.694750
1.016850
-2.457387
-0.084737
-1.610012
5.507937
5.253724
11.947985
6.524786
1.271062
-10.761661
-10.592186
-16.015385
-3.050549
-2.965812
2.881074
-2.118437
-4.575824
-14.829060
-21.608059
-27.963370
-24.743346
-24.912821
-19.320147
-19.743834
-11.524298
-14.405372
-12.964835
-15.337485
-12.625885
-12.371673
-8.219536
-9.066911
-3.897924
-6.185836
-3.728449
-7.795849
-9.321123
-12.710623
-7.202686
-8.982173
-3.135287
-3.050549
1.016850
-2.796337
-2.457387
-7.372161
-4.152137
-5.846886
-3.389499
-8.389011
-6.016361
-10.592186
-8.050061
-13.473260
-12.880098
-17.032234
-12.541148
-14.490110
-8.219536
-14.235897
-9.321123
-12.964835
-11.609035
-16.354335
-9.999023
-12.286935
-9.744811
-10.592186
-6.270574
-6.948474
-3.813187
-6.609524
-4.152137
-10.083761
-9.321123
-11.863248
-6.609524
-8.558486
-3.813187
-2.711600
-1.610012
0.338950
4.660562
3.135287
7.287424
4.830037
7.711111
6.355311
12.795360
11.778510
14.320635
9.321123
9.999023
5.168987
6.524786
5.762149
10.676923
4.999512
9.405861
11.354823
15.845910
15.422222
17.879609
11.354823
10.761661
6.101099
8.982173
4.406349
8.050061
6.016361
9.999023
6.355311
7.456899
0.508425
2.626862
0.084737
3.474237
2.287912
6.440049
5.677411
11.439560
9.575336
15.168010
13.727473
17.794872
16.100122
19.913309
17.371184
20.252259
15.845910
16.184860
13.049573
17.371184
13.896947
17.879609
14.235897
17.032234
13.219048
14.574847
12.371673
16.439072
15.337485
17.794872
16.778022
18.049084
17.032234
22.285958
20.506471
20.082784
14.913797
12.286935
3.558974
7.711111
5.846886
10.337973
6.609524
7.795849
-0.338950
-3.389499
-4.152137
-1.355800
-5.423199
-0.254212
-0.593162
5.762149
1.186325
1.525275
-4.236874
-0.932112
-3.135287
3.135287
1.186325
1.355800
-4.152137
-2.033700
-6.863736
-3.728449
-3.558974
-0.847375
-4.406349
-1.186325
-4.999512
-3.474237
-6.778999
-3.897924
-7.880586
-4.575824
-10.931136
-13.049573
-20.591209
-19.320147
-24.828083
-20.930159
-22.285958
-17.794872
-21.184371
-17.116972
-19.828571
-15.591697
-18.472772
-15.591697
-19.574359
-12.032723
-13.219048
-8.812698
-11.015873
-4.660562
-8.389011
-4.152137
-7.202686
-4.830037
-7.541636
-4.067399
-11.185348
-6.863736
-8.134799
-6.101099
-7.287424
0.254212
-2.372650
2.796337
1.101587
5.423199
4.491087
3.728449
1.101587
2.542125
-2.372650
0.423687
-2.881074
-1.779487
-6.185836
-5.677411
-8.727961
-5.338462
-7.456899
-2.542125
-0.932112
5.168987
6.778999
16.015385
18.049084
22.285958
21.862271
27.454945
22.116484
19.998046
11.693773
16.608547
13.134310
15.845910
10.337973
12.795360
8.897436
10.846398
8.473748
8.558486
4.914774
6.694261
-1.440537
0.423687
-7.117949
1.271062
-4.914774
-1.186325
-3.050549
2.711600
1.186325
9.151648
6.355311
5.423199
1.355800
0.762637
-5.168987
-3.220024
-10.253236
-8.050061
-13.049573
-8.558486
-11.609035
-5.168987
-7.456899
-1.948962
-4.067399
-2.118437
-4.660562
0.508425
-4.321612
0.338950
-0.847375
2.118437
-0.677900
0.423687
-1.864225
1.525275
-2.372650
4.914774
3.982662
9.999023
8.643223
13.219048
10.337973
12.286935
6.016361
8.473748
1.864225
4.067399
0.000000
1.440537
-1.694750
2.203175
-0.423687
3.728449
2.542125
8.643223
9.660073
12.541148
9.575336
10.931136
6.863736
9.660073
7.456899
9.999023
7.795849
10.761661
8.897436
12.117460
9.405861
11.015873
6.863736
8.473748
4.406349
10.337973
9.660073
11.863248
9.914286
9.744811
5.762149
6.948474
4.067399
7.202686
5.762149
3.304762
1.186325
-4.660562
-10.337973
-8.982173
-7.541636
-4.152137
-3.813187
-5.084249
-7.117949
-10.337973
-14.151160
-13.812210
-11.863248
-10.337973
-7.965324
-11.185348
-10.761661
-14.913797
-17.286447
-16.269597
-13.727473
-13.557998
-14.998535
-20.167521
-19.404884
-22.370696
-20.591209
-19.913309
-16.354335
-21.099634
-22.201221
-28.895482
-28.895482
-32.878144
-28.556532
-29.912332
-24.404396
-23.133333
-20.252259
-25.251770
-20.675946
-20.167521
-14.405372
-15.591697
-8.304274
-13.981685
-14.235897
-19.150672
-12.710623
-8.558486
-0.593162
-1.864225
2.881074
3.643712
11.524298
9.236386
12.710623
9.151648
13.727473
11.863248
13.219048
7.202686
5.338462
-0.508425
2.118437
-0.762637
3.728449
3.304762
6.778999
-0.932112
-3.643712
-10.253236
-7.541636
-7.033211
-0.423687
1.101587
0.677900
-7.117949
-6.440049
-12.371673
-10.931136
-10.846398
-6.101099
-10.168498
-10.507448
-19.065934
-20.082784
-22.879121
-14.320635
-15.337485
-8.897436
-11.270085
-10.931136
-13.557998
-12.456410
-10.931136
-1.440537
-1.101587
3.050549
0.338950
-0.508425
-3.643712
-1.948962
-1.610012
1.779487
-0.508425
-0.762637
-3.304762
-2.372650
-4.152137
0.084737
1.186325
6.270574
9.321123
9.575336
10.337973
10.846398
10.337973
10.083761
7.711111
11.354823
14.151160
16.523810
16.693284
19.065934
17.794872
15.930647
14.574847
13.727473
14.829060
16.862759
19.828571
19.150672
15.930647
11.439560
8.982173
8.219536
6.863736
8.134799
6.694261
4.321612
4.236874
2.711600
2.965812
4.067399
6.948474
8.304274
12.371673
13.388523
12.625885
9.575336
10.253236
4.575824
4.491087
2.033700
2.881074
1.610012
2.796337
-1.016850
-0.423687
-2.287912
-2.626862
-4.236874
-0.254212
0.762637
2.203175
2.287912
5.423199
3.474237
7.965324
6.863736
10.507448
9.321123
14.151160
12.286935
14.151160
11.439560
12.032723
10.507448
13.303785
12.286935
12.541148
8.134799
7.626374
-1.186325
-3.474237
-9.490598
-8.389011
-10.507448
-5.762149
-4.999512
0.762637
-0.677900
3.304762
3.474237
7.202686
4.152137
7.965324
2.881074
3.813187
-4.406349
-2.372650
-6.778999
-6.778999
-10.253236
-5.677411
-5.507937
-0.084737
-1.016850
3.050549
1.101587
3.050549
1.186325
2.711600
-1.271062
0.762637
-3.897924
-3.050549
-9.829548
-7.372161
-10.846398
-8.473748
-8.558486
-4.491087
-4.999512
0.084737
-2.542125
1.694750
-2.287912
2.457387
-0.762637
2.626862
1.779487
6.355311
5.168987
12.880098
12.117460
17.116972
11.778510
11.863248
5.253724
8.643223
4.067399
5.084249
3.982662
6.778999
3.982662
7.033211
6.355311
8.473748
4.999512
8.558486
4.914774
4.321612
-1.440537
-1.864225
-5.084249
-3.558974
-6.016361
-1.694750
-5.762149
-3.389499
-4.745299
-1.610012
-3.050549
3.050549
1.864225
5.423199
-1.610012
-0.423687
-4.575824
-1.186325
-0.423687
5.931624
5.762149
10.592186
9.236386
12.710623
11.185348
14.574847
10.592186
13.981685
8.897436
8.134799
0.084737
-0.847375
-6.778999
-5.168987
-11.015873
-5.592674
-5.338462
0.847375
0.847375
5.253724
1.440537
4.152137
0.254212
-0.423687
-6.524786
-3.304762
-4.406349
-0.762637
-3.813187
-0.254212
-2.965812
2.118437
-1.271062
2.372650
0.677900
3.643712
0.677900
4.914774
1.016850
3.813187
1.186325
4.914774
1.355800
3.389499
-1.948962
-1.440537
-6.863736
-6.185836
-13.303785
-9.744811
-16.439072
-15.506960
-22.370696
-21.523321
-24.743346
-15.930647
-17.201709
-14.235897
-17.540659
-14.320635
-21.099634
-17.964347
-24.150183
-21.523321
-21.099634
-21.353846
-17.710134
-12.795360
-17.625397
-14.066422
-13.219048
-6.101099
-4.830037
4.660562
4.406349
12.541148
9.999023
12.117460
10.168498
13.049573
9.066911
12.117460
9.151648
8.473748
0.423687
1.271062
-4.745299
-4.660562
-7.033211
-2.881074
-3.897924
-1.016850
-5.762149
0.000000
-6.609524
-4.491087
-8.812698
-7.795849
-12.880098
-13.303785
-17.032234
-16.778022
-19.150672
-12.371673
-13.473260
-3.643712
-2.796337
2.626862
-0.254212
-0.932112
-6.694261
-7.456899
-10.337973
-5.168987
-9.066911
-10.337973
-17.116972
-18.218559
-24.404396
-19.913309
-19.150672
-14.490110
-18.303297
-18.472772
-27.370208
-26.607570
-25.336508
-17.879609
-13.134310
-5.507937
-7.033211
-8.643223
-16.523810
-16.608547
-16.015385
-6.694261
-5.084249
0.084737
-2.711600
-5.931624
-9.151648
-5.677411
-3.558974
4.152137
4.575824
7.711111
2.372650
0.677900
-1.525275
1.525275
3.304762
9.151648
10.337973
7.541636
-1.610012
0.338950
-1.694750
2.965812
5.931624
7.202686
2.542125
-1.440537
-5.084249
-3.558974
-4.067399
3.813187
7.880586
10.253236
9.405861
10.931136
5.253724
8.050061
3.813187
9.660073
10.931136
13.388523
11.863248
11.354823
11.947985
16.862759
12.117460
20.167521
17.286447
23.302808
22.031746
25.082295
22.370696
24.997558
23.811233
25.251770
20.845421
21.947009
17.794872
19.828571
16.184860
20.675946
21.692796
29.064957
28.132845
34.233944
33.894994
38.725031
37.115018
39.572405
36.182906
38.301343
32.454457
32.878144
28.895482
29.149695
23.641758
25.929670
23.218071
23.133333
17.455922
19.150672
14.066422
14.405372
11.524298
16.100122
13.388523
16.778022
13.388523
15.761172
11.185348
10.931136
5.507937
6.948474
3.220024
5.507937
1.016850
4.491087
0.762637
2.881074
-0.423687
3.304762
1.016850
3.135287
-1.355800
1.186325
-3.135287
-2.626862
-10.337973
-12.117460
-12.795360
-9.066911
-11.609035
-6.355311
-10.422711
-7.711111
-9.914286
-8.219536
-13.557998
-11.270085
-14.151160
-12.117460
-17.455922
-14.998535
-23.048596
-20.336996
-24.319658
-18.896459
-16.778022
-11.015873
-14.913797
-14.659585
-20.591209
-19.404884
-21.099634
-17.201709
-20.760684
-20.082784
-23.811233
-21.014896
-27.878632
-22.624908
-23.133333
-18.896459
-23.557021
-22.624908
-27.200733
-26.014408
-28.048107
-20.336996
-20.506471
-15.422222
-20.167521
-16.523810
-19.828571
-16.100122
-14.574847
-8.897436
-9.151648
-2.203175
-3.813187
-1.271062
-4.999512
-2.796337
-7.202686
-3.728449
-9.066911
-5.507937
-11.015873
-8.304274
-12.202198
-9.829548
-14.066422
-10.846398
-11.439560
-7.711111
-11.354823
-9.151648
-12.371673
-8.304274
-10.846398
-7.202686
-10.507448
-7.880586
-10.761661
-9.575336
-13.219048
-9.405861
-12.625885
-8.389011
-9.405861
-4.914774
-6.524786
-5.168987
-6.948474
-2.287912
-2.542125
2.118437
-0.338950
-0.254212
-7.287424
-5.762149
-11.354823
-5.084249
-6.016361
-3.135287
-3.643712
-0.084737
-2.287912
-0.423687
-6.185836
-3.135287
-6.101099
-2.796337
-4.406349
-1.271062
-5.762149
-2.542125
-4.999512
-1.948962
-6.778999
-0.677900
-3.982662
-1.525275
-5.253724
-0.593162
-3.474237
-0.423687
-4.999512
-0.932112
-1.779487
5.931624
1.948962
7.711111
6.101099
10.507448
4.660562
9.829548
8.050061
8.982173
2.965812
4.406349
-1.355800
1.271062
-3.220024
6.440049
6.440049
10.253236
11.524298
14.490110
12.371673
15.506960
11.609035
16.269597
13.388523
18.133822
12.117460
14.829060
9.405861
10.676923
10.168498
15.422222
12.202198
13.727473
10.083761
11.270085
10.168498
11.185348
7.541636
9.744811
7.033211
7.965324
9.744811
10.676923
8.643223
8.389011
8.050061
8.897436
7.202686
7.541636
7.880586
5.846886
4.745299
2.796337
1.186325
2.372650
0.084737
-0.423687
-0.338950
1.186325
3.558974
2.626862
3.897924
4.999512
7.541636
5.592674
7.711111
9.405861
10.168498
11.270085
12.456410
10.337973
10.676923
10.761661
13.388523
11.693773
13.642735
14.744322
18.642247
17.116972
13.642735
6.948474
3.643712
-3.728449
-4.660562
-7.711111
-7.033211
-8.727961
-7.711111
-11.439560
-9.405861
-10.507448
-6.609524
-8.812698
-4.914774
-7.287424
-6.948474
-9.575336
-7.541636
-8.727961
-5.762149
-6.948474
-1.610012
-4.830037
-7.626374
-15.168010
-16.015385
-19.659096
-17.371184
-20.167521
-13.473260
-18.049084
-15.422222
-16.862759
-12.202198
-11.693773
-6.948474
-6.524786
-2.372650
-3.304762
3.389499
3.474237
12.117460
13.812210
18.896459
18.811722
22.540171
15.591697
16.862759
13.219048
14.913797
9.744811
11.524298
7.965324
12.117460
11.015873
16.523810
16.354335
23.726496
18.472772
19.320147
8.134799
17.879609
7.965324
3.220024
-7.033211
-9.236386
-17.371184
-19.150672
-24.743346
-22.031746
-22.285958
-13.557998
-12.202198
-6.440049
-12.795360
-14.913797
-23.895971
-18.726984
-21.099634
-12.625885
-10.931136
-1.948962
-7.880586
-2.457387
-6.101099
-5.846886
-6.948474
0.677900
3.813187
13.812210
15.676435
18.218559
13.049573
14.829060
14.151160
20.167521
17.032234
16.693284
7.287424
2.965812
-8.134799
-10.507448
-15.676435
-9.490598
-9.914286
-6.016361
-7.372161
-1.186325
2.542125
10.083761
10.761661
18.133822
17.964347
20.506471
16.523810
17.964347
16.184860
16.693284
11.439560
10.931136
5.677411
5.931624
-0.677900
-0.593162
-4.914774
-8.219536
-13.388523
-14.405372
-17.794872
-14.829060
-13.727473
-10.507448
-6.694261
-2.881074
2.118437
2.711600
6.016361
7.202686
10.846398
12.456410
13.896947
12.964835
12.795360
12.286935
12.286935
10.253236
12.880098
16.693284
22.879121
22.540171
25.251770
20.082784
22.031746
19.150672
19.743834
15.083272
14.320635
5.677411
6.185836
3.050549
8.473748
5.084249
6.016361
2.372650
3.643712
-0.254212
4.575824
0.593162
4.067399
0.847375
7.626374
4.830037
7.287424
3.050549
4.067399
-0.932112
1.101587
-3.474237
1.864225
-0.508425
1.948962
-5.338462
-6.016361
-14.151160
-11.863248
-14.659585
-7.541636
-3.897924
2.033700
-3.558974
-6.185836
-12.286935
-10.337973
-10.507448
-2.372650
-0.593162
3.389499
-4.067399
-6.185836
-10.676923
-9.151648
-11.185348
-6.355311
-3.982662
1.694750
-6.185836
-6.101099
-14.998535
-4.321612
-6.694261
0.677900
-1.271062
-3.643712
-16.184860
-19.065934
-28.217582
-25.929670
-27.963370
-20.591209
-21.014896
-18.133822
-26.607570
-28.048107
-37.453968
-34.233944
-34.233944
-24.997558
-23.472283
-17.625397
-23.048596
-23.726496
-26.438095
-21.862271
-20.421734
-11.863248
-13.303785
-10.168498
-12.541148
-10.676923
-13.473260
-9.829548
-12.286935
-5.677411
-7.117949
-4.660562
-9.151648
-7.287424
-8.897436
-2.796337
-3.813187
1.101587
0.254212
6.778999
4.830037
9.151648
7.626374
9.914286
5.677411
8.050061
4.406349
7.541636
3.304762
6.778999
4.745299
3.813187
-1.101587
1.525275
-2.287912
0.169475
-1.355800
3.389499
2.796337
9.829548
10.083761
14.659585
11.439560
16.184860
16.269597
21.014896
20.336996
23.302808
18.726984
21.777534
17.879609
19.574359
15.252747
17.879609
11.439560
13.557998
7.287424
11.185348
7.541636
9.151648
3.135287
4.152137
-2.287912
-1.271062
-6.355311
-5.084249
-9.660073
-10.083761
-14.066422
-9.744811
-12.117460
-8.897436
-12.625885
-11.778510
-15.083272
-13.473260
-19.404884
-19.913309
-20.506471
-17.710134
-22.709646
-21.353846
-23.218071
-19.150672
-20.336996
-20.082784
-22.794383
-25.336508
-28.895482
-31.098657
-32.878144
-33.894994
-35.335531
-33.217094
-33.725519
-28.980220
-25.760195
-25.167033
-23.387546
-22.963858
-23.726496
-26.438095
-28.048107
-30.166545
-30.251282
-29.997070
-27.793895
-27.285470
-29.488645
-31.437607
-27.878632
-27.370208
-24.319658
-22.963858
-17.625397
-17.879609
-16.608547
-16.778022
-13.049573
-13.812210
-9.660073
-10.083761
-3.813187
-5.338462
-1.016850
-1.271062
2.542125
3.050549
7.626374
6.694261
12.371673
9.829548
14.066422
12.880098
15.506960
14.574847
16.269597
12.202198
11.863248
6.185836
5.507937
0.169475
-0.254212
-4.830037
-3.728449
-4.152137
1.610012
2.965812
9.744811
9.405861
12.456410
11.354823
13.134310
9.744811
13.219048
10.761661
13.981685
13.049573
15.930647
12.880098
12.795360
12.625885
12.795360
10.168498
12.117460
11.524298
14.235897
12.625885
16.439072
13.727473
18.049084
17.964347
20.167521
20.506471
23.895971
24.234921
28.302320
27.115995
32.200244
30.420757
32.539194
26.777045
24.828083
20.167521
20.082784
15.761172
18.642247
18.811722
22.794383
21.608059
22.879121
23.641758
28.980220
28.471795
26.522833
22.370696
22.963858
17.116972
17.964347
18.557509
20.252259
20.421734
24.912821
25.336508
27.878632
24.319658
23.811233
19.489621
18.303297
14.744322
17.032234
16.354335
14.066422
10.507448
9.066911
3.897924
0.423687
-5.338462
-5.592674
-4.914774
-5.423199
-4.491087
-3.220024
-3.813187
5.084249
8.982173
17.116972
18.726984
21.777534
19.150672
19.320147
14.659585
12.541148
7.033211
7.117949
3.050549
-0.423687
-5.423199
-5.931624
-8.304274
-9.405861
-9.744811
-7.541636
-8.812698
-7.711111
-11.100611
-12.117460
-16.100122
-16.608547
-11.863248
-5.507937
-0.423687
4.575824
8.304274
10.592186
10.083761
10.168498
9.829548
15.252747
17.540659
19.489621
19.065934
19.828571
18.896459
21.862271
20.675946
21.438584
18.981197
15.083272
5.677411
3.813187
2.372650
5.253724
4.830037
5.677411
4.321612
6.101099
3.643712
5.084249
3.304762
4.321612
1.525275
2.796337
0.762637
3.220024
-0.338950
1.779487
-4.491087
-4.321612
-9.405861
-7.033211
-10.592186
-7.626374
-10.761661
-8.304274
-10.676923
-10.253236
-15.422222
-13.219048
-15.422222
-10.507448
-12.117460
-5.931624
-4.406349
-1.101587
-4.660562
0.084737
-2.542125
3.982662
0.508425
1.694750
-6.863736
-7.033211
-13.134310
-14.151160
-16.608547
-13.896947
-17.540659
-13.134310
-16.947497
-14.490110
-17.116972
-15.506960
-20.506471
-13.981685
-16.862759
-11.524298
-14.998535
-8.727961
-9.660073
-3.982662
-8.219536
-6.185836
-8.473748
-6.778999
-12.541148
-9.744811
-13.981685
-10.083761
-15.761172
-12.625885
-17.455922
-16.100122
-20.167521
-16.184860
-18.811722
-15.845910
-17.201709
-11.270085
-12.880098
-11.609035
-16.947497
-14.320635
-16.608547
-12.117460
-15.591697
-12.117460
-14.744322
-9.999023
-13.812210
-11.863248
-14.659585
-7.965324
-8.727961
-4.575824
-9.066911
-5.677411
-9.321123
-2.118437
-4.660562
0.847375
-3.897924
-2.881074
-7.541636
-5.084249
-7.033211
-3.304762
-4.999512
-0.423687
-5.762149
-4.067399
-11.015873
-6.948474
-18.133822
-5.507937
-10.337973
-6.440049
-12.202198
-11.100611
-15.845910
-11.947985
-14.490110
-7.965324
-11.524298
-7.965324
-9.829548
-4.152137
-5.423199
-0.508425
0.254212
4.321612
1.186325
4.152137
-1.186325
3.897924
4.491087
9.405861
7.202686
10.676923
6.524786
7.965324
5.084249
7.287424
1.610012
3.643712
-0.762637
-0.338950
-5.168987
0.847375
-1.610012
-0.338950
-3.050549
-0.677900
-6.863736
-4.830037
-9.914286
-9.829548
-16.184860
-13.642735
-15.252747
-6.355311
-6.863736
-2.372650
-7.287424
-6.440049
-11.524298
-6.440049
-9.236386
-4.575824
-4.406349
0.084737
-5.338462
-2.372650
-7.795849
-2.965812
-6.101099
0.254212
1.694750
8.897436
3.050549
2.711600
-5.931624
-4.406349
-7.456899
-4.830037
-3.304762
2.796337
-0.508425
0.508425
-0.169475
3.389499
1.440537
7.626374
7.202686
13.388523
11.270085
14.659585
9.829548
11.354823
8.643223
13.896947
13.303785
19.150672
12.541148
12.202198
8.982173
9.321123
1.016850
3.220024
7.880586
16.184860
14.151160
18.133822
14.320635
16.354335
12.964835
16.608547
14.066422
14.574847
7.456899
10.676923
6.778999
8.304274
7.117949
12.625885
12.880098
16.523810
16.439072
20.675946
18.049084
21.947009
19.404884
24.150183
21.692796
20.675946
14.744322
15.252747
11.015873
10.676923
8.982173
12.032723
9.999023
11.947985
10.168498
11.524298
9.575336
9.744811
10.592186
14.235897
12.625885
17.794872
15.337485
16.439072
13.049573
14.998535
11.015873
9.066911
2.796337
2.711600
-1.016850
1.016850
-3.643712
-1.186325
-6.440049
-0.677900
-5.592674
-1.186325
-2.033700
2.033700
-0.423687
1.779487
-3.474237
0.084737
-3.304762
0.169475
-1.355800
3.389499
-1.610012
1.694750
-4.999512
0.169475
-0.338950
6.270574
2.965812
4.575824
-1.440537
-2.203175
-6.863736
-2.711600
-7.287424
-0.254212
-2.711600
1.864225
-1.101587
3.304762
1.355800
3.220024
-2.118437
-0.423687
-5.253724
-1.355800
-5.762149
-3.558974
-8.304274
-6.609524
-12.795360
-11.778510
-16.184860
-15.676435
-18.472772
-14.320635
-16.608547
-14.490110
-17.371184
-15.676435
-18.388034
-14.405372
-15.676435
-13.727473
-15.252747
-12.625885
-14.913797
-10.846398
-13.219048
-8.727961
-10.761661
-9.829548
-12.202198
-13.134310
-17.371184
-15.930647
-20.082784
-18.133822
-22.116484
-21.947009
-27.539683
-26.861783
-28.302320
-26.777045
-26.014408
-26.268620
-23.048596
-18.896459
-17.710134
-13.642735
-13.642735
-12.117460
-10.931136
-8.473748
-7.202686
-6.440049
-10.083761
-12.795360
-16.354335
-16.439072
-16.778022
-15.168010
-11.270085
-9.405861
-8.389011
-8.643223
-12.032723
-14.659585
-15.930647
-16.862759
-16.439072
-19.320147
-15.845910
-19.743834
-21.608059
-24.912821
-21.014896
-20.082784
-13.557998
-14.151160
-13.219048
-17.455922
-14.320635
