-8.466911
-7.697192
-10.968498
-10.198779
-10.968498
-14.913309
-13.085226
-12.315507
-12.411722
-13.373871
-12.989011
-11.545788
-10.968498
-9.044200
-4.041026
-0.673504
4.906960
7.793407
7.793407
4.233455
0.481074
-4.618315
-8.659341
-12.026862
-10.872283
-6.446398
-2.212943
2.405372
6.350183
10.776068
12.026862
12.026862
12.796581
12.989011
9.717705
5.869109
4.041026
0.673504
0.096215
2.212943
2.790232
3.463736
5.195604
5.099389
4.041026
1.828083
-1.635653
-3.944811
-7.312332
-7.985836
-5.388034
-2.886447
-6.253968
-6.446398
-4.041026
-3.078877
-2.501587
-7.408547
0.384860
0.192430
1.539438
-0.481074
0.096215
0.192430
2.116728
5.772894
7.504762
8.851770
9.910134
10.198779
12.796581
12.026862
14.720879
17.030037
17.703541
16.067888
16.837607
17.895971
17.414896
17.799756
14.528449
11.545788
10.583639
8.082051
8.851770
12.123077
14.432234
14.528449
14.239805
13.758730
14.817094
10.872283
9.332845
8.947985
7.985836
6.831258
6.831258
8.274481
7.119902
5.388034
-3.656166
2.405372
6.157753
4.137241
6.446398
6.735043
6.446398
5.388034
4.810745
4.906960
4.041026
2.405372
3.559951
-0.481074
-4.618315
-6.350183
-6.831258
-6.638828
-8.274481
-7.312332
-6.446398
-7.697192
-9.044200
-11.064713
-12.796581
-9.525275
-7.600977
-6.253968
-3.656166
-2.020513
-2.886447
-1.924298
-0.577289
-0.288645
-3.752381
-3.559951
-4.906960
-3.848596
-4.041026
-3.271306
-1.539438
0.000000
-0.481074
-5.580464
-7.600977
-8.178266
-8.274481
-10.968498
-11.642002
-9.236630
-5.291819
0.192430
5.195604
9.140415
12.219292
13.854945
13.085226
8.755556
5.003175
1.250794
1.250794
1.539438
0.192430
-6.157753
-12.411722
-19.146764
-20.686203
-20.301343
-26.843956
-14.528449
-10.006349
-8.947985
-8.659341
-9.910134
-10.102564
-7.793407
-7.216117
-6.253968
-6.735043
-6.253968
-7.600977
-8.274481
-9.525275
-4.137241
-0.769719
-1.154579
-3.271306
-4.522100
-3.271306
-2.116728
2.790232
7.793407
13.085226
16.933822
18.665690
16.356532
15.490598
15.105739
17.222466
21.263492
25.112088
28.094750
27.325031
23.187790
19.242979
13.277656
7.119902
5.484249
5.388034
3.944811
5.484249
7.119902
5.195604
4.425885
2.886447
3.848596
6.446398
6.638828
5.291819
3.656166
1.539438
-2.405372
-2.694017
-3.078877
-2.309158
-2.982662
-1.731868
-2.405372
-5.195604
-6.157753
-5.291819
-6.735043
-3.559951
-3.271306
-2.020513
1.539438
4.233455
4.810745
2.501587
5.580464
8.082051
10.102564
14.143590
13.566300
14.432234
13.085226
8.851770
7.023687
6.542613
6.350183
3.367521
-1.539438
-5.869109
-7.600977
-8.851770
-7.504762
-6.735043
-3.175092
-0.865934
-0.577289
-1.924298
-6.253968
-6.735043
-6.735043
-5.676679
-3.848596
-3.559951
-2.020513
-1.635653
1.058364
1.828083
0.577289
1.058364
1.924298
1.058364
0.769719
0.769719
-0.577289
-0.769719
-4.714530
-3.175092
-3.559951
-3.463736
-4.425885
-3.752381
-3.175092
-2.020513
-3.078877
-2.501587
-2.212943
-5.772894
-5.965324
-7.793407
-7.216117
-4.522100
-5.388034
-6.542613
-5.869109
-2.886447
-0.288645
2.116728
5.580464
4.618315
5.580464
4.810745
2.694017
2.309158
2.694017
-0.096215
-0.096215
0.577289
0.769719
0.288645
-3.559951
-7.216117
-7.119902
-8.466911
-10.872283
-12.796581
-13.085226
-15.009524
-13.951160
-12.700366
-15.298168
-16.356532
-22.899145
-19.242979
-19.627839
-19.531624
-17.895971
-19.916484
-19.339194
-16.741392
-15.683028
-13.758730
-11.545788
-10.102564
-8.755556
-5.291819
0.673504
6.735043
11.353358
12.219292
9.044200
4.425885
-2.020513
-6.735043
-8.755556
-10.776068
-14.143590
-17.030037
-18.954335
-17.222466
-16.260317
-16.356532
-15.683028
-13.758730
-12.219292
-12.123077
-10.198779
-5.195604
2.116728
5.195604
11.257143
11.353358
8.947985
6.638828
6.253968
7.119902
7.216117
8.178266
11.834432
11.738217
8.659341
10.102564
11.738217
13.085226
13.758730
15.394383
14.913309
12.507937
11.738217
10.102564
7.312332
6.638828
8.370696
12.989011
15.586813
13.662515
9.332845
6.350183
5.195604
2.501587
2.694017
2.116728
-3.271306
-8.274481
-8.755556
-9.140415
-7.216117
-2.694017
1.154579
1.924298
-1.539438
-5.003175
-5.003175
-3.559951
-1.443223
-10.776068
-5.580464
-6.061538
-8.851770
-8.466911
-5.291819
-2.501587
-1.828083
-1.058364
0.673504
0.865934
1.731868
2.501587
3.656166
5.099389
7.408547
8.563126
9.525275
12.507937
14.336020
13.566300
14.720879
13.566300
10.872283
8.851770
8.274481
5.965324
5.869109
2.116728
-0.769719
-0.962149
-0.096215
0.673504
2.790232
3.848596
4.425885
6.735043
8.466911
9.332845
8.563126
7.408547
8.947985
8.178266
5.291819
3.175092
1.347009
0.673504
0.288645
-0.673504
0.288645
0.481074
0.384860
0.096215
-5.869109
-4.522100
-5.772894
-8.082051
-6.157753
-3.944811
-3.367521
-1.539438
0.384860
0.000000
2.020513
0.673504
-1.347009
-1.154579
0.288645
0.769719
4.041026
2.886447
2.020513
2.694017
2.694017
2.020513
2.020513
1.828083
-0.288645
-1.250794
0.481074
0.769719
2.886447
3.175092
4.714530
5.195604
7.023687
9.429060
11.834432
12.604151
12.123077
10.391209
7.119902
3.752381
3.175092
-0.481074
0.481074
4.137241
2.694017
2.212943
-1.250794
-3.848596
-6.927473
-8.466911
-7.985836
-7.697192
-6.735043
-8.659341
-9.044200
-17.799756
-6.446398
-5.003175
-8.755556
-11.930647
-11.642002
-11.834432
-10.198779
-10.679853
-12.892796
-12.315507
-10.679853
-9.813919
-9.910134
-7.697192
-7.985836
-8.178266
-7.023687
-8.659341
-7.119902
-6.061538
-3.463736
-5.772894
-9.621490
-12.026862
-15.009524
-17.607326
-19.146764
-19.724054
-17.703541
-16.067888
-13.758730
-12.507937
-10.391209
-10.487424
-10.487424
-10.487424
-8.851770
-6.927473
-4.522100
-2.982662
-0.577289
-2.790232
-3.175092
-2.886447
1.154579
5.772894
5.869109
6.061538
6.061538
2.309158
2.116728
3.175092
5.099389
6.061538
7.600977
11.545788
14.239805
14.143590
15.298168
13.662515
10.102564
8.947985
7.504762
5.388034
6.638828
6.638828
5.195604
4.041026
2.886447
2.309158
-0.673504
-3.367521
-4.906960
-5.099389
-4.041026
0.673504
2.212943
0.096215
-2.501587
-6.831258
-7.216117
-3.752381
4.618315
16.645177
26.074237
29.826618
30.307692
27.902320
24.823443
22.802930
25.400733
28.383394
29.537973
28.190965
26.747741
22.706716
20.108913
18.569475
18.954335
19.820269
17.414896
12.892796
5.484249
-3.078877
-10.583639
-15.586813
-18.377045
-18.858120
-20.589988
-24.919658
-28.287179
-28.287179
-27.132601
-24.727228
-25.400733
-25.112088
-27.325031
-31.269841
-31.943346
-29.441758
-26.651526
-24.053724
-25.400733
-27.036386
-26.459096
-22.899145
-18.761905
-15.394383
-12.123077
-11.160928
-10.968498
-15.683028
-16.645177
-13.085226
-5.484249
2.116728
6.927473
4.618315
-0.673504
-3.271306
-3.944811
1.924298
9.332845
13.277656
12.507937
7.312332
0.673504
-3.656166
-2.597802
3.944811
11.545788
19.146764
20.301343
21.359707
20.974847
19.242979
24.534799
29.730403
31.269841
27.228816
19.724054
15.490598
13.854945
14.720879
14.624664
17.126252
15.490598
11.930647
8.466911
-2.212943
6.638828
7.312332
9.525275
9.525275
10.102564
8.563126
7.504762
9.332845
12.315507
13.470085
15.105739
17.799756
17.799756
19.339194
22.706716
23.380220
24.919658
25.785592
22.995360
18.184615
14.336020
10.968498
9.717705
9.236630
6.735043
4.714530
2.405372
-2.405372
-4.137241
-1.635653
1.443223
3.367521
1.731868
-3.463736
-8.082051
-11.545788
-13.085226
-12.892796
-10.487424
-8.659341
-6.542613
-7.697192
-8.947985
-10.487424
-14.336020
-13.854945
-12.796581
-11.449573
-12.026862
-12.123077
-11.834432
-9.717705
-6.542613
-3.559951
0.096215
2.982662
3.848596
2.309158
2.309158
2.116728
-2.790232
-9.236630
-14.047375
-17.318681
-18.377045
-17.222466
-14.336020
-11.545788
-10.776068
-5.869109
-4.233455
-1.347009
0.384860
1.539438
0.384860
2.212943
-0.769719
-4.714530
-9.044200
-10.968498
-14.817094
-16.741392
-15.490598
-15.394383
-10.006349
-3.944811
0.865934
8.563126
16.164103
23.187790
25.785592
26.747741
23.861294
17.511111
10.102564
3.367521
0.000000
-1.828083
-3.752381
-4.906960
-5.965324
-3.463736
-2.694017
-0.192430
2.020513
3.463736
6.157753
8.851770
10.102564
10.391209
11.064713
9.044200
5.195604
3.559951
0.000000
-4.233455
-5.484249
-2.212943
-1.058364
-1.250794
2.501587
-0.192430
-9.621490
-5.676679
-9.429060
-10.391209
-9.525275
-6.350183
-4.522100
-4.329670
-3.848596
-7.216117
-7.889621
-13.181441
-14.528449
-15.201954
-15.683028
-14.143590
-12.123077
-12.411722
-11.449573
-12.796581
-14.528449
-15.009524
-12.700366
-11.642002
-9.140415
-7.119902
-4.810745
-5.099389
-4.233455
-4.329670
-4.041026
-4.137241
-7.697192
-8.563126
-8.659341
-5.580464
-3.559951
0.096215
-1.635653
-2.982662
-2.405372
0.000000
2.020513
2.501587
8.563126
10.198779
9.332845
12.411722
9.813919
8.851770
7.408547
4.233455
1.924298
1.828083
2.020513
6.927473
9.621490
10.391209
12.411722
13.662515
13.277656
12.700366
9.910134
6.638828
4.233455
0.673504
0.192430
0.288645
0.673504
1.828083
1.347009
0.481074
0.000000
0.481074
-0.384860
4.522100
6.831258
10.006349
11.545788
12.796581
13.951160
16.837607
19.820269
22.706716
25.400733
26.747741
24.919658
22.995360
20.782418
19.531624
17.126252
19.627839
23.476435
24.149939
26.266667
25.978022
22.033211
19.627839
21.936996
24.342369
26.170452
23.284005
20.108913
16.164103
12.700366
13.662515
13.277656
14.047375
13.854945
13.662515
11.353358
8.563126
2.020513
-2.790232
-6.253968
-7.023687
-6.735043
-9.525275
-18.280830
-23.091575
-24.438584
-19.242979
-11.160928
-2.501587
2.020513
0.769719
-4.137241
-8.082051
-12.796581
-12.026862
-4.522100
2.020513
-2.405372
-12.026862
-17.799756
-20.493773
-17.799756
-4.522100
3.848596
0.384860
-8.659341
-14.817094
-18.569475
-18.761905
-11.738217
-8.466911
-15.875458
-32.424420
-44.739927
-51.090110
-49.839316
-44.547497
-34.060073
-27.806105
-29.153114
-32.520635
-37.620024
-35.888156
-29.826618
-19.146764
-7.600977
-1.154579
1.058364
-1.731868
-6.638828
-8.178266
-0.769719
6.157753
9.332845
9.140415
3.175092
-7.216117
-15.201954
-18.761905
-17.799756
-16.837607
-16.164103
-19.916484
-26.266667
-33.001709
-35.791941
-34.348718
-26.459096
-20.108913
-15.394383
-9.429060
-5.676679
-5.291819
-0.481074
7.023687
14.720879
18.858120
17.030037
11.545788
8.274481
8.659341
10.583639
14.432234
13.470085
10.391209
8.274481
6.831258
5.580464
2.405372
1.154579
-0.384860
-2.694017
-4.233455
-6.253968
-7.119902
-8.851770
-8.947985
-7.985836
-7.793407
-6.157753
-5.195604
-3.848596
-4.137241
-5.869109
-7.793407
-8.178266
-7.023687
-1.828083
3.656166
6.638828
9.525275
9.236630
10.294994
10.391209
11.738217
12.604151
9.525275
10.006349
8.659341
5.580464
0.962149
-2.405372
-4.618315
-5.676679
-8.563126
-10.391209
-9.332845
-13.566300
-19.146764
-22.706716
-25.015873
-27.325031
-28.287179
-26.843956
-25.593162
-23.187790
-20.108913
-16.164103
-12.507937
-9.429060
-7.119902
-5.965324
-5.291819
-3.463736
-2.116728
-2.694017
-4.425885
-4.714530
-5.676679
-3.367521
-0.577289
4.137241
7.889621
10.391209
11.449573
14.624664
14.143590
16.837607
16.164103
15.009524
12.411722
11.642002
13.373871
14.720879
17.126252
18.665690
21.167277
18.184615
15.490598
14.432234
13.470085
14.336020
14.047375
16.067888
17.799756
20.205128
21.840781
24.919658
25.496947
28.287179
26.555311
26.459096
25.785592
25.015873
27.902320
27.228816
24.534799
23.861294
22.610501
19.435409
17.703541
16.837607
17.030037
16.548962
16.548962
15.394383
14.528449
14.047375
15.779243
15.971673
18.088400
18.569475
21.744567
22.899145
24.631013
22.802930
22.129426
20.205128
20.205128
17.992186
16.645177
15.009524
15.201954
15.875458
14.239805
14.720879
11.834432
11.834432
15.009524
15.490598
15.875458
13.373871
9.910134
9.140415
10.102564
9.140415
9.429060
10.583639
13.662515
14.336020
14.432234
15.586813
19.724054
23.187790
21.744567
18.569475
14.239805
13.181441
11.257143
4.041026
9.525275
8.082051
8.563126
10.102564
8.851770
8.947985
7.119902
7.216117
6.350183
5.484249
5.676679
4.906960
3.463736
1.731868
-0.192430
-2.212943
-1.250794
-4.522100
-1.443223
-0.865934
1.058364
0.481074
-0.096215
-11.738217
-4.810745
-8.659341
-11.160928
-15.009524
-18.088400
-18.280830
-17.799756
-14.720879
-10.487424
-10.102564
-8.947985
-10.583639
-12.026862
-12.604151
-17.030037
-17.799756
-19.146764
-19.916484
-18.665690
-20.397558
-18.858120
-18.665690
-18.377045
-17.126252
-14.432234
-14.047375
-13.181441
-13.181441
-12.315507
-10.391209
-9.140415
-10.102564
-11.545788
-13.085226
-12.507937
-14.720879
-14.336020
-12.700366
-8.755556
-5.195604
-3.367521
-2.212943
-0.288645
-1.347009
-0.865934
-1.058364
-2.020513
-0.288645
0.096215
4.425885
6.927473
5.869109
4.522100
5.099389
4.041026
2.020513
0.000000
-3.175092
-6.638828
-6.446398
-6.157753
-6.638828
-5.003175
-3.656166
-2.597802
-2.212943
-1.154579
-2.309158
-3.848596
-7.119902
-6.061538
-8.370696
-9.717705
-11.738217
-12.989011
-14.624664
-14.528449
-12.123077
-12.219292
-8.755556
-8.082051
-9.525275
-9.910134
-10.872283
-9.332845
-12.700366
-18.665690
-21.744567
-19.435409
-18.954335
-16.260317
-14.913309
-10.968498
-9.525275
-9.813919
-10.294994
-6.061538
-4.041026
0.769719
5.291819
9.621490
9.332845
8.563126
7.119902
6.542613
5.003175
4.522100
4.425885
4.137241
-0.865934
-3.656166
-6.927473
-4.906960
-0.865934
0.962149
4.810745
5.003175
4.618315
5.099389
4.425885
3.656166
3.367521
1.635653
-2.501587
-6.927473
-11.353358
-17.992186
-20.108913
-29.537973
-22.129426
-19.435409
-19.339194
-18.280830
-17.607326
-16.067888
-13.470085
-12.123077
-10.968498
-9.236630
-7.119902
-5.291819
-4.425885
-1.924298
1.058364
2.020513
2.309158
2.886447
4.329670
2.982662
5.003175
-4.810745
2.982662
0.096215
-6.350183
-10.391209
-12.219292
-14.432234
-14.720879
-13.566300
-10.198779
-4.810745
-0.481074
1.347009
4.522100
5.291819
5.772894
5.099389
3.848596
1.539438
0.865934
-1.347009
-1.828083
1.443223
1.539438
2.309158
7.985836
9.717705
10.294994
-0.384860
3.752381
0.384860
-0.673504
-0.673504
1.154579
1.347009
1.635653
2.597802
1.924298
1.154579
-0.384860
-2.116728
-2.020513
1.058364
2.212943
1.250794
1.635653
2.597802
3.367521
3.367521
2.982662
0.000000
0.000000
0.577289
3.463736
4.329670
8.082051
9.429060
9.429060
10.006349
9.429060
8.082051
6.542613
7.504762
9.429060
10.391209
14.239805
14.913309
15.971673
16.067888
11.545788
7.119902
3.175092
1.154579
0.192430
-1.731868
0.481074
1.443223
1.443223
1.635653
2.212943
3.559951
5.388034
5.676679
3.944811
2.790232
0.673504
-1.924298
-4.714530
-7.119902
-7.889621
-7.312332
-6.927473
-8.659341
-10.487424
-11.834432
-12.989011
-12.700366
-12.796581
-11.257143
-9.813919
-10.487424
-9.813919
-8.370696
-5.869109
-4.233455
-6.638828
-7.408547
-9.621490
-8.370696
-7.600977
-5.676679
-4.522100
-2.116728
1.347009
4.810745
7.697192
12.989011
15.971673
15.683028
12.796581
10.487424
6.350183
1.443223
0.962149
-2.694017
-5.388034
-6.061538
-9.332845
-8.466911
-8.082051
-6.350183
-5.195604
-0.577289
2.116728
5.676679
7.504762
7.216117
7.216117
5.003175
1.443223
-2.020513
-2.212943
2.020513
3.656166
2.694017
3.463736
2.212943
1.058364
3.463736
2.694017
1.924298
0.673504
-1.539438
-5.869109
-10.583639
-11.160928
-10.872283
-10.294994
-8.947985
-8.851770
-8.274481
-5.869109
-6.831258
-3.463736
0.673504
1.154579
3.078877
4.618315
7.119902
7.985836
6.927473
5.676679
3.752381
0.577289
0.288645
0.192430
3.175092
3.944811
4.137241
3.848596
2.212943
0.769719
-0.481074
-2.116728
-2.597802
-2.790232
-1.635653
0.865934
3.367521
6.061538
7.504762
8.082051
7.985836
7.216117
6.927473
3.175092
1.154579
-2.212943
-2.212943
-2.982662
-2.116728
-2.405372
-1.250794
-0.769719
-1.058364
-1.154579
0.673504
2.597802
4.425885
8.947985
12.026862
12.026862
13.277656
10.198779
9.044200
9.621490
12.411722
12.604151
11.160928
9.910134
9.236630
5.869109
6.350183
4.810745
3.848596
1.058364
-0.096215
-1.731868
-1.828083
-1.828083
-0.673504
-0.192430
-2.501587
-5.099389
-14.913309
-10.776068
-12.700366
-12.796581
-11.738217
-11.834432
-11.642002
-12.507937
-11.738217
-12.892796
-12.796581
-15.009524
-14.624664
-14.143590
-14.528449
-9.332845
-4.618315
0.288645
8.851770
10.583639
4.618315
-2.501587
-5.291819
-3.367521
0.577289
6.927473
9.813919
7.697192
2.501587
-4.425885
-5.676679
-4.041026
0.192430
6.061538
10.198779
10.776068
10.294994
10.006349
10.391209
8.466911
10.006349
14.624664
17.799756
19.627839
19.050549
18.858120
18.569475
17.030037
16.933822
18.569475
18.665690
19.242979
16.933822
14.047375
-0.577289
7.312332
5.676679
8.178266
11.834432
10.776068
9.140415
9.140415
5.195604
4.714530
5.099389
6.927473
8.947985
11.257143
11.257143
8.563126
3.656166
0.384860
-2.694017
-2.020513
-2.886447
-4.425885
-6.350183
-8.466911
-8.178266
-6.061538
-4.041026
0.000000
0.481074
3.175092
1.731868
1.731868
-1.154579
-0.481074
-0.192430
0.096215
0.384860
1.443223
0.865934
-1.924298
-7.793407
-9.813919
-11.930647
-15.683028
-19.339194
-18.665690
-19.050549
-20.686203
-20.012698
-18.377045
-14.528449
-12.892796
-10.583639
-9.236630
-9.813919
-10.679853
-13.951160
-16.548962
-17.222466
-17.511111
-13.951160
-11.738217
-9.044200
-9.525275
-8.563126
-7.504762
-8.755556
-6.638828
-7.985836
-5.965324
-8.466911
-7.600977
-9.621490
-8.274481
-7.504762
-9.332845
-11.160928
-14.432234
-17.414896
-19.050549
-19.435409
-19.916484
-18.954335
-17.895971
-17.607326
-15.394383
-12.989011
-7.504762
-6.542613
-5.291819
-5.003175
-4.425885
-5.484249
-3.175092
-2.212943
0.000000
1.347009
0.384860
4.329670
6.831258
7.985836
8.947985
9.813919
11.160928
9.525275
8.274481
8.466911
8.274481
6.446398
6.831258
3.656166
2.501587
1.635653
2.212943
0.673504
2.501587
5.195604
6.927473
8.659341
11.160928
12.026862
12.123077
12.604151
13.951160
14.432234
14.528449
14.913309
14.239805
14.624664
15.683028
14.817094
14.913309
12.123077
10.968498
11.545788
8.851770
7.216117
7.023687
7.985836
6.735043
7.119902
7.985836
8.563126
8.947985
10.294994
10.294994
11.064713
11.160928
10.968498
11.449573
12.700366
11.738217
10.679853
8.755556
8.466911
6.735043
5.195604
4.425885
5.676679
5.772894
7.504762
7.312332
7.600977
8.659341
8.466911
7.504762
0.962149
4.714530
2.790232
-0.384860
-1.924298
-1.924298
0.096215
2.309158
4.522100
4.137241
1.828083
0.000000
-0.288645
1.924298
2.405372
4.522100
9.525275
7.312332
4.041026
1.058364
0.288645
0.384860
3.656166
5.195604
1.924298
-5.195604
-9.910134
-12.123077
-14.817094
-14.720879
-15.875458
-15.875458
-17.126252
-15.683028
-13.758730
-10.487424
-7.697192
-7.504762
-5.869109
-5.676679
-6.638828
-4.425885
-1.635653
-0.192430
1.347009
-0.962149
-3.367521
-5.676679
-7.793407
-10.776068
-13.470085
-16.067888
-18.184615
-18.088400
-20.493773
-21.552137
-23.765079
-23.284005
-25.112088
-25.496947
-22.899145
-19.531624
-16.741392
-12.796581
-11.257143
-10.294994
-9.813919
-9.910134
-10.198779
-12.604151
-15.201954
-17.511111
-14.817094
-12.700366
-11.930647
-10.198779
-13.085226
-15.009524
-15.971673
-12.123077
-7.697192
-2.116728
-0.192430
0.769719
-7.793407
5.195604
5.869109
5.003175
5.676679
9.717705
9.621490
6.350183
3.078877
3.559951
7.119902
10.391209
8.851770
6.157753
4.618315
2.790232
2.597802
6.157753
10.102564
13.758730
12.892796
12.026862
10.583639
7.119902
3.367521
0.962149
-0.481074
0.384860
1.347009
4.906960
4.618315
6.061538
9.813919
15.105739
19.531624
21.840781
21.071062
21.840781
19.242979
17.799756
16.067888
14.239805
11.449573
10.294994
9.717705
10.968498
10.583639
12.796581
11.353358
10.294994
3.944811
9.910134
7.697192
6.831258
11.257143
14.528449
14.624664
9.910134
4.714530
-1.058364
-3.175092
-2.982662
-0.769719
0.577289
1.154579
0.288645
1.154579
1.635653
4.041026
-2.405372
11.738217
13.181441
11.449573
7.793407
5.676679
1.539438
0.865934
2.886447
5.291819
9.140415
10.294994
13.854945
13.373871
12.411722
10.872283
15.683028
18.280830
18.761905
19.339194
20.589988
21.648352
24.342369
23.668864
21.167277
15.779243
10.102564
2.597802
-4.714530
-7.312332
-6.831258
-4.714530
-1.058364
0.673504
2.501587
2.982662
1.250794
2.020513
2.982662
3.656166
2.116728
0.577289
-2.501587
-6.735043
-8.851770
-9.236630
-9.717705
-8.563126
-8.851770
-10.391209
-14.143590
-16.837607
-19.531624
-18.377045
-19.050549
