-8.558486
-7.541636
-12.456410
-13.981685
-18.642247
-21.184371
-29.149695
-28.132845
-33.301832
-35.589744
-37.623443
-35.928694
-40.673993
-36.691331
-36.352381
-33.301832
-34.742369
-34.064469
-34.064469
-29.573382
-30.505495
-28.556532
-28.726007
-32.115507
-36.691331
-37.877656
-39.063980
-34.996581
-29.997070
-26.946520
-28.980220
-33.217094
-40.504518
-44.656654
-41.945055
-38.979243
-29.997070
-21.777534
-12.710623
-11.015873
-5.592674
-2.542125
1.694750
-0.423687
1.779487
1.610012
6.694261
6.270574
9.829548
5.507937
6.948474
6.185836
7.372161
3.982662
5.423199
0.338950
4.491087
4.575824
6.185836
5.423199
4.660562
-1.525275
-2.372650
-4.067399
-0.847375
-0.932112
3.643712
1.271062
-1.779487
-4.575824
-2.965812
-2.626862
-1.694750
-2.542125
-2.711600
-3.728449
-3.389499
-0.254212
-0.423687
-2.033700
-2.881074
-1.610012
-2.118437
-0.084737
0.000000
2.118437
3.728449
4.236874
6.440049
9.575336
8.558486
7.795849
4.152137
5.338462
3.135287
3.474237
-3.220024
0.423687
2.287912
7.117949
1.101587
2.542125
2.118437
6.270574
4.914774
8.812698
6.694261
11.693773
10.761661
10.168498
5.423199
1.948962
1.610012
2.287912
1.355800
0.000000
-0.338950
-1.525275
-2.033700
-0.762637
-0.847375
-1.101587
-0.338950
3.813187
7.880586
11.354823
16.015385
17.625397
19.998046
18.981197
23.133333
21.014896
22.285958
21.947009
21.947009
15.506960
14.066422
8.897436
12.625885
11.947985
15.930647
17.540659
21.862271
22.455433
16.184860
20.760684
16.100122
8.558486
8.558486
3.813187
3.220024
-0.169475
-0.423687
-6.440049
-4.236874
-4.999512
-5.338462
-10.507448
-8.473748
-12.286935
-12.625885
-11.863248
-8.050061
-9.405861
-8.050061
-9.321123
-4.406349
-3.728449
-3.304762
-8.134799
-9.575336
-11.778510
-8.897436
-7.795849
-5.253724
-1.779487
-3.728449
-8.304274
-6.016361
-5.846886
-6.270574
-0.932112
7.033211
9.151648
8.304274
7.626374
7.541636
10.253236
12.117460
18.472772
26.692308
34.488156
30.674969
23.641758
14.405372
13.812210
11.100611
13.219048
12.117460
18.049084
22.455433
25.844933
21.862271
19.743834
10.846398
7.795849
3.558974
6.270574
10.592186
21.438584
21.523321
20.167521
12.286935
11.947985
5.762149
2.457387
3.135287
11.185348
14.829060
14.574847
7.117949
6.355311
4.321612
4.575824
6.694261
13.388523
18.642247
22.963858
22.455433
13.981685
5.592674
3.558974
7.626374
11.863248
13.981685
18.218559
24.743346
23.218071
24.489133
22.201221
17.879609
11.609035
14.066422
15.083272
15.930647
12.371673
15.930647
11.439560
6.524786
-2.203175
-0.084737
-1.016850
4.152137
0.677900
1.525275
-0.084737
3.220024
-1.694750
-1.610012
-0.508425
1.779487
-1.610012
-1.101587
-0.847375
1.440537
0.593162
2.881074
-1.016850
1.355800
-2.033700
-4.660562
-6.863736
-4.236874
-8.389011
-9.744811
-11.015873
-6.440049
-3.304762
-0.847375
-1.016850
-1.525275
-2.457387
-0.169475
1.864225
-0.423687
2.287912
0.508425
-1.694750
0.084737
2.965812
6.270574
14.829060
22.201221
30.251282
29.742857
29.912332
26.861783
26.183883
20.421734
18.896459
14.998535
15.845910
9.151648
6.863736
-0.677900
-2.965812
-6.440049
-5.507937
-10.592186
-10.761661
-12.880098
-15.506960
-19.659096
-18.811722
-17.625397
-13.981685
-19.489621
-18.388034
-18.303297
-17.032234
-21.523321
-19.659096
-21.523321
-19.065934
-23.302808
-22.879121
-21.269109
-20.252259
-23.302808
-24.997558
-31.691819
-31.861294
-36.182906
-35.335531
-35.250794
-27.539683
-23.387546
-20.675946
-21.862271
-20.421734
-20.167521
-17.794872
-13.219048
-7.117949
-3.813187
-4.152137
-11.863248
-15.676435
-9.321123
-1.355800
1.525275
-1.779487
-4.236874
-2.203175
1.864225
5.084249
3.728449
2.203175
2.118437
-1.440537
-2.033700
4.660562
9.999023
15.083272
16.947497
16.439072
19.998046
17.964347
17.879609
18.642247
19.489621
16.693284
14.151160
9.490598
7.117949
3.135287
0.932112
-6.609524
-7.541636
-9.405861
-6.270574
-6.355311
-1.694750
-2.118437
2.881074
0.254212
1.610012
-3.135287
0.000000
-1.694750
3.474237
1.525275
-0.762637
-5.084249
-4.321612
-2.711600
1.101587
-0.677900
-1.016850
-5.338462
-3.304762
-3.813187
1.355800
-1.186325
0.254212
-1.779487
0.169475
0.169475
1.694750
-0.423687
-5.338462
-14.744322
-17.879609
-21.692796
-21.692796
-19.998046
-15.845910
-12.795360
-9.236386
-11.609035
-14.235897
-15.168010
-13.049573
-13.981685
-15.506960
-18.642247
-19.065934
-17.201709
-17.710134
-18.811722
-17.964347
-14.744322
-12.032723
-10.422711
-9.744811
-9.151648
-8.473748
-15.337485
-11.185348
-12.625885
-12.202198
-10.507448
-9.660073
-8.219536
-9.999023
-7.287424
-8.219536
-6.101099
-8.643223
-11.778510
-9.151648
-9.066911
-14.913797
-14.574847
-16.354335
-18.642247
-13.303785
-10.676923
-17.201709
-19.998046
-23.895971
-22.879121
-22.624908
-18.218559
-16.862759
-11.863248
-12.202198
-10.337973
-8.643223
-3.982662
-11.863248
0.084737
-1.525275
-9.744811
-2.626862
0.762637
1.271062
3.982662
5.253724
9.236386
8.389011
10.337973
10.761661
17.540659
16.100122
18.811722
18.388034
18.472772
17.625397
20.421734
17.371184
21.862271
18.642247
21.862271
18.726984
18.049084
14.151160
14.998535
13.981685
18.981197
16.439072
15.168010
11.185348
14.235897
11.778510
14.829060
10.507448
12.286935
13.473260
6.609524
5.931624
0.677900
-3.643712
-2.203175
-2.457387
4.406349
3.389499
4.660562
2.372650
3.643712
-1.440537
-1.525275
-3.389499
1.694750
0.423687
2.287912
-0.423687
0.338950
-1.948962
-0.593162
-2.542125
0.423687
0.847375
3.304762
0.677900
1.186325
-1.440537
3.728449
3.558974
6.524786
1.525275
0.762637
-2.626862
-3.220024
-6.778999
-5.084249
-8.134799
-6.524786
-8.304274
-4.491087
-3.982662
-1.610012
-3.728449
-4.067399
-8.982173
-8.812698
-13.812210
-14.235897
-16.608547
-15.422222
-18.726984
-19.065934
-22.201221
-19.404884
-20.845421
-21.862271
-19.320147
-16.778022
-16.523810
-14.151160
-14.151160
-11.439560
-12.964835
-9.829548
-10.846398
-7.711111
-10.422711
-7.372161
-10.422711
-9.575336
-10.083761
-7.795849
-10.083761
-6.948474
-7.711111
-3.643712
-4.236874
-0.508425
0.338950
6.016361
6.101099
7.287424
4.745299
6.016361
4.406349
4.406349
0.169475
-1.271062
-2.881074
1.948962
0.084737
1.355800
-0.593162
-2.796337
-6.440049
-6.440049
-7.711111
-4.745299
-4.999512
-3.220024
-6.609524
-6.270574
-7.202686
-7.541636
-9.744811
-7.287424
-8.727961
-4.914774
-7.795849
-7.202686
-9.999023
-7.117949
-6.440049
-2.287912
-2.542125
2.881074
4.406349
11.439560
13.896947
19.489621
16.439072
18.388034
13.642735
14.235897
12.286935
6.694261
13.049573
15.422222
14.659585
15.506960
12.541148
13.049573
12.795360
17.879609
18.726984
20.591209
16.439072
16.015385
12.795360
11.354823
7.880586
4.575824
3.474237
6.778999
5.846886
5.677411
2.372650
1.779487
-1.864225
3.220024
4.660562
6.948474
8.473748
12.964835
14.744322
18.049084
18.218559
19.998046
22.370696
23.133333
23.218071
24.234921
23.302808
21.777534
20.506471
19.659096
20.591209
19.150672
19.065934
16.947497
16.862759
17.116972
17.964347
14.490110
11.354823
11.863248
9.914286
6.355311
6.016361
3.558974
3.135287
2.033700
2.203175
1.271062
3.813187
0.169475
-1.948962
-3.813187
-0.932112
-2.203175
2.796337
1.016850
0.847375
-5.592674
-5.084249
-5.423199
-2.118437
-1.694750
1.694750
-2.965812
-1.101587
-4.067399
-1.864225
-2.542125
1.016850
0.254212
4.660562
7.711111
13.896947
13.134310
14.574847
12.795360
14.998535
13.388523
11.947985
10.168498
10.931136
14.913797
12.710623
9.660073
7.033211
1.101587
4.321612
4.236874
2.796337
-0.338950
-2.118437
-4.321612
-6.270574
-10.931136
-14.998535
-18.811722
-22.624908
-24.319658
-29.488645
-31.437607
-33.640781
-31.607082
-33.301832
-31.607082
-31.183394
-27.115995
-26.861783
-22.455433
-22.455433
-20.930159
-18.811722
-15.083272
-15.422222
-13.642735
-14.490110
-14.829060
-16.947497
-13.557998
-13.049573
-10.846398
-13.134310
-10.761661
-11.524298
-7.456899
-6.440049
-1.779487
-1.355800
1.779487
1.355800
4.575824
1.694750
2.626862
0.423687
1.271062
2.457387
4.406349
4.660562
5.592674
2.796337
3.389499
-0.847375
-0.423687
-5.084249
-5.762149
-8.643223
-8.558486
-12.625885
-10.676923
-10.846398
-9.829548
-13.134310
-2.881074
-4.999512
-1.355800
-2.457387
-4.152137
-9.490598
-8.727961
-12.964835
-10.931136
-12.795360
-15.168010
-15.168010
-11.947985
-10.846398
-6.948474
-7.456899
-6.440049
-4.745299
-0.254212
-0.423687
1.440537
1.779487
1.948962
1.948962
3.050549
2.626862
5.253724
5.084249
6.863736
7.117949
3.389499
-0.423687
-4.236874
-4.745299
-4.491087
-5.423199
-4.575824
-5.168987
-9.405861
-9.151648
-11.778510
-9.744811
-11.778510
-8.389011
-7.880586
-6.694261
-10.083761
-7.202686
-8.134799
-6.440049
-3.982662
1.610012
-2.118437
-3.643712
-8.473748
-7.541636
-9.914286
-8.643223
-8.389011
-7.711111
-11.778510
-8.643223
-10.676923
-5.762149
-3.897924
1.610012
-1.355800
-2.542125
-6.016361
-4.914774
-9.066911
-10.168498
-7.287424
-4.491087
-11.185348
-11.439560
-12.371673
-7.202686
-2.881074
2.118437
4.152137
6.863736
5.677411
6.101099
6.948474
11.100611
13.388523
15.422222
18.726984
21.014896
24.828083
27.200733
29.149695
27.624420
28.217582
26.183883
23.980708
23.302808
22.963858
22.624908
22.963858
21.353846
24.319658
21.438584
23.218071
22.370696
23.811233
21.438584
19.828571
17.286447
18.218559
11.778510
12.371673
5.677411
2.881074
-4.321612
-7.372161
-13.134310
-13.303785
-16.947497
-15.761172
-19.489621
-19.828571
-22.963858
-21.777534
-23.133333
-19.913309
-20.082784
-14.151160
-12.117460
-7.456899
-5.592674
-3.050549
-4.152137
-2.457387
-2.033700
0.762637
2.372650
4.406349
4.745299
3.813187
4.491087
1.948962
2.626862
2.118437
2.118437
5.762149
8.897436
8.897436
10.337973
7.880586
6.609524
3.050549
3.897924
2.457387
4.830037
2.881074
4.152137
4.152137
6.948474
4.491087
8.982173
5.423199
7.795849
4.152137
9.321123
7.626374
10.337973
4.575824
2.542125
-5.423199
-9.914286
-15.252747
-16.608547
-21.947009
-22.201221
-27.031258
-23.641758
-23.302808
-18.811722
-17.879609
-13.303785
-9.914286
-5.423199
-0.762637
1.610012
5.338462
8.812698
11.270085
9.151648
10.846398
13.812210
14.235897
12.795360
15.337485
18.472772
24.150183
27.285470
31.098657
33.810256
35.928694
32.708669
29.149695
25.336508
22.370696
18.557509
16.693284
10.931136
8.643223
4.914774
3.643712
-2.542125
-2.711600
-5.931624
-5.423199
-7.965324
-6.185836
-9.066911
-8.897436
-11.947985
-13.473260
-19.998046
-19.998046
-22.201221
-18.726984
-20.760684
-23.472283
-30.420757
-29.403907
-29.912332
-26.099145
-22.201221
-16.100122
-18.642247
-24.319658
-32.369719
-29.997070
-27.115995
-15.845910
-7.287424
-3.897924
-4.491087
-7.117949
-0.932112
3.643712
6.778999
11.778510
13.134310
13.896947
17.286447
16.862759
16.947497
15.083272
12.880098
9.490598
13.473260
13.219048
15.591697
14.659585
13.981685
8.558486
9.490598
6.609524
10.168498
10.592186
12.795360
8.558486
8.134799
6.948474
9.321123
10.337973
15.337485
13.388523
13.642735
7.372161
9.236386
8.727961
13.727473
13.642735
13.473260
11.100611
5.423199
-2.796337
-2.457387
-2.457387
-1.694750
-1.016850
1.610012
4.406349
4.830037
6.948474
8.389011
7.711111
5.423199
6.694261
6.440049
4.999512
1.271062
0.508425
-0.169475
4.406349
0.677900
1.779487
-1.101587
0.338950
-0.423687
1.186325
-1.355800
-5.168987
-8.473748
-6.524786
-5.677411
-2.881074
-5.253724
-4.914774
-7.711111
-3.643712
-5.677411
-3.813187
-4.914774
-8.134799
-3.389499
-0.677900
-0.593162
-0.593162
-5.423199
-5.423199
-9.575336
-13.727473
-18.049084
-17.879609
-19.065934
-14.405372
-15.337485
-11.439560
-11.524298
-9.660073
-12.117460
-8.050061
-6.863736
-7.965324
-6.863736
-6.355311
-6.609524
-7.287424
-3.558974
-3.135287
-1.610012
-3.897924
-1.016850
-2.542125
-2.626862
-5.168987
-1.525275
-3.558974
1.525275
1.864225
3.897924
2.203175
5.677411
4.914774
8.812698
4.914774
7.711111
7.626374
10.931136
11.100611
14.320635
10.931136
12.286935
12.286935
13.557998
8.134799
8.643223
4.575824
4.067399
-0.932112
-1.864225
-5.507937
-3.220024
-3.304762
0.932112
4.067399
11.439560
13.812210
17.455922
18.218559
19.913309
18.472772
16.693284
11.609035
10.931136
10.422711
11.100611
8.897436
8.727961
6.524786
5.168987
4.152137
1.440537
-0.593162
-1.355800
1.440537
4.406349
7.795849
10.507448
8.727961
5.168987
2.457387
-1.271062
-5.762149
-11.270085
-15.168010
-20.252259
-23.557021
-25.336508
-29.149695
-30.759707
-27.454945
-26.183883
-25.082295
-24.743346
-24.234921
-24.573871
-25.505983
-28.132845
-31.946032
-37.199756
-35.335531
-37.877656
-33.979731
-33.132357
-28.556532
-26.692308
-23.557021
-23.387546
-22.624908
-24.150183
-24.404396
-24.319658
-21.523321
-23.557021
-18.133822
-18.981197
-16.354335
-18.303297
-15.845910
-17.710134
-13.557998
-17.794872
-17.455922
-27.285470
-21.269109
-24.828083
-25.082295
-28.471795
-26.522833
-26.183883
-23.387546
-24.150183
-19.489621
-19.659096
-17.964347
-21.947009
-19.150672
-17.540659
-13.727473
-12.541148
-8.134799
-7.117949
-4.830037
-9.321123
2.287912
3.982662
4.830037
5.592674
4.491087
5.677411
5.338462
6.524786
6.355311
6.694261
7.965324
11.354823
13.303785
18.472772
19.404884
22.624908
21.608059
23.218071
22.370696
14.320635
20.252259
20.675946
16.354335
17.032234
14.829060
17.879609
17.286447
21.184371
18.981197
21.014896
20.167521
21.099634
10.253236
19.743834
16.693284
15.422222
12.625885
14.574847
13.049573
16.100122
13.812210
15.083272
15.845910
20.591209
18.557509
18.388034
14.490110
13.727473
11.100611
15.422222
13.727473
15.252747
12.625885
14.659585
11.354823
14.744322
12.032723
12.032723
11.354823
16.015385
16.947497
22.116484
20.421734
23.980708
22.709646
24.234921
23.895971
20.421734
24.319658
29.827595
26.268620
26.183883
24.828083
29.488645
28.726007
29.403907
28.387057
30.674969
29.827595
33.301832
31.861294
32.115507
28.471795
26.607570
24.065446
23.218071
21.353846
25.336508
22.794383
26.522833
24.150183
25.082295
23.895971
25.421245
21.353846
20.252259
15.845910
16.100122
13.219048
14.405372
11.524298
10.676923
6.694261
7.711111
7.287424
10.083761
7.880586
8.982173
4.745299
6.016361
2.881074
1.694750
-0.847375
0.169475
-2.881074
0.084737
-1.525275
-2.372650
-3.558974
-2.457387
-7.456899
-7.202686
-8.304274
-6.609524
-7.795849
-3.135287
-5.423199
-6.440049
-10.337973
-10.253236
-11.354823
-6.270574
-5.507937
-0.254212
-2.118437
-0.169475
-2.033700
-0.932112
-2.965812
-1.355800
-4.067399
-4.406349
-9.490598
-7.880586
-10.931136
-10.676923
-14.744322
-16.947497
-24.065446
-22.879121
-28.217582
-27.624420
-30.166545
-27.031258
-27.454945
-26.183883
-27.963370
-27.115995
-29.234432
-28.387057
-29.997070
-26.438095
-27.963370
-23.895971
-27.200733
-21.862271
-20.760684
-14.405372
-12.964835
-9.236386
-12.456410
-10.507448
-11.524298
-10.337973
-13.981685
-9.405861
-10.592186
-8.473748
-12.625885
-10.761661
-14.574847
-12.117460
-14.320635
-11.947985
-13.896947
-10.846398
-10.168498
-8.473748
-8.812698
-6.778999
-4.491087
-3.389499
-6.185836
-3.389499
-7.372161
-8.304274
-13.642735
-9.744811
-10.083761
-6.694261
-7.626374
-4.575824
-5.423199
-0.762637
-1.779487
1.186325
-2.965812
-1.271062
-3.982662
-2.965812
-3.474237
-2.881074
-5.507937
-3.982662
-8.558486
-8.643223
-12.286935
-10.931136
-9.829548
-8.134799
-10.422711
-12.117460
-12.625885
-12.117460
-10.592186
-4.236874
-3.982662
0.000000
0.847375
5.084249
3.897924
3.813187
0.847375
3.474237
-0.762637
-1.525275
-7.711111
-9.999023
-13.981685
-13.219048
-14.405372
-12.964835
-18.811722
-18.303297
-24.234921
-24.404396
-26.183883
-20.845421
-19.828571
-16.862759
-18.811722
-11.185348
-14.659585
-12.541148
-13.049573
-8.558486
-11.354823
-9.829548
-10.083761
-7.202686
-7.372161
-2.881074
-5.168987
-3.558974
-8.812698
-3.220024
-4.491087
-1.186325
-2.203175
-0.847375
-4.999512
-2.626862
1.355800
4.236874
4.575824
6.609524
6.270574
8.643223
11.015873
11.609035
10.337973
12.880098
11.947985
10.846398
8.558486
8.134799
3.220024
4.152137
3.220024
2.711600
3.643712
6.101099
4.660562
8.134799
11.863248
14.320635
14.998535
14.744322
17.032234
16.778022
17.540659
16.608547
15.761172
12.541148
13.473260
10.931136
10.253236
7.372161
8.897436
7.033211
9.151648
7.541636
8.304274
7.795849
7.795849
2.118437
0.677900
-2.033700
1.779487
2.542125
7.795849
8.558486
12.032723
8.897436
6.609524
-1.355800
-1.271062
-5.846886
-2.542125
-6.101099
-4.575824
-7.287424
-4.660562
-7.372161
-3.474237
-3.813187
-1.948962
-4.321612
-3.050549
-3.220024
-1.779487
-0.084737
4.321612
4.660562
6.609524
3.897924
4.406349
1.779487
0.423687
-2.372650
-1.355800
-0.762637
-0.677900
-1.101587
-1.271062
-5.168987
-3.050549
0.169475
5.168987
8.812698
10.846398
9.575336
7.541636
2.372650
-1.016850
-5.846886
-10.168498
-13.896947
-13.727473
-11.100611
-10.761661
-10.507448
-6.101099
-4.321612
-2.033700
-2.542125
-3.982662
0.932112
2.118437
7.541636
12.286935
14.998535
20.252259
22.879121
22.879121
23.895971
23.895971
23.048596
22.370696
18.896459
15.845910
10.337973
9.660073
5.168987
1.610012
3.050549
4.152137
8.558486
8.473748
6.016361
-1.016850
-6.524786
-12.964835
-15.168010
-19.743834
-18.811722
-20.167521
-18.472772
-16.778022
-12.710623
-8.050061
-3.304762
-7.033211
-4.660562
-12.371673
-14.490110
-19.065934
-18.642247
-18.303297
-13.812210
-11.270085
-10.083761
-11.693773
-9.660073
-8.812698
-6.440049
-3.813187
0.169475
1.186325
5.507937
5.253724
9.999023
7.202686
12.117460
12.541148
13.388523
9.321123
7.626374
6.355311
5.846886
1.355800
1.610012
0.084737
1.779487
1.694750
4.660562
3.474237
9.151648
6.609524
7.033211
7.033211
6.694261
5.846886
5.762149
3.897924
4.660562
7.117949
7.117949
9.914286
11.947985
11.354823
11.439560
12.117460
8.473748
7.965324
8.304274
11.609035
13.473260
15.422222
15.676435
19.828571
20.845421
21.523321
18.388034
18.811722
15.761172
18.303297
14.744322
13.642735
8.304274
8.304274
2.457387
3.050549
0.338950
3.389499
0.932112
2.457387
-2.118437
-1.779487
-3.897924
0.677900
-1.440537
0.084737
-5.507937
-6.270574
-7.880586
-3.643712
-2.287912
2.203175
3.304762
2.372650
-1.610012
-3.135287
-2.796337
-0.338950
4.406349
6.016361
2.457387
1.694750
-4.406349
-4.406349
-3.728449
-2.711600
-0.847375
-0.423687
1.101587
-1.186325
-1.271062
-1.016850
-0.932112
-1.016850
-2.033700
-2.542125
-7.287424
-10.168498
-9.660073
-12.880098
-10.507448
-11.270085
-6.270574
-2.881074
0.000000
-1.864225
-4.067399
-9.321123
-8.897436
-13.642735
-12.795360
-15.083272
-12.880098
-17.201709
-14.151160
-24.658608
-14.744322
-14.998535
-9.151648
-9.914286
-6.948474
-7.965324
-4.491087
-6.609524
-2.033700
-3.220024
-1.948962
-4.491087
-2.796337
-5.762149
-5.507937
-5.592674
-5.253724
-7.880586
-3.304762
-4.914774
-1.779487
-5.423199
-5.846886
-6.778999
-7.880586
-8.134799
-4.660562
-2.965812
-0.847375
-0.508425
1.355800
-4.152137
2.033700
1.525275
4.745299
0.593162
3.304762
2.626862
2.203175
1.016850
1.440537
-1.525275
0.762637
0.847375
-0.423687
-5.253724
-8.473748
-11.524298
-13.134310
-14.320635
-14.490110
-14.320635
-14.320635
-13.642735
-10.422711
-7.202686
-2.881074
-0.423687
1.016850
4.236874
6.694261
6.778999
8.727961
7.456899
8.389011
10.083761
8.897436
9.405861
9.066911
7.456899
7.117949
5.507937
5.846886
4.999512
3.558974
4.067399
4.914774
5.762149
2.203175
5.677411
5.338462
7.202686
7.711111
11.270085
6.778999
7.795849
1.864225
-0.423687
-3.982662
-6.524786
-11.100611
-10.337973
-13.642735
-12.456410
-13.981685
-9.914286
-6.778999
-0.677900
1.440537
7.456899
8.304274
8.304274
2.118437
2.033700
-2.711600
-3.728449
-7.117949
-6.609524
-10.761661
-7.795849
-8.473748
-8.050061
-7.287424
-3.304762
0.169475
2.626862
1.186325
-0.762637
-1.694750
-2.203175
-1.101587
-4.575824
-6.524786
-16.523810
-8.643223
-8.982173
-4.999512
-4.914774
-3.389499
-3.135287
2.203175
3.050549
2.542125
2.203175
2.203175
-3.135287
-1.440537
-2.372650
-2.965812
-3.813187
-2.203175
-5.168987
-5.507937
-5.168987
-2.881074
-0.593162
2.542125
5.762149
11.015873
13.303785
18.811722
20.506471
20.167521
17.201709
18.557509
19.320147
18.133822
17.116972
19.235409
17.286447
17.371184
15.083272
13.134310
15.845910
14.913797
13.388523
9.744811
7.880586
3.304762
1.186325
-0.508425
-3.220024
-5.168987
-6.440049
-5.677411
-4.999512
-7.626374
-5.507937
-8.727961
-8.304274
-11.100611
-11.100611
-13.557998
-12.117460
-15.591697
-14.659585
-18.133822
-17.964347
