-0.450549
2.523077
6.938462
5.226374
6.127473
2.973626
1.982418
-2.432967
-2.252747
-2.523077
-2.973626
-4.235165
-7.298901
-8.470330
-7.929670
-2.793407
-0.180220
1.621978
3.153846
0.360440
-2.793407
-6.307692
-7.929670
-11.173626
-9.641758
-7.028571
-4.054945
-1.712088
1.441758
6.217582
7.929670
7.749451
5.857143
5.496703
6.127473
3.243956
3.243956
0.630769
-3.514286
-2.523077
0.540659
2.072527
1.982418
1.441758
4.054945
2.432967
4.865934
4.956044
7.208791
6.037363
5.136264
3.694505
5.136264
0.991209
1.892308
-0.901099
-1.712088
-3.153846
-2.432967
-1.982418
-1.621978
1.712088
3.604396
2.342857
-3.063736
-2.883516
-8.650549
-9.912088
-12.345055
-16.940659
-19.013187
-19.734066
-18.832967
-18.923077
-18.112088
-18.292308
-20.184615
-30.367033
-24.509890
-25.140659
-24.419780
-23.969231
-22.347253
-23.969231
-23.789011
-23.698901
-20.995604
-17.030769
-8.740659
-0.180220
8.740659
15.228571
13.876923
10.272527
6.668132
1.171429
-4.054945
-8.109890
-11.443956
-12.615385
-14.147253
-13.696703
-7.749451
-1.712088
5.857143
13.786813
19.643956
22.437363
20.815385
20.094505
17.210989
11.624176
9.461538
8.200000
7.028571
10.993407
15.318681
18.021978
19.463736
19.013187
19.914286
19.283516
18.652747
19.553846
20.454945
21.265934
20.184615
17.751648
19.193407
21.626374
28.294505
34.512088
41.360440
43.342857
45.775824
44.784615
42.261538
39.017582
35.052747
32.079121
28.024176
23.789011
20.004396
16.219780
11.083516
9.821978
8.830769
10.813187
14.237363
16.490110
16.580220
15.589011
13.246154
13.516484
8.830769
0.630769
-1.351648
-4.054945
-3.424176
-0.991209
-2.973626
-2.613187
-4.415385
-3.153846
-0.450549
3.243956
8.019780
7.479121
7.118681
6.487912
4.865934
3.604396
1.081319
-3.243956
-6.848352
-7.479121
-6.127473
-2.252747
-0.360440
3.334066
4.595604
4.685714
6.487912
5.316484
4.595604
0.540659
-1.892308
-2.523077
-4.595604
-1.621978
-0.810989
4.145055
4.595604
7.118681
9.731868
15.228571
13.516484
11.534066
7.749451
2.613187
-3.424176
-3.964835
-8.109890
-6.397802
-5.406593
-3.334066
-0.630769
2.252747
2.703297
5.857143
7.028571
5.767033
3.784615
-0.991209
-6.848352
-10.813187
-16.039560
-17.661538
-18.472527
-17.120879
-13.786813
-11.263736
-9.101099
-9.551648
-9.912088
-9.821978
-11.804396
-10.272527
-8.560440
-11.534066
-14.417582
-13.516484
-18.562637
-10.903297
-10.723077
-9.191209
-10.632967
-14.507692
-16.760440
-11.984615
-5.767033
-0.901099
2.703297
1.531868
-2.613187
-6.217582
-5.767033
-6.487912
-6.578022
-7.749451
-13.967033
-14.417582
-19.103297
-17.931868
-21.626374
-20.905495
-18.292308
-16.400000
-15.498901
-12.795604
-11.804396
-11.263736
-12.345055
-7.208791
-3.424176
0.720879
-0.720879
-1.802198
-5.226374
-4.595604
-5.136264
-1.441758
2.432967
5.767033
7.839560
9.821978
9.281319
12.074725
12.705495
13.606593
15.589011
17.030769
11.984615
9.191209
6.127473
6.127473
7.118681
6.668132
10.362637
13.156044
12.345055
11.624176
10.993407
8.830769
6.848352
0.991209
1.351648
1.802198
0.540659
-1.261538
-2.162637
0.991209
5.136264
12.254945
16.219780
17.841758
16.490110
16.039560
12.525275
12.074725
9.641758
9.191209
9.551648
5.586813
3.874725
1.712088
-1.171429
-2.523077
-3.514286
-0.090110
4.775824
3.964835
-0.810989
-3.694505
-6.938462
-5.857143
-2.793407
-0.720879
1.171429
-0.180220
-1.621978
-2.072527
-5.316484
-4.775824
-6.758242
-5.496703
-2.613187
3.874725
10.813187
11.894505
11.083516
8.650549
9.641758
8.830769
9.912088
6.037363
-0.450549
-3.694505
-6.127473
-8.290110
-5.496703
-8.830769
-11.263736
-11.263736
-13.246154
-11.984615
-12.885714
-12.074725
-10.993407
-7.298901
-7.749451
-8.830769
-8.470330
-7.208791
-3.784615
-1.892308
1.712088
4.685714
9.191209
12.345055
9.912088
9.191209
5.586813
2.252747
-1.261538
-3.604396
-0.991209
2.342857
9.101099
11.804396
14.327473
14.237363
11.173626
8.019780
4.595604
0.810989
-1.441758
-1.351648
-2.342857
1.531868
5.676923
1.712088
-2.342857
-11.443956
-19.013187
-25.230769
-27.393407
-24.329670
-20.274725
-17.391209
-12.254945
-6.668132
-2.162637
-3.334066
-7.389011
-12.164835
-17.210989
-22.257143
-26.582418
-29.105495
-30.547253
-30.817582
-32.349451
-33.520879
-34.692308
-33.881319
-34.151648
-33.160440
-30.547253
-26.492308
-27.483516
-25.861538
-22.707692
-20.815385
-17.481319
-15.048352
-12.254945
-11.714286
-10.452747
-10.362637
-4.145055
-3.334066
-4.685714
-6.127473
-7.749451
-7.569231
-4.956044
-2.883516
-0.180220
1.171429
2.883516
2.342857
3.063736
0.901099
1.171429
1.892308
4.325275
4.865934
6.668132
7.389011
10.272527
8.830769
8.830769
10.632967
12.254945
10.632967
7.839560
5.316484
2.793407
-2.342857
-4.054945
-4.415385
-4.415385
-1.802198
1.261538
3.153846
5.046154
6.397802
7.659341
5.947253
5.767033
5.676923
6.307692
9.281319
11.083516
11.894505
14.778022
18.112088
24.780220
30.006593
34.782418
34.061538
31.358242
26.942857
22.797802
17.931868
14.237363
10.002198
6.668132
3.153846
2.252747
2.252747
4.325275
10.903297
13.336264
19.734066
20.545055
18.472527
15.859341
14.597802
15.048352
15.949451
15.769231
18.472527
20.004396
19.193407
19.373626
19.914286
18.923077
17.751648
17.210989
14.868132
13.156044
7.208791
2.793407
0.180220
-1.982418
-5.316484
-4.325275
-1.712088
2.973626
5.586813
4.325275
3.063736
-0.810989
-1.712088
0.000000
1.171429
-2.162637
-7.479121
-10.452747
-10.993407
-8.560440
-5.046154
0.090110
4.505495
8.200000
8.200000
8.290110
6.668132
7.479121
7.749451
11.173626
13.426374
14.237363
14.327473
14.147253
13.876923
13.606593
11.984615
9.731868
9.731868
9.281319
8.740659
7.839560
8.560440
10.002198
8.650549
13.336264
16.309890
17.030769
17.751648
16.400000
14.327473
11.804396
7.569231
3.153846
-0.360440
-1.621978
-3.784615
-3.784615
-4.054945
-3.964835
-4.775824
-2.793407
-1.802198
-0.630769
-3.784615
-5.406593
-4.325275
-4.956044
-6.217582
-10.542857
-15.228571
-18.652747
-17.210989
-15.138462
-12.254945
-10.092308
-10.362637
-10.002198
-14.327473
-16.850549
-19.193407
-17.931868
-15.498901
-13.336264
-14.327473
-14.868132
-14.778022
-13.516484
-6.397802
-2.342857
5.676923
8.200000
7.659341
1.081319
-2.252747
-0.720879
0.000000
2.793407
7.389011
5.406593
4.325275
0.540659
0.720879
2.793407
6.217582
14.057143
17.391209
16.129670
15.679121
7.028571
2.432967
1.351648
2.523077
2.793407
8.920879
10.993407
11.353846
8.920879
8.740659
5.586813
4.775824
5.316484
9.010989
9.101099
3.874725
-1.802198
-2.432967
-4.235165
-1.351648
4.325275
7.208791
7.659341
7.028571
5.136264
0.630769
-1.892308
-3.063736
-2.883516
-1.621978
0.270330
4.775824
9.101099
13.246154
12.615385
8.920879
8.380220
7.389011
7.929670
6.758242
8.650549
8.740659
11.353846
12.885714
14.687912
10.002198
6.217582
3.514286
0.180220
0.991209
0.901099
2.252747
3.424176
2.072527
2.162637
1.351648
0.000000
-1.621978
-0.090110
-0.540659
-2.523077
-2.613187
-1.712088
-5.226374
-7.298901
-10.813187
-11.173626
-10.092308
-10.723077
-12.345055
-10.182418
-11.443956
-7.118681
-6.127473
0.360440
3.784615
6.307692
5.947253
8.019780
5.857143
4.235165
0.540659
-2.973626
-2.703297
0.360440
0.180220
-3.514286
1.531868
1.802198
4.145055
5.406593
4.415385
6.127473
-2.432967
4.956044
0.540659
-7.659341
-14.507692
-14.868132
-18.562637
-19.193407
-18.472527
-12.615385
-9.101099
-3.694505
-1.531868
3.063736
3.604396
5.316484
6.668132
7.118681
5.586813
4.865934
1.712088
-2.432967
-4.325275
-5.406593
-5.226374
-4.685714
-3.874725
-4.865934
-7.298901
-9.821978
-10.362637
-11.263736
-13.696703
-19.283516
-22.797802
-26.041758
-28.294505
-29.375824
-29.556044
-26.762637
-23.879121
-19.103297
-13.065934
-7.479121
-4.595604
-1.531868
1.351648
0.810989
1.892308
2.252747
0.180220
-1.081319
-0.360440
-0.720879
2.162637
4.956044
5.947253
8.019780
7.298901
4.505495
3.243956
0.000000
-0.450549
-2.613187
-1.351648
1.712088
4.235165
4.775824
6.397802
9.731868
11.714286
18.472527
23.428571
27.393407
26.041758
21.175824
13.786813
5.136264
2.523077
-0.180220
0.270330
2.973626
4.235165
5.046154
4.505495
1.892308
5.857143
6.487912
5.496703
2.883516
1.441758
-0.180220
-3.604396
-3.784615
-4.325275
-1.261538
4.325275
8.830769
12.615385
15.138462
17.841758
19.553846
18.652747
15.589011
12.254945
7.118681
3.514286
-4.235165
-10.452747
-8.740659
-10.182418
-9.191209
-4.505495
-3.514286
-1.171429
2.523077
2.342857
2.613187
2.793407
6.397802
8.200000
8.920879
8.830769
7.479121
8.920879
8.830769
10.813187
12.074725
15.048352
15.228571
12.164835
3.694505
-1.171429
-4.865934
-8.380220
-10.813187
-11.443956
-12.885714
-9.371429
-3.694505
-5.316484
-6.307692
-11.083516
-13.786813
-15.498901
-16.400000
-15.408791
-13.696703
-13.065934
-14.147253
-13.606593
-15.228571
-12.975824
-13.156044
-12.975824
-9.371429
-4.865934
-1.712088
0.720879
2.162637
2.613187
0.090110
2.072527
2.703297
4.235165
2.432967
-0.720879
-2.252747
-5.226374
-6.938462
-7.298901
-9.191209
-8.740659
-9.821978
-10.092308
-10.182418
-9.551648
-9.731868
-9.281319
-10.723077
-9.731868
-8.920879
-7.028571
-6.668132
-7.659341
-7.839560
-8.380220
-11.083516
-15.498901
-17.751648
-19.193407
-20.094505
-16.940659
-16.940659
-14.327473
-14.057143
-14.237363
-15.589011
-16.940659
-16.490110
-15.498901
-14.237363
-11.984615
-11.534066
-9.010989
-8.650549
-7.839560
-5.857143
-2.613187
-1.171429
2.432967
3.964835
5.316484
6.397802
5.406593
5.136264
6.037363
5.767033
7.118681
2.613187
2.432967
0.810989
0.630769
1.621978
5.586813
5.046154
6.668132
7.569231
7.118681
11.173626
16.490110
20.635165
20.454945
20.725275
18.292308
17.301099
13.876923
10.092308
8.380220
10.903297
15.949451
18.652747
16.400000
15.138462
14.507692
16.400000
17.481319
18.562637
17.391209
12.795604
8.109890
7.659341
9.731868
8.740659
10.002198
15.949451
17.931868
18.472527
9.821978
16.670330
15.589011
15.138462
12.525275
12.164835
11.443956
15.589011
15.949451
16.400000
15.498901
13.516484
12.345055
12.254945
12.885714
9.461538
10.182418
10.092308
8.380220
7.479121
3.694505
1.171429
1.351648
-2.162637
-6.578022
-9.101099
-8.200000
-3.964835
0.360440
1.892308
0.540659
1.531868
-0.450549
-0.630769
-2.703297
-4.595604
-4.415385
-3.334066
-1.531868
-2.162637
-1.081319
-1.261538
-0.630769
-9.551648
-0.720879
-1.261538
-0.450549
-0.360440
0.630769
1.531868
4.235165
5.857143
5.676923
5.406593
2.883516
2.523077
2.162637
2.342857
0.630769
1.351648
0.540659
1.261538
4.145055
4.505495
5.586813
4.595604
5.136264
6.217582
6.037363
5.316484
4.865934
4.685714
3.694505
3.784615
4.054945
1.351648
-3.243956
-7.479121
-11.173626
-14.687912
-17.931868
-13.246154
-5.406593
-2.162637
0.540659
-4.775824
-14.057143
-6.127473
-7.298901
-6.037363
-4.956044
-5.586813
-3.694505
-3.784615
-1.982418
2.342857
4.865934
3.964835
7.208791
11.263736
13.786813
16.039560
14.417582
11.984615
7.929670
5.226374
3.514286
3.514286
4.054945
5.496703
8.109890
9.551648
11.534066
10.272527
10.002198
9.010989
8.290110
9.551648
10.182418
8.650549
9.731868
10.272527
9.461538
7.839560
9.821978
7.118681
7.839560
5.586813
-1.351648
-5.676923
-7.659341
-9.551648
-8.920879
-9.821978
-7.569231
-8.920879
-12.164835
-14.237363
-14.327473
-10.993407
-6.758242
-4.325275
-1.081319
0.901099
2.703297
4.775824
3.964835
7.028571
7.569231
10.813187
13.606593
15.949451
16.400000
14.868132
15.949451
11.263736
7.118681
3.334066
-0.090110
-4.685714
-9.461538
-12.705495
-14.597802
-15.228571
-11.804396
-9.281319
-1.892308
0.720879
4.595604
2.252747
2.703297
0.360440
-1.892308
-4.145055
-4.325275
-6.848352
-10.362637
-15.048352
-14.327473
-5.406593
3.063736
10.632967
11.083516
8.290110
5.857143
1.351648
0.991209
-0.270330
-2.883516
0.810989
-0.810989
-1.621978
-4.775824
-5.767033
-10.723077
-1.712088
-0.810989
-2.342857
-6.487912
-12.164835
-15.048352
-16.129670
-16.580220
-12.885714
-9.010989
-8.650549
-8.019780
-11.534066
-11.804396
-11.894505
-9.101099
-9.912088
-8.200000
-12.795604
-14.417582
-12.525275
-8.380220
1.621978
8.560440
15.408791
19.553846
15.589011
11.173626
2.613187
2.613187
-0.180220
-0.540659
0.630769
0.450549
-3.604396
-3.964835
-3.964835
-3.063736
-2.703297
-4.865934
-6.037363
-3.694505
-6.127473
-1.802198
0.630769
4.054945
4.054945
5.226374
2.072527
1.712088
-0.720879
-0.540659
-0.180220
-0.180220
2.883516
4.685714
2.973626
3.424176
0.270330
1.621978
2.162637
4.775824
7.118681
10.002198
12.164835
7.929670
4.865934
-1.531868
-5.316484
-8.740659
-8.650549
-9.731868
-10.542857
-10.362637
-10.632967
-8.830769
-11.083516
-9.551648
-7.028571
-1.712088
-0.360440
-0.450549
-3.243956
-7.479121
-6.307692
-6.217582
-4.415385
-4.054945
-3.964835
-0.450549
0.720879
5.406593
7.839560
6.758242
6.127473
5.586813
1.621978
2.072527
1.261538
3.784615
2.162637
1.441758
-1.712088
-3.243956
-6.037363
-9.821978
-13.786813
-14.778022
-16.400000
-15.318681
-10.542857
-5.136264
2.252747
8.650549
16.039560
24.059341
30.637363
32.980220
34.241758
37.485714
39.017582
42.892308
44.604396
43.432967
43.072527
42.171429
40.729670
37.395604
34.241758
27.663736
21.806593
15.949451
12.435165
5.857143
-3.334066
-7.569231
-11.624176
-14.868132
-15.048352
-16.309890
-20.454945
-24.509890
-28.564835
-28.114286
-26.312088
-24.239560
-23.428571
-23.158242
-25.771429
-31.898901
-35.953846
-36.404396
-37.665934
-35.683516
-32.439560
-36.764835
-39.558242
-40.909890
-38.476923
-37.305495
-34.692308
-30.186813
-28.204396
-30.457143
-31.448352
-34.061538
-36.764835
-34.962637
-29.736264
-27.213187
-26.672527
-27.213187
-24.690110
-24.509890
-20.004396
-16.400000
-11.534066
-9.912088
-6.848352
-4.235165
-2.072527
-1.531868
-0.630769
-2.523077
-1.982418
-1.712088
2.793407
5.676923
10.182418
13.156044
13.426374
7.839560
6.127473
4.956044
6.217582
10.182418
16.400000
24.329670
30.186813
32.619780
37.305495
40.008791
44.604396
38.476923
51.542857
55.327473
56.138462
52.353846
47.758242
43.432967
43.703297
41.991209
44.334066
49.470330
51.272527
51.903297
50.461538
46.586813
43.523077
40.819780
42.892308
41.901099
40.729670
36.945055
32.259341
27.483516
25.861538
24.960440
23.698901
24.059341
22.707692
23.338462
23.789011
22.167033
21.356044
17.120879
11.534066
5.857143
4.505495
-0.270330
-3.604396
-4.956044
-2.973626
0.450549
2.703297
2.793407
4.865934
2.162637
1.982418
0.991209
0.540659
-0.540659
-0.991209
-5.316484
-5.947253
-4.865934
0.360440
4.054945
3.243956
2.973626
3.874725
3.243956
3.874725
0.090110
-3.514286
-10.362637
-15.228571
-19.824176
-23.068132
-27.213187
-31.538462
-35.593407
-39.197802
-41.720879
-40.008791
-38.206593
-35.052747
-32.439560
-32.529670
-34.962637
-42.171429
-38.657143
-37.756044
-35.232967
-32.079121
-30.096703
-26.402198
-25.591209
-22.347253
-17.120879
-12.705495
-8.650549
-4.235165
-2.613187
-2.973626
-8.740659
-15.679121
-13.876923
-15.048352
-17.030769
-16.760440
-15.679121
-11.534066
-5.136264
5.586813
16.309890
27.393407
37.035165
42.982418
43.883516
41.450549
33.881319
21.085714
20.545055
19.463736
18.382418
18.832967
18.742857
23.698901
25.771429
27.393407
26.312088
26.672527
22.437363
23.248352
22.076923
20.184615
19.643956
18.923077
13.516484
9.821978
2.072527
-4.235165
-12.435165
-17.481319
-19.373626
-19.553846
-24.870330
-30.186813
-32.800000
-34.151648
-35.052747
-33.881319
-35.863736
-32.980220
-33.430769
-31.808791
-33.250549
-35.323077
-32.709890
-31.358242
-34.331868
-34.241758
-35.593407
-35.232967
-36.494505
-34.782418
-33.340659
-33.701099
-32.980220
-31.718681
-33.340659
-31.538462
-31.358242
-28.294505
-24.509890
-22.527473
-17.210989
-13.246154
-11.714286
-11.714286
-12.435165
-14.057143
-14.147253
-18.742857
-21.265934
-24.780220
-24.780220
-23.158242
-18.742857
-12.795604
-6.217582
-0.090110
3.604396
6.127473
9.551648
10.993407
8.920879
10.903297
0.720879
12.615385
7.208791
5.496703
5.406593
6.397802
11.173626
18.382418
22.617582
24.419780
22.707692
22.797802
22.617582
20.725275
18.292308
13.336264
10.362637
8.650549
8.109890
8.380220
11.083516
12.975824
16.400000
19.463736
22.167033
19.824176
19.283516
14.958242
12.164835
7.749451
5.046154
3.694505
1.531868
-2.342857
-5.136264
-7.208791
-4.595604
-0.360440
1.261538
3.604396
10.632967
14.417582
18.021978
17.481319
17.571429
16.760440
12.705495
11.804396
2.883516
8.650549
9.010989
12.705495
14.687912
16.580220
18.923077
20.545055
19.463736
17.661538
18.742857
18.382418
16.940659
13.156044
11.534066
15.498901
17.661538
17.931868
19.103297
21.536264
26.402198
28.654945
30.367033
29.916484
25.681319
21.536264
14.778022
10.002198
7.208791
5.496703
3.334066
2.432967
2.252747
1.531868
1.351648
1.712088
0.720879
0.720879
0.270330
0.000000
2.613187
4.865934
8.200000
11.443956
14.237363
14.057143
13.786813
9.371429
5.496703
3.334066
0.540659
-2.613187
-2.523077
-1.531868
-2.342857
-3.604396
-4.415385
-4.685714
-4.235165
-2.973626
-3.153846
-3.153846
-0.180220
-0.540659
-1.982418
-2.613187
-0.810989
-3.243956
-3.243956
-6.217582
-9.191209
-9.821978
-7.929670
-7.929670
-5.676923
-4.145055
-0.630769
2.252747
4.956044
4.685714
7.389011
11.083516
13.246154
12.975824
14.597802
12.345055
7.569231
2.973626
0.090110
-4.595604
-4.235165
-4.956044
-4.054945
0.901099
7.839560
16.400000
25.320879
35.052747
38.296703
34.241758
29.375824
23.608791
17.030769
11.353846
8.019780
1.621978
-1.441758
-0.720879
-1.351648
-2.523077
-3.063736
-4.685714
-4.865934
-4.595604
-8.470330
-10.272527
-10.272527
-3.694505
-3.063736
-6.127473
-9.461538
-13.156044
-12.525275
-14.687912
-15.408791
-18.832967
-17.661538
-17.210989
-14.327473
-11.804396
-6.397802
-4.235165
-3.604396
-2.342857
3.514286
8.019780
14.778022
18.562637
23.068132
23.969231
24.239560
22.797802
26.582418
29.826374
30.637363
28.114286
26.942857
20.815385
14.597802
4.235165
-2.973626
-4.145055
-5.226374
-2.703297
1.892308
3.424176
5.947253
7.659341
7.389011
6.487912
5.316484
3.243956
0.000000
-4.325275
-10.002198
-15.138462
-16.850549
-16.129670
-10.092308
-5.406593
-1.171429
2.703297
4.595604
2.883516
-0.901099
-4.145055
-5.767033
-4.956044
-6.848352
-11.263736
-16.309890
-21.986813
-22.167033
-24.329670
-22.167033
-19.373626
-15.949451
-10.723077
-7.389011
-4.865934
-5.676923
-7.208791
-7.118681
-7.929670
-10.723077
-9.821978
-10.272527
-10.723077
-9.371429
-7.749451
-6.037363
-7.839560
-4.415385
1.712088
4.595604
7.389011
9.821978
7.208791
4.956044
1.081319
-1.712088
-1.982418
-1.171429
-8.470330
4.235165
3.334066
1.712088
2.973626
-0.810989
-2.432967
-3.243956
-5.226374
-2.793407
-4.595604
-7.929670
-9.821978
-6.758242
-0.090110
4.595604
11.173626
20.545055
23.158242
27.573626
18.652747
27.573626
24.419780
18.292308
11.804396
9.101099
7.118681
6.578022
4.415385
3.694505
4.415385
5.406593
8.560440
9.281319
10.272527
13.246154
17.301099
17.301099
14.057143
8.200000
0.270330
-6.578022
-11.263736
-18.292308
-13.065934
-14.237363
-14.147253
-13.246154
-11.353846
-9.641758
-7.749451
-3.964835
-1.171429
1.351648
-1.171429
-6.487912
-11.083516
-15.498901
-18.923077
-19.373626
-17.571429
-14.147253
-10.362637
-2.793407
-2.162637
-0.360440
-3.334066
-9.010989
-13.426374
-18.382418
-21.806593
-25.591209
-26.672527
-26.672527
-24.509890
-22.167033
-19.103297
-17.120879
-15.048352
-15.318681
-16.400000
-15.318681
-15.048352
-16.129670
-17.210989
-18.742857
-17.751648
-15.498901
-17.391209
-21.536264
-15.048352
-10.723077
-9.371429
-6.217582
-3.334066
-3.334066
-1.351648
-3.334066
-5.316484
-4.956044
-6.127473
-4.505495
-0.991209
2.252747
0.810989
-2.162637
-4.235165
-5.586813
-3.874725
-2.973626
-2.973626
-2.523077
-3.153846
-2.793407
-3.964835
-5.316484
-7.208791
-7.479121
-11.083516
-10.903297
-9.461538
-11.083516
-9.912088
-8.290110
-8.650549
-5.046154
-6.668132
-5.767033
-7.208791
-8.290110
-10.993407
-10.452747
-11.894505
-13.786813
-14.147253
-15.138462
-13.516484
-12.254945
-10.993407
-10.723077
-9.010989
-9.551648
-10.542857
-16.219780
-9.912088
-8.830769
-7.929670
-6.668132
-3.964835
0.540659
5.226374
5.947253
7.389011
7.929670
11.534066
11.353846
9.821978
10.362637
7.929670
5.136264
6.307692
3.964835
2.613187
2.883516
4.956044
8.650549
12.254945
15.498901
16.129670
15.498901
14.057143
10.993407
8.290110
4.865934
4.325275
6.037363
6.037363
6.848352
8.470330
9.010989
8.470330
4.956044
