26.074237
23.861294
23.187790
26.266667
32.039560
37.523810
42.238339
41.179976
39.929182
37.908669
33.963858
32.616850
31.847131
31.558486
30.692552
27.036386
25.015873
20.782418
17.799756
16.356532
8.563126
13.277656
12.989011
13.470085
11.930647
9.140415
6.157753
4.041026
3.175092
5.099389
5.580464
7.504762
10.872283
10.679853
9.813919
10.198779
7.312332
5.484249
4.041026
6.157753
10.583639
12.796581
14.143590
14.239805
14.336020
14.528449
17.511111
18.665690
16.933822
19.146764
17.799756
15.394383
12.700366
12.604151
11.353358
10.968498
8.851770
7.600977
5.099389
2.694017
0.192430
-0.673504
-0.865934
0.288645
3.848596
4.233455
4.425885
2.982662
2.405372
1.250794
2.790232
0.769719
-1.154579
-3.559951
-5.388034
-8.274481
-9.621490
-11.449573
-12.989011
-13.854945
-13.951160
-12.604151
-13.566300
-12.796581
-9.525275
-7.312332
-6.735043
-5.003175
-7.985836
-11.545788
-14.817094
-17.030037
-20.397558
-21.648352
-21.936996
-24.438584
-26.074237
-26.940171
-27.132601
-26.266667
-25.881807
-24.149939
-23.284005
-21.552137
-20.108913
-18.665690
-22.129426
-12.892796
-11.257143
-18.858120
-11.353358
-10.102564
-10.198779
-9.717705
-12.123077
-13.373871
-13.566300
-12.892796
-13.470085
-10.391209
-8.274481
-3.752381
-1.154579
0.865934
1.443223
1.154579
1.058364
1.443223
2.020513
4.329670
6.638828
9.910134
10.294994
13.758730
16.067888
17.511111
19.820269
23.284005
24.823443
29.056899
32.809280
35.022222
37.620024
37.716239
39.255678
39.736752
32.520635
38.967033
37.812454
35.407082
34.444933
33.482784
30.788767
29.345543
27.806105
25.015873
23.091575
21.648352
19.146764
15.971673
11.738217
8.947985
3.271306
-2.982662
-8.466911
-12.315507
-15.683028
-19.724054
-23.476435
-29.537973
-33.482784
-34.637363
-33.386569
-34.156288
-37.138950
-42.815629
-44.355067
-44.932357
-43.392918
-40.891331
-40.025397
-38.197314
-40.795116
-46.279365
-54.072772
-57.536508
-58.594872
-57.247863
-51.090110
-45.605861
-45.990720
-49.358242
-51.956044
-52.148474
-48.877167
-42.334554
-35.791941
-34.926007
-38.870818
-44.066422
-48.203663
-48.396093
-43.489133
-34.156288
-28.479609
-27.902320
-30.692552
-34.733578
-38.774603
-39.929182
-31.462271
-18.665690
-11.257143
-12.604151
-18.377045
-23.476435
-24.246154
-20.974847
-14.239805
-4.618315
-0.962149
-2.790232
-8.851770
-12.604151
-12.507937
-10.968498
-6.927473
-4.522100
-1.731868
-2.309158
-4.906960
-4.906960
-4.329670
-5.676679
-5.580464
-2.116728
-1.635653
0.865934
0.673504
2.982662
3.271306
5.676679
8.178266
13.470085
17.895971
19.627839
22.129426
22.514286
20.301343
19.435409
20.589988
22.321856
26.651526
28.672039
33.963858
33.386569
32.328205
31.943346
32.424420
33.194139
32.520635
34.637363
36.369231
37.908669
36.080586
34.348718
30.981197
28.094750
26.940171
24.246154
21.936996
19.050549
17.703541
19.339194
21.167277
22.995360
25.978022
27.613675
26.459096
20.397558
17.126252
15.586813
16.260317
18.761905
20.493773
18.184615
12.604151
6.350183
1.731868
1.731868
3.078877
1.443223
0.288645
-0.577289
-3.656166
-7.889621
-9.525275
-8.947985
-8.659341
-5.003175
0.865934
2.597802
1.250794
0.962149
0.769719
1.154579
2.116728
4.810745
8.466911
10.198779
12.507937
16.067888
16.356532
15.971673
15.875458
17.030037
17.895971
15.683028
12.989011
11.834432
10.968498
9.429060
9.044200
10.198779
8.274481
6.735043
6.831258
11.738217
13.758730
12.989011
12.219292
12.219292
12.123077
11.545788
13.758730
18.377045
21.167277
22.706716
22.514286
21.455922
18.665690
16.741392
13.758730
9.621490
5.099389
3.848596
4.137241
5.869109
7.889621
10.487424
14.239805
17.511111
18.184615
16.164103
11.545788
7.600977
5.003175
4.137241
2.309158
5.195604
7.697192
8.755556
8.659341
8.274481
5.869109
5.291819
4.329670
2.790232
0.288645
-1.635653
-2.597802
-2.501587
-2.405372
0.000000
1.828083
2.982662
0.865934
-1.731868
-2.694017
-3.271306
-5.772894
-7.408547
-7.600977
-9.140415
-11.064713
-9.429060
-7.889621
-9.813919
-8.178266
-9.717705
-7.793407
-9.525275
-9.236630
-6.350183
-6.735043
-5.195604
-4.041026
-2.790232
-1.924298
-1.154579
-2.790232
-3.752381
-4.041026
-2.886447
-2.116728
-4.329670
1.731868
4.041026
-1.347009
3.367521
4.137241
3.944811
3.367521
2.694017
1.058364
-0.481074
-0.769719
-0.384860
2.309158
7.312332
11.257143
12.796581
12.026862
13.277656
12.507937
8.466911
4.329670
2.212943
1.250794
-0.673504
-1.347009
-2.405372
-3.559951
-6.253968
-9.429060
-10.294994
-9.813919
-6.927473
-6.542613
-5.869109
-8.659341
-10.679853
-12.123077
-11.738217
-5.772894
-9.429060
-2.309158
-2.116728
-5.291819
-4.810745
-2.886447
-1.539438
0.192430
-0.865934
-5.195604
-10.198779
-15.394383
-19.724054
-22.033211
-20.782418
-20.397558
-18.761905
-19.146764
-17.318681
-15.683028
-9.332845
-6.253968
-5.580464
-7.985836
-7.216117
-9.236630
-8.466911
-6.061538
-3.463736
-4.233455
-2.694017
-1.250794
-4.137241
-4.425885
-1.154579
-0.769719
-0.865934
-4.233455
-8.659341
-10.391209
-14.432234
-18.473260
-19.146764
-15.971673
-13.181441
-9.621490
-7.985836
-8.082051
-6.350183
-5.965324
-2.982662
2.694017
7.889621
10.872283
11.930647
10.872283
10.487424
8.178266
0.962149
-5.003175
-6.927473
-8.947985
-11.834432
-15.105739
-14.913309
-16.452747
-14.432234
-10.294994
-2.501587
2.212943
2.886447
-1.058364
-6.061538
-11.064713
-17.030037
-20.878632
-18.569475
-16.452747
-14.143590
-11.738217
-6.157753
-3.944811
-0.096215
2.886447
4.329670
5.388034
3.559951
0.384860
-7.600977
-2.982662
1.154579
2.982662
4.906960
5.869109
3.848596
1.154579
-1.828083
-0.865934
-0.096215
-2.790232
-8.082051
-13.951160
-18.858120
-23.668864
-23.765079
-21.840781
-20.493773
-21.936996
-24.919658
-28.094750
-25.881807
-23.668864
-17.414896
-14.143590
-12.026862
-9.813919
-10.583639
-14.432234
-15.683028
-16.837607
-14.720879
-11.930647
-11.642002
-10.198779
-12.123077
-13.854945
-14.239805
-12.219292
-9.332845
-6.542613
-3.559951
-2.020513
0.288645
1.924298
4.618315
9.044200
14.047375
17.895971
19.724054
22.321856
24.534799
25.304518
24.053724
20.686203
16.067888
12.315507
8.947985
7.312332
5.484249
4.137241
5.772894
7.216117
8.082051
10.487424
11.738217
12.026862
10.776068
10.294994
9.525275
8.466911
6.542613
6.831258
5.388034
2.020513
1.635653
0.673504
3.271306
3.271306
7.504762
9.910134
9.332845
10.198779
12.123077
10.487424
8.178266
4.906960
2.982662
0.865934
0.000000
0.384860
2.501587
4.137241
5.003175
4.041026
2.597802
2.694017
3.463736
4.329670
8.851770
11.545788
14.432234
17.126252
17.703541
17.992186
15.394383
13.662515
11.449573
9.429060
8.274481
6.735043
3.752381
2.597802
0.481074
-4.041026
-4.522100
-6.350183
-7.600977
-14.913309
-19.627839
-19.435409
-17.222466
-15.875458
-14.913309
-14.432234
-17.222466
-19.050549
-16.741392
-14.720879
-12.219292
-6.927473
-2.309158
2.790232
4.425885
4.329670
7.697192
9.429060
7.216117
5.580464
2.405372
0.384860
-2.309158
-5.965324
-7.697192
-8.851770
-2.597802
-1.058364
0.096215
1.731868
3.559951
3.848596
5.195604
7.793407
6.542613
10.776068
15.394383
18.665690
22.610501
24.246154
25.112088
27.036386
29.922833
31.173626
32.135775
31.750916
29.249328
27.325031
24.631013
22.514286
19.435409
15.683028
10.583639
5.580464
3.463736
2.020513
3.078877
3.752381
4.906960
5.484249
4.137241
3.944811
4.233455
4.329670
4.714530
5.869109
5.003175
3.752381
4.137241
1.347009
-2.116728
-2.309158
-3.175092
-2.790232
-3.367521
-4.714530
-2.982662
-7.600977
-0.673504
2.694017
3.559951
6.446398
5.772894
6.061538
5.003175
4.425885
3.078877
2.982662
2.982662
5.772894
7.504762
7.504762
1.828083
-7.119902
-13.470085
-17.030037
-19.435409
-17.895971
-13.181441
-14.720879
-18.954335
-22.418071
-22.321856
-18.569475
-17.126252
-9.717705
-3.463736
3.559951
3.656166
1.924298
1.731868
1.731868
2.597802
3.752381
3.944811
4.714530
-0.577289
-2.020513
-3.078877
-5.291819
-5.291819
-4.041026
-3.271306
-2.020513
0.769719
2.597802
1.154579
3.175092
2.212943
0.000000
-1.058364
-1.828083
-2.116728
-1.635653
0.384860
1.443223
2.020513
1.828083
1.443223
0.673504
1.347009
2.790232
1.828083
4.425885
4.425885
0.000000
-2.116728
-5.003175
-9.621490
-12.796581
-13.662515
-13.085226
-12.604151
-11.738217
-14.432234
-14.143590
-13.181441
-12.026862
-11.738217
-8.851770
-6.831258
-5.580464
-5.772894
-4.329670
-2.886447
-0.192430
1.443223
2.982662
2.694017
2.212943
2.886447
4.714530
4.041026
2.116728
0.384860
0.481074
0.673504
1.924298
2.405372
0.192430
-3.271306
-6.542613
-7.023687
-5.291819
-4.233455
-1.731868
-3.656166
-12.989011
-13.758730
-19.242979
-21.744567
-20.589988
-19.050549
-17.126252
-18.088400
-19.531624
-21.359707
-20.782418
-19.820269
-16.356532
-10.968498
-4.522100
0.769719
5.195604
5.099389
3.463736
1.539438
5.003175
5.772894
7.119902
8.274481
5.580464
5.676679
5.580464
7.216117
7.216117
11.930647
14.720879
19.050549
19.820269
19.724054
19.435409
17.799756
17.414896
18.761905
17.222466
15.683028
17.414896
18.569475
17.992186
16.260317
11.930647
12.123077
10.006349
4.618315
3.559951
1.924298
1.154579
-3.752381
-7.312332
-9.717705
-9.621490
-12.315507
-14.817094
-16.452747
-19.050549
-17.511111
-16.837607
-16.741392
-14.047375
-12.700366
-12.507937
-11.642002
-11.834432
-10.968498
-8.082051
-3.559951
-0.577289
0.769719
2.116728
3.848596
3.944811
2.982662
2.405372
0.577289
-2.405372
-3.271306
-1.443223
-2.597802
-4.041026
-3.656166
-6.253968
-8.466911
-7.985836
-6.350183
-9.140415
-11.064713
-10.872283
-14.047375
-13.373871
-13.854945
-12.700366
-12.411722
-12.507937
-13.277656
-13.854945
-13.758730
-12.989011
-11.834432
-9.332845
-7.889621
-6.927473
-3.271306
-2.790232
0.000000
4.425885
7.216117
7.119902
7.023687
5.869109
6.061538
5.388034
2.501587
1.539438
2.694017
1.731868
1.635653
4.714530
4.041026
2.597802
1.443223
3.175092
4.425885
6.446398
11.930647
14.720879
17.318681
18.280830
20.012698
16.741392
15.586813
15.298168
15.490598
15.586813
14.817094
15.394383
15.394383
15.298168
16.741392
16.837607
16.260317
17.895971
19.146764
21.552137
22.129426
24.149939
23.861294
23.572650
20.974847
16.067888
14.817094
15.779243
15.971673
12.604151
6.735043
0.577289
-5.195604
-7.504762
-11.545788
-13.951160
-12.892796
-14.624664
-16.548962
-16.164103
-14.047375
-11.545788
-9.813919
-9.525275
-8.659341
-6.061538
-6.735043
-3.848596
-4.329670
-0.096215
0.577289
-0.384860
-3.463736
-6.350183
-5.676679
-1.539438
-0.192430
0.384860
1.154579
1.731868
-0.384860
-0.962149
-0.962149
-0.673504
-1.347009
2.982662
5.869109
7.600977
7.408547
8.659341
6.253968
3.559951
0.865934
0.384860
0.096215
0.192430
1.731868
4.714530
4.233455
1.924298
2.597802
2.886447
2.694017
3.078877
2.886447
1.539438
-1.635653
-0.865934
0.769719
0.865934
0.481074
1.058364
-0.288645
-0.481074
-0.673504
-0.865934
2.309158
3.463736
5.195604
5.484249
2.020513
1.924298
0.577289
-0.673504
-2.886447
0.769719
1.924298
2.597802
1.828083
2.982662
2.982662
4.522100
4.233455
7.697192
8.755556
8.659341
8.851770
4.810745
4.041026
4.906960
4.137241
4.522100
2.982662
0.000000
-4.425885
-4.810745
-6.061538
-7.216117
-6.061538
-6.446398
-6.542613
-7.600977
-7.793407
-7.216117
-8.082051
-8.755556
-8.851770
-6.350183
-2.982662
-3.271306
-7.408547
-9.910134
-13.566300
-16.933822
-19.242979
-21.455922
-20.108913
-18.280830
-16.067888
-15.298168
-15.009524
-13.758730
-12.700366
-11.930647
-10.006349
-10.006349
-9.525275
-8.178266
-8.274481
-8.947985
-10.583639
-9.813919
-10.776068
-11.353358
-11.449573
-10.872283
-12.411722
-11.257143
-12.315507
-10.679853
-10.294994
-9.236630
-8.563126
-9.236630
-7.889621
-6.735043
-4.714530
-6.831258
-7.216117
-11.738217
-7.985836
-7.793407
-6.638828
-5.965324
-4.810745
-2.116728
2.309158
5.676679
7.408547
10.198779
10.294994
10.487424
9.525275
6.446398
4.137241
4.425885
2.020513
1.443223
-0.769719
-0.192430
-1.828083
-2.501587
-2.982662
-1.347009
-1.154579
-1.347009
0.000000
-0.288645
0.962149
5.003175
9.717705
10.391209
9.140415
11.160928
9.910134
11.160928
13.758730
13.758730
12.700366
11.353358
8.755556
9.332845
9.717705
9.621490
8.755556
11.160928
10.583639
10.776068
10.583639
9.910134
12.026862
11.738217
8.563126
7.408547
5.869109
4.810745
6.446398
9.140415
7.408547
5.580464
3.078877
0.962149
-0.673504
0.481074
1.058364
1.250794
1.828083
0.577289
-2.886447
-4.041026
-5.580464
-5.003175
-2.212943
0.000000
-1.347009
-2.116728
-3.175092
-2.694017
-0.096215
-5.388034
7.697192
15.298168
18.665690
16.933822
12.315507
8.466911
7.119902
9.236630
13.758730
15.875458
18.088400
19.339194
17.222466
14.913309
11.545788
12.411722
14.624664
15.394383
13.758730
11.353358
10.102564
5.388034
17.222466
21.840781
21.840781
19.242979
14.528449
12.892796
13.470085
13.566300
17.992186
20.108913
16.067888
12.604151
7.504762
7.697192
6.927473
8.659341
9.717705
7.889621
5.003175
3.271306
1.250794
0.000000
-0.481074
1.443223
2.309158
5.003175
5.099389
5.676679
6.350183
7.889621
7.985836
9.429060
9.236630
6.061538
3.078877
2.212943
-1.443223
-3.559951
-4.618315
-4.522100
-5.003175
-3.367521
-5.099389
-9.140415
-12.315507
-12.604151
-10.583639
-8.274481
-10.872283
-12.507937
-13.951160
-13.951160
-16.548962
-17.126252
-15.298168
-15.298168
-14.047375
-13.373871
-14.817094
-20.782418
-24.823443
-22.610501
-22.514286
-21.744567
-17.992186
-13.085226
-12.796581
-13.951160
-12.219292
-12.026862
-9.910134
-9.140415
-10.391209
-11.738217
-13.951160
-16.356532
-18.088400
-19.724054
-22.899145
-21.455922
-20.878632
-21.936996
-21.648352
-21.552137
-22.225641
-24.727228
-25.304518
-25.015873
-22.802930
-18.761905
-16.452747
-14.143590
-15.394383
-15.683028
-15.779243
-13.373871
-9.910134
-11.353358
-9.621490
-10.102564
-10.583639
-10.487424
-12.796581
-6.542613
-3.656166
-0.962149
0.384860
-0.865934
1.250794
0.769719
0.000000
0.096215
2.694017
3.656166
4.810745
5.291819
5.580464
3.752381
6.061538
9.140415
9.910134
9.525275
10.294994
8.755556
7.504762
5.772894
4.522100
5.484249
4.714530
2.405372
-0.481074
-2.020513
-0.865934
1.731868
2.020513
4.810745
3.944811
3.078877
1.924298
2.694017
4.137241
6.542613
10.198779
16.067888
20.686203
20.397558
20.782418
19.820269
16.548962
16.548962
16.356532
19.242979
19.435409
18.473260
16.164103
13.470085
13.951160
14.528449
15.009524
17.607326
20.301343
20.589988
20.205128
19.146764
18.088400
19.724054
19.724054
21.840781
21.263492
21.552137
21.552137
20.974847
20.493773
19.435409
17.895971
15.779243
14.239805
13.085226
14.047375
12.604151
13.662515
13.470085
10.487424
5.772894
2.020513
-2.212943
-4.329670
-2.597802
-3.271306
-1.539438
-5.965324
-5.869109
-5.484249
-5.195604
-2.309158
0.000000
5.195604
9.044200
12.026862
9.813919
7.600977
8.851770
10.391209
11.930647
12.989011
12.604151
4.329670
8.082051
4.522100
0.192430
-5.099389
-7.312332
-2.597802
2.886447
5.484249
6.831258
5.772894
3.078877
-4.618315
-11.642002
-17.895971
-19.820269
-21.071062
-20.205128
-22.418071
-22.706716
-22.418071
-20.878632
-16.933822
-8.178266
0.000000
4.425885
6.157753
6.735043
6.253968
3.944811
4.906960
7.408547
7.119902
2.597802
-0.192430
-4.041026
-5.869109
-4.714530
0.384860
1.347009
-0.192430
-7.600977
-7.119902
-11.738217
-14.720879
-18.088400
-19.050549
-22.033211
-21.744567
-18.665690
-16.067888
-12.411722
-10.776068
-7.023687
-7.793407
-8.178266
-8.274481
-6.350183
-7.119902
-8.082051
-5.484249
-6.446398
-7.889621
-10.776068
-9.717705
-8.563126
-8.178266
-4.618315
-1.731868
-2.694017
-1.924298
-0.962149
3.271306
3.271306
2.501587
5.388034
8.563126
8.178266
7.119902
5.676679
5.869109
8.659341
5.003175
11.545788
14.239805
14.624664
14.913309
14.720879
13.470085
13.085226
12.604151
8.274481
7.216117
3.463736
-2.020513
-3.656166
-5.195604
-7.985836
-8.466911
-9.429060
-9.140415
-8.947985
-9.236630
-8.178266
-5.869109
-4.906960
-3.752381
-4.522100
-5.484249
-6.831258
-5.099389
-5.291819
-5.580464
-5.195604
-2.020513
2.694017
6.638828
9.044200
11.353358
8.659341
8.563126
7.697192
6.253968
3.752381
3.271306
3.848596
1.154579
-2.020513
-2.212943
0.096215
1.154579
1.828083
5.484249
9.621490
13.566300
18.761905
22.899145
24.823443
21.455922
16.933822
13.277656
9.813919
7.793407
8.082051
6.350183
0.577289
-4.425885
-7.119902
-8.466911
-5.869109
-1.828083
-0.673504
-4.233455
-13.373871
-20.974847
-25.304518
-26.170452
-23.091575
-19.146764
-15.394383
-14.143590
-18.954335
-22.514286
-21.359707
-18.473260
-13.662515
-9.140415
-9.236630
-10.294994
-15.201954
-18.569475
-19.339194
-16.260317
-12.507937
-8.274481
-3.463736
2.790232
6.350183
8.274481
8.466911
6.927473
7.985836
10.391209
14.143590
16.356532
19.531624
19.050549
16.164103
11.545788
10.872283
12.892796
17.799756
19.916484
22.706716
19.531624
15.586813
12.123077
12.892796
16.067888
21.648352
25.785592
26.555311
22.610501
18.377045
15.683028
15.779243
15.683028
18.377045
20.397558
20.205128
18.473260
13.662515
9.525275
8.659341
7.216117
5.869109
3.367521
1.635653
-1.539438
-1.731868
-2.405372
-3.559951
-2.886447
-2.020513
-6.831258
-9.140415
-12.989011
-12.507937
-12.604151
-11.738217
-8.370696
-3.752381
-4.137241
-7.408547
-11.834432
-13.566300
-10.102564
-4.137241
0.000000
1.250794
-2.212943
-4.714530
-7.985836
-8.563126
-5.484249
-3.271306
-0.577289
1.635653
-0.769719
-3.656166
-8.370696
-13.758730
-15.009524
-13.662515
-15.394383
-14.720879
-13.373871
-12.123077
-11.449573
-12.219292
-15.394383
-15.490598
-22.514286
-9.236630
-7.408547
-7.985836
-11.449573
-15.394383
-21.648352
-23.284005
-25.304518
-25.208303
-21.648352
-18.473260
-15.779243
-15.971673
-14.432234
-14.720879
-13.085226
-12.892796
-14.432234
-13.566300
-13.566300
-10.776068
-6.831258
-5.291819
-3.944811
-4.041026
-2.694017
-3.656166
-4.041026
-2.309158
0.192430
-5.099389
8.274481
11.064713
8.947985
7.023687
4.425885
1.828083
1.058364
0.577289
0.962149
-0.384860
0.288645
0.769719
2.212943
2.020513
1.635653
2.212943
0.673504
-2.020513
-2.501587
-3.463736
-4.522100
-6.350183
-7.504762
-9.332845
-10.198779
-11.930647
-11.545788
-8.755556
-5.580464
-3.944811
-0.673504
2.694017
6.253968
9.429060
12.219292
13.854945
13.758730
12.796581
12.123077
10.294994
11.160928
13.854945
17.799756
19.627839
24.149939
27.806105
30.403907
31.750916
31.847131
31.654701
29.634188
27.325031
25.400733
22.995360
23.765079
22.610501
23.957509
26.266667
28.287179
30.307692
32.039560
27.036386
21.167277
14.432234
7.119902
1.924298
-1.635653
-5.772894
-8.755556
-11.449573
-12.700366
-14.336020
-12.604151
-12.411722
-12.700366
-14.047375
-11.642002
-9.621490
-6.157753
-5.676679
-5.676679
-7.312332
-8.466911
-10.968498
-14.239805
-14.432234
-11.353358
-8.370696
-3.848596
-2.020513
-3.656166
-9.140415
-12.892796
-15.105739
-13.181441
-11.160928
-9.140415
-10.679853
-13.470085
-14.528449
-18.665690
-20.493773
-19.724054
-19.146764
-14.624664
-15.394383
-16.260317
-17.414896
-15.683028
-13.277656
-8.755556
-5.388034
-0.962149
-1.347009
-2.501587
-1.731868
1.250794
1.443223
3.752381
5.195604
3.656166
1.154579
-1.635653
0.769719
1.828083
6.446398
10.391209
12.892796
16.548962
17.799756
18.184615
19.724054
22.514286
23.668864
24.342369
25.785592
26.459096
27.806105
26.266667
24.727228
25.978022
26.362882
26.843956
15.683028
28.768254
27.709890
26.074237
23.476435
22.802930
22.514286
18.088400
16.837607
16.645177
14.047375
10.679853
8.466911
7.216117
10.872283
15.105739
15.009524
14.624664
11.160928
6.542613
1.924298
-0.192430
-2.694017
-2.116728
-3.175092
-5.772894
-10.294994
-15.683028
-19.820269
-21.552137
-21.744567
-19.050549
-17.511111
-15.971673
-16.548962
-19.916484
-22.802930
-23.765079
-21.263492
-18.280830
-18.184615
-18.280830
-18.377045
-16.260317
-15.298168
-15.779243
-14.817094
-13.085226
-9.813919
-8.466911
-7.889621
-6.253968
-8.563126
-11.353358
-14.720879
-16.452747
-14.528449
-12.411722
-11.257143
-10.968498
-12.026862
-12.411722
-11.449573
-10.294994
-5.099389
-1.828083
-0.481074
-0.192430
-2.694017
-2.309158
1.058364
7.600977
13.085226
16.260317
19.339194
21.359707
21.071062
21.648352
22.802930
24.919658
28.768254
31.943346
33.194139
35.503297
39.640537
44.066422
46.664225
49.550672
50.512821
48.107448
46.568010
43.392918
39.640537
36.561661
32.328205
31.173626
28.094750
25.304518
20.878632
18.184615
16.356532
15.009524
11.834432
7.119902
1.347009
-2.790232
-7.312332
-5.291819
