-2.982662
-4.714530
-9.236630
-21.263492
-16.260317
-19.820269
-20.493773
-18.569475
-15.490598
-15.201954
-12.700366
-12.892796
-12.507937
-10.198779
-9.140415
-9.236630
-8.466911
-7.216117
-6.927473
-7.697192
-10.391209
-13.470085
-17.799756
-16.548962
-16.548962
-12.026862
-6.061538
-11.449573
-1.539438
-3.078877
1.058364
4.810745
6.253968
8.274481
6.831258
2.886447
-0.384860
-2.790232
-5.484249
-6.542613
-7.600977
-6.638828
-8.947985
-6.831258
-5.676679
-5.195604
-3.848596
-2.694017
-1.058364
1.250794
-0.096215
0.673504
1.154579
4.618315
7.793407
12.796581
17.222466
18.569475
6.638828
13.470085
11.642002
9.717705
9.236630
9.717705
9.910134
9.044200
5.099389
2.116728
0.481074
-3.559951
-4.618315
-3.656166
-2.597802
-2.694017
-3.656166
-2.597802
-2.116728
-2.212943
1.347009
2.982662
3.848596
4.233455
5.291819
4.618315
2.790232
3.463736
3.271306
-0.288645
-2.886447
-4.522100
-3.271306
-2.694017
-2.212943
-3.271306
-6.253968
-14.143590
-14.817094
-15.490598
-12.796581
-11.449573
-9.429060
-8.274481
-10.583639
-10.872283
-13.277656
-13.951160
-12.796581
-13.373871
-13.566300
-9.429060
-8.563126
-7.312332
-6.927473
-4.522100
-4.137241
-2.212943
-0.192430
4.233455
8.082051
12.123077
16.548962
15.490598
14.817094
12.219292
12.315507
13.085226
13.470085
10.102564
5.772894
1.635653
2.020513
0.962149
0.769719
6.157753
6.061538
7.023687
8.274481
12.315507
14.913309
17.222466
18.761905
20.493773
18.184615
12.411722
11.064713
7.119902
6.061538
4.233455
-0.192430
-0.577289
1.058364
0.769719
-3.271306
-5.195604
-6.253968
-3.752381
1.731868
7.408547
7.504762
6.253968
3.271306
2.597802
3.463736
3.463736
6.735043
9.525275
11.930647
12.123077
11.545788
9.525275
9.910134
10.102564
11.160928
12.989011
13.277656
12.219292
12.123077
9.910134
5.003175
3.944811
6.061538
4.618315
7.697192
9.236630
12.123077
11.545788
11.545788
7.985836
2.790232
-3.463736
-6.446398
-6.253968
-5.003175
-2.309158
-1.924298
-1.828083
-1.347009
0.865934
4.137241
7.023687
8.563126
7.119902
6.638828
5.484249
3.078877
2.501587
3.078877
4.425885
2.212943
2.212943
4.810745
4.618315
2.597802
0.577289
-1.924298
-1.443223
-0.481074
1.731868
2.790232
7.312332
8.851770
9.140415
6.638828
5.003175
1.731868
-0.288645
-2.501587
-2.790232
-3.752381
-4.137241
-4.041026
-3.463736
-3.078877
0.000000
2.020513
4.041026
4.810745
6.927473
4.425885
2.597802
0.673504
-0.769719
1.154579
-0.673504
-0.288645
-0.192430
-1.058364
-1.731868
-2.020513
-4.041026
-6.638828
-8.851770
-10.968498
-12.411722
-11.642002
-13.373871
-13.181441
-14.047375
-15.201954
-14.624664
-12.315507
-7.216117
-3.078877
-2.212943
-1.347009
-1.731868
-4.906960
-10.583639
-13.181441
-15.394383
-15.298168
-13.951160
-10.679853
-7.504762
-3.944811
-3.559951
-2.886447
-3.271306
-2.694017
-5.580464
-6.446398
-5.580464
-4.618315
-4.137241
-3.752381
-3.271306
-2.116728
-1.635653
-3.944811
-8.659341
-12.604151
-14.239805
-13.951160
-10.872283
-11.834432
-7.697192
-7.889621
-8.274481
-10.006349
-11.064713
-7.985836
-6.542613
-4.618315
-1.539438
0.288645
-0.962149
-3.656166
-4.329670
-1.250794
1.635653
5.291819
5.965324
5.676679
5.003175
4.906960
4.714530
4.137241
6.253968
5.869109
4.137241
3.463736
-0.192430
0.000000
7.408547
11.064713
14.143590
15.971673
14.720879
7.793407
4.618315
3.463736
7.216117
13.277656
20.205128
21.840781
19.242979
13.470085
10.006349
6.638828
6.350183
9.332845
11.834432
10.487424
9.140415
4.714530
2.020513
-2.982662
-3.559951
-4.233455
-1.924298
-3.656166
-5.195604
-6.350183
-3.848596
-3.752381
-3.848596
-5.484249
-7.216117
-9.140415
-10.872283
-10.583639
-10.679853
-8.274481
-7.793407
-7.793407
-9.910134
-12.604151
-15.298168
-14.720879
-14.528449
-11.930647
-9.044200
-6.831258
-8.755556
-12.026862
-12.892796
-11.353358
-9.621490
-6.061538
-2.886447
-2.982662
-5.580464
-13.951160
-4.329670
-3.656166
-1.731868
-1.347009
-2.501587
-4.714530
-8.947985
-10.391209
-14.913309
-13.277656
-12.604151
-11.257143
-9.717705
-11.257143
-9.813919
-9.621490
-9.525275
-6.638828
-11.738217
-5.676679
-2.405372
0.096215
1.828083
4.714530
3.848596
6.350183
6.542613
8.178266
9.813919
12.123077
13.181441
13.085226
10.391209
8.466911
8.274481
6.446398
5.003175
3.944811
4.714530
7.504762
4.137241
2.405372
-1.443223
-4.425885
-5.965324
-4.714530
-4.906960
-2.116728
-2.020513
0.673504
2.116728
5.484249
7.600977
8.370696
7.408547
6.253968
3.078877
3.656166
3.175092
5.291819
7.504762
10.294994
9.429060
7.889621
6.350183
3.559951
4.041026
5.195604
6.831258
8.274481
7.504762
7.985836
8.178266
8.755556
7.119902
6.350183
2.597802
0.192430
0.577289
0.000000
-1.635653
-4.522100
-2.597802
-1.828083
1.828083
-4.233455
3.656166
1.443223
1.828083
-0.673504
-2.694017
-2.116728
-1.443223
-0.769719
1.347009
1.058364
0.192430
-1.154579
0.673504
1.731868
4.618315
7.889621
9.813919
10.487424
12.604151
11.642002
10.487424
10.102564
8.178266
8.178266
6.735043
2.790232
0.288645
0.673504
0.577289
1.443223
4.137241
5.195604
7.408547
6.638828
4.329670
1.635653
1.924298
1.347009
3.848596
5.869109
4.618315
2.597802
-0.481074
-2.790232
-0.865934
0.000000
3.271306
4.329670
3.175092
0.192430
-2.405372
-1.828083
1.347009
2.501587
3.271306
1.154579
-2.020513
-4.618315
-4.618315
-5.291819
-4.329670
-2.212943
0.577289
-1.347009
-3.078877
-4.329670
-8.851770
-10.487424
-9.717705
-7.216117
-3.944811
-2.212943
-0.192430
-3.463736
-5.195604
-8.082051
-7.889621
-8.947985
-6.446398
-5.003175
-5.195604
-7.216117
-8.178266
-8.659341
-7.985836
-3.463736
-1.058364
-4.329670
-6.542613
-9.140415
-9.332845
-7.312332
-7.119902
-3.559951
-1.924298
-2.212943
1.731868
2.790232
6.350183
4.137241
2.116728
3.463736
6.446398
9.717705
10.487424
6.927473
6.542613
7.408547
7.889621
9.717705
12.700366
12.700366
11.064713
10.006349
9.236630
8.370696
8.370696
9.332845
12.892796
13.566300
12.796581
9.910134
6.253968
5.676679
5.676679
7.600977
11.738217
12.604151
8.466911
1.347009
-4.329670
-8.082051
-5.869109
-3.944811
5.965324
9.525275
6.350183
1.635653
-3.078877
-4.522100
-3.463736
-0.962149
6.350183
9.621490
10.006349
8.466911
4.810745
0.288645
-2.790232
-3.367521
-2.501587
-5.676679
-8.370696
-11.738217
-12.604151
-13.277656
-10.872283
-10.487424
-10.198779
-9.140415
-8.082051
-8.082051
-5.388034
-2.694017
-1.443223
-0.384860
-3.656166
-6.735043
-7.408547
-9.717705
-9.332845
-8.370696
-6.350183
-3.463736
-1.828083
-4.618315
-5.003175
-6.542613
-8.082051
-9.525275
-17.126252
-7.408547
-7.312332
-8.466911
-8.466911
-7.023687
-1.154579
1.828083
6.831258
9.429060
11.064713
11.160928
9.140415
3.559951
-4.329670
-10.294994
-13.277656
-11.353358
-6.831258
-3.848596
-0.962149
1.924298
6.253968
4.810745
8.274481
11.160928
15.683028
17.318681
18.377045
17.895971
17.318681
13.470085
9.044200
8.755556
12.315507
14.336020
18.761905
20.301343
21.840781
22.321856
23.380220
25.400733
25.015873
21.071062
16.548962
11.449573
8.178266
4.329670
2.886447
3.463736
3.367521
2.597802
0.673504
-1.154579
0.000000
1.250794
-0.384860
1.154579
2.309158
1.058364
-0.096215
-0.192430
-6.638828
-11.449573
-16.260317
-20.878632
-26.362882
-30.019048
-29.730403
-26.459096
-24.534799
-20.108913
-16.356532
-15.586813
-12.026862
-10.391209
-12.315507
-10.968498
-9.140415
-11.064713
-10.583639
-7.889621
-10.679853
-10.294994
-12.507937
-12.026862
-10.198779
-7.312332
-6.542613
-6.831258
-7.697192
-9.236630
-13.470085
-8.659341
-7.023687
-8.082051
-12.026862
-14.143590
-14.817094
-14.624664
-13.662515
-9.140415
-8.178266
-7.023687
-8.178266
-6.735043
-8.659341
-11.160928
-11.834432
-18.858120
-11.545788
-11.545788
-12.026862
-8.274481
-5.484249
-5.099389
-7.504762
-6.253968
-6.638828
-4.906960
-3.463736
-2.790232
-0.288645
-0.288645
0.000000
0.865934
-3.463736
-6.157753
-10.776068
-10.102564
-7.023687
-3.944811
-0.481074
1.058364
1.731868
2.309158
2.886447
3.367521
3.175092
1.443223
-0.192430
-3.367521
-4.618315
-6.350183
-6.831258
-7.889621
-9.044200
-9.140415
-7.504762
-4.810745
-0.384860
3.463736
7.889621
11.642002
13.662515
9.429060
4.137241
1.347009
1.058364
1.635653
1.443223
0.288645
-1.731868
-4.233455
-5.388034
-5.388034
-3.175092
-0.192430
1.828083
2.694017
2.501587
1.635653
1.443223
-3.848596
-4.618315
-3.463736
-1.828083
0.481074
2.790232
7.023687
8.466911
8.659341
10.102564
10.391209
11.064713
13.758730
16.356532
15.779243
17.607326
16.260317
15.779243
14.047375
11.545788
10.102564
12.219292
16.645177
17.414896
17.992186
18.761905
18.954335
17.607326
18.088400
18.280830
17.511111
19.146764
15.298168
11.353358
6.061538
2.212943
3.271306
4.906960
3.559951
1.828083
-0.673504
-2.020513
-1.443223
2.886447
9.140415
14.817094
19.916484
18.858120
14.624664
7.793407
-0.192430
-3.559951
-2.886447
-0.865934
-0.192430
-3.463736
-3.944811
-3.559951
-3.078877
-1.154579
3.848596
5.291819
4.425885
1.058364
1.058364
1.539438
-2.501587
-3.752381
-1.731868
-2.212943
-3.175092
-5.965324
-5.676679
-6.927473
-7.600977
-4.810745
0.000000
1.635653
2.116728
0.096215
0.096215
-3.463736
-5.580464
-5.580464
-3.944811
-3.367521
-5.099389
-4.618315
-5.580464
-7.216117
-10.679853
-10.487424
-11.545788
-14.239805
-19.531624
-22.418071
-23.572650
-20.589988
-13.758730
-7.889621
-2.694017
0.769719
0.769719
1.828083
0.481074
4.137241
5.484249
9.429060
7.985836
7.216117
4.329670
4.329670
8.466911
13.566300
16.837607
15.105739
13.085226
11.353358
9.910134
9.813919
12.604151
13.758730
12.411722
7.600977
1.058364
-1.347009
-2.116728
-1.347009
2.405372
5.099389
5.965324
3.463736
2.309158
2.501587
3.463736
4.906960
3.367521
2.501587
-2.212943
-3.944811
-1.443223
-0.384860
4.522100
9.429060
11.834432
11.642002
11.834432
11.353358
12.123077
13.566300
18.184615
20.589988
22.610501
21.552137
19.820269
19.916484
19.339194
21.936996
20.878632
18.473260
16.356532
16.260317
15.394383
14.528449
15.394383
17.607326
17.607326
17.992186
14.336020
11.930647
10.006349
13.085226
10.872283
11.834432
11.353358
7.504762
4.522100
3.944811
3.367521
5.869109
4.906960
4.618315
2.116728
-0.673504
-2.020513
-4.810745
-7.312332
-7.408547
-7.889621
-8.178266
-9.525275
-8.659341
-10.198779
-11.738217
-13.470085
-12.219292
-9.525275
-10.102564
-9.813919
-11.930647
-12.604151
-9.813919
-7.600977
-3.271306
1.154579
3.271306
3.175092
-0.673504
-0.577289
-3.848596
-4.329670
-4.906960
-6.446398
-6.831258
-5.772894
-1.731868
2.597802
-0.096215
-1.731868
-5.099389
-7.504762
-10.872283
-15.586813
-17.992186
-18.088400
-19.339194
-18.473260
-17.222466
-14.336020
-13.951160
-14.143590
-14.239805
-11.257143
-9.140415
-6.446398
-6.157753
-7.023687
-8.659341
-9.813919
-8.755556
-9.429060
-11.834432
-10.583639
-11.257143
-9.236630
-7.312332
-6.350183
-5.003175
-2.405372
-2.790232
-4.329670
-2.886447
-2.116728
-2.405372
-2.020513
-2.405372
-3.367521
-2.309158
2.116728
8.659341
12.700366
17.703541
21.263492
25.978022
28.479609
31.269841
30.307692
28.094750
25.689377
20.205128
15.490598
9.717705
2.886447
-1.154579
-8.466911
-16.741392
-32.424420
-28.479609
-31.366056
-34.444933
-37.620024
-39.448107
-40.410256
-40.506471
-38.004884
-37.138950
-33.963858
-31.750916
-33.290354
-33.963858
-32.616850
-31.462271
-29.153114
-28.190965
-26.074237
-26.074237
-27.806105
-30.307692
-31.847131
-33.290354
-33.386569
-31.366056
-30.692552
-28.190965
-25.400733
-24.053724
-24.727228
-26.555311
-24.919658
-22.514286
-17.799756
-10.776068
-5.484249
-4.522100
-5.099389
-4.618315
-1.058364
2.694017
6.831258
9.140415
10.776068
9.044200
8.563126
11.160928
11.930647
13.854945
14.817094
14.336020
12.604151
11.064713
13.854945
17.703541
21.552137
24.053724
25.881807
24.438584
22.225641
19.435409
20.974847
24.246154
23.187790
20.974847
20.301343
21.071062
22.033211
20.301343
22.899145
24.053724
23.572650
22.418071
19.531624
16.356532
11.642002
11.545788
12.507937
16.164103
17.222466
16.645177
14.336020
15.105739
17.607326
18.954335
20.012698
22.418071
25.015873
23.572650
18.665690
19.627839
14.528449
10.294994
5.772894
15.298168
15.971673
16.260317
14.720879
14.720879
12.989011
13.758730
14.432234
16.452747
18.184615
16.645177
13.854945
13.085226
13.758730
15.009524
13.854945
13.470085
12.507937
13.373871
14.624664
16.452747
16.260317
8.755556
15.009524
16.067888
14.817094
13.181441
13.373871
14.624664
14.047375
13.662515
13.470085
11.257143
10.679853
6.446398
0.192430
-2.116728
-3.271306
-4.425885
-3.078877
-2.886447
-3.367521
-5.291819
-7.312332
-9.236630
-10.198779
-10.872283
-10.487424
-11.064713
-11.834432
-12.123077
-17.126252
-14.624664
-16.548962
-16.067888
-16.548962
-15.394383
-12.700366
-13.181441
-13.277656
-13.470085
-13.085226
-13.373871
-10.776068
-9.717705
-7.985836
-7.312332
-6.061538
-5.484249
-4.906960
-3.367521
1.443223
0.577289
-1.539438
-5.195604
-4.522100
-5.965324
-6.446398
-10.679853
-11.930647
-13.277656
-15.298168
-16.164103
-15.779243
-16.260317
-15.586813
-15.298168
-12.604151
-10.776068
-9.813919
-8.947985
-6.638828
-5.099389
-1.924298
2.790232
2.790232
4.425885
7.985836
4.810745
5.003175
4.522100
3.848596
4.618315
4.137241
2.886447
1.443223
-0.096215
-2.597802
-5.388034
-5.388034
-7.600977
-8.851770
-11.545788
-13.181441
-13.566300
-15.105739
-18.954335
-20.878632
-23.861294
-25.400733
-26.459096
-28.383394
-30.884982
-28.960684
-30.981197
-33.001709
-36.850305
-35.310867
-37.042735
-37.427595
-36.176801
-36.561661
-34.733578
-30.884982
-29.153114
-27.228816
-24.149939
-21.359707
-17.799756
-16.260317
-12.507937
-8.082051
-7.119902
-5.772894
-8.082051
-16.356532
-8.274481
-8.274481
-10.487424
-10.006349
-9.910134
-6.350183
-1.058364
2.405372
5.291819
6.446398
8.755556
5.388034
10.583639
15.394383
6.831258
21.455922
19.627839
7.600977
15.875458
14.143590
11.064713
11.738217
9.717705
9.717705
11.064713
12.892796
14.624664
16.164103
17.895971
11.834432
15.490598
15.394383
16.741392
15.875458
15.779243
14.528449
10.776068
9.429060
2.212943
8.947985
8.563126
9.332845
9.044200
9.332845
12.219292
13.085226
13.566300
15.683028
14.817094
14.336020
15.201954
15.971673
15.394383
15.490598
14.047375
14.817094
11.545788
14.143590
14.913309
14.817094
12.989011
13.758730
13.662515
13.566300
11.545788
12.123077
12.026862
10.583639
11.545788
13.181441
14.528449
16.548962
16.164103
16.837607
15.971673
16.067888
15.009524
14.624664
3.463736
10.391209
7.600977
7.889621
8.178266
9.910134
9.332845
8.659341
5.003175
3.078877
3.559951
6.446398
10.487424
14.143590
12.219292
10.391209
-0.769719
9.429060
11.738217
15.490598
17.126252
18.280830
18.858120
18.184615
17.030037
15.586813
16.837607
18.184615
15.875458
13.662515
10.006349
9.429060
7.889621
8.178266
10.968498
10.102564
10.006349
7.504762
6.927473
3.367521
2.694017
3.271306
2.694017
2.405372
2.309158
0.192430
-1.154579
-2.405372
-1.250794
1.154579
3.271306
5.099389
4.041026
0.865934
-0.577289
-1.828083
1.443223
2.886447
1.828083
4.233455
3.848596
-0.096215
-3.752381
-3.752381
0.096215
-0.481074
-2.790232
-6.831258
-10.294994
-12.507937
-9.910134
-7.600977
-4.329670
-4.714530
-10.487424
-17.992186
-20.782418
-25.689377
-24.919658
-21.455922
-16.548962
-15.875458
-13.662515
-12.892796
-12.989011
-10.583639
-7.793407
-6.446398
-4.906960
-4.329670
-2.886447
-2.501587
-5.580464
-7.697192
-9.717705
-12.123077
-14.528449
-16.837607
-19.435409
-22.706716
-24.246154
-22.514286
-21.359707
-23.187790
-23.957509
-26.266667
-18.088400
-15.490598
-16.067888
-12.315507
-9.717705
-7.600977
-5.388034
-5.099389
-4.233455
-5.580464
-10.776068
-13.470085
-15.971673
-15.683028
-16.933822
-15.490598
-15.586813
-13.470085
-12.315507
-8.659341
-4.137241
-0.865934
2.982662
4.714530
2.982662
1.443223
-1.828083
-5.388034
-5.580464
-5.676679
-4.522100
-4.137241
-5.772894
-7.023687
-9.429060
-8.947985
-10.679853
-11.642002
-13.758730
-12.892796
-11.160928
-11.160928
-11.545788
-11.160928
-9.044200
-9.140415
-8.563126
-8.947985
-8.947985
-5.965324
-4.425885
-5.388034
-5.869109
-6.157753
-6.157753
-6.446398
-1.539438
-1.058364
2.694017
3.752381
5.484249
4.714530
2.982662
0.577289
-0.577289
-4.041026
-4.714530
-6.927473
-8.563126
-6.735043
-4.329670
-4.522100
-3.078877
-4.618315
-4.618315
-4.714530
-2.597802
-1.539438
1.443223
3.367521
7.119902
7.600977
9.910134
13.662515
16.260317
16.645177
17.222466
14.817094
11.930647
7.408547
3.656166
0.769719
3.175092
5.772894
6.927473
6.446398
5.484249
3.078877
1.058364
0.192430
1.443223
0.865934
3.559951
7.408547
8.563126
10.198779
12.700366
13.085226
11.353358
11.449573
11.353358
11.738217
10.006349
8.178266
6.446398
6.350183
5.580464
4.425885
6.253968
3.944811
-0.577289
-4.329670
-8.274481
-10.872283
-10.294994
-10.968498
-12.892796
-12.989011
-12.315507
-12.123077
-13.181441
-13.373871
-15.298168
-15.394383
-16.933822
-16.548962
-15.683028
-15.586813
-14.817094
-14.624664
-16.933822
-17.318681
-14.143590
-13.277656
-10.583639
-8.851770
-7.408547
-5.580464
-4.906960
-2.790232
-1.443223
0.096215
3.656166
4.137241
4.714530
2.501587
1.828083
2.790232
3.752381
3.367521
5.580464
2.212943
3.367521
-0.769719
-3.463736
-7.312332
-3.656166
-1.731868
1.828083
4.522100
2.982662
3.656166
2.886447
2.694017
5.291819
9.044200
13.085226
11.257143
10.294994
8.178266
6.061538
4.810745
4.522100
8.466911
9.910134
12.507937
13.181441
9.621490
6.542613
5.965324
4.425885
3.656166
2.309158
0.769719
-0.288645
-0.962149
-3.463736
-0.577289
2.116728
6.735043
10.583639
14.239805
13.758730
12.604151
11.642002
10.679853
11.834432
13.373871
13.277656
11.257143
6.542613
1.154579
-7.216117
-11.353358
-16.164103
-17.703541
-19.146764
-22.321856
-22.514286
-21.455922
-24.053724
-22.706716
-21.167277
-19.820269
-19.627839
-18.569475
-14.336020
-13.181441
-10.776068
-9.044200
-8.466911
-8.370696
-17.607326
-9.621490
-9.910134
-10.006349
-8.082051
-7.697192
-5.965324
-4.810745
-5.099389
-5.484249
-3.656166
-2.405372
-1.058364
-0.384860
1.539438
1.635653
2.212943
3.559951
4.810745
6.157753
7.312332
6.061538
6.735043
9.525275
12.989011
15.875458
20.782418
23.957509
25.978022
29.056899
33.482784
36.946520
39.351893
41.083761
43.296703
41.564835
39.159463
40.121612
39.832967
37.331380
34.444933
32.905495
30.788767
30.115263
26.170452
25.208303
29.537973
27.036386
25.112088
22.899145
21.359707
18.280830
15.298168
14.913309
15.779243
16.164103
17.992186
18.473260
19.050549
19.724054
19.531624
19.050549
17.318681
15.683028
10.776068
9.140415
6.831258
6.350183
5.003175
-0.865934
4.618315
3.752381
4.522100
4.041026
2.309158
2.982662
1.731868
2.982662
3.271306
2.597802
0.384860
0.384860
-1.539438
-4.810745
-9.236630
-12.315507
-12.700366
-12.219292
-12.026862
-9.429060
-7.600977
-6.542613
-4.041026
-2.020513
-0.673504
0.000000
3.752381
3.559951
3.848596
2.694017
-2.116728
-2.501587
0.192430
1.635653
1.635653
4.906960
4.329670
2.501587
-0.192430
-0.384860
-0.769719
2.020513
3.078877
5.676679
3.944811
4.233455
5.003175
1.635653
-0.865934
-0.673504
-2.020513
-4.233455
-5.580464
-5.099389
-4.425885
-6.061538
-1.154579
0.769719
-1.731868
-3.656166
-1.443223
1.924298
5.676679
4.810745
5.484249
7.119902
8.563126
10.776068
14.720879
15.105739
13.566300
13.470085
15.394383
15.298168
18.377045
18.954335
19.339194
16.741392
16.548962
14.720879
11.064713
7.600977
6.831258
2.597802
-3.848596
-11.353358
-19.627839
-24.919658
-26.940171
-27.709890
-26.555311
-25.881807
-22.899145
-22.514286
-18.088400
-16.164103
-12.796581
-12.507937
-8.274481
-5.676679
-2.597802
-6.157753
-9.525275
-12.026862
-12.604151
-17.511111
-16.741392
-16.452747
-15.875458
-14.817094
-13.181441
-13.662515
-14.720879
-11.642002
-6.927473
-3.944811
-0.962149
0.481074
-0.481074
-2.790232
-5.772894
-8.370696
-10.583639
-12.219292
-12.989011
-13.373871
-14.336020
-15.779243
-14.528449
-11.449573
-20.108913
-11.160928
-9.813919
-9.140415
-8.563126
-6.542613
-7.023687
-7.312332
-7.119902
-7.312332
-5.484249
-3.463736
-2.886447
-1.924298
-1.250794
0.962149
0.769719
0.865934
0.865934
1.924298
2.886447
3.271306
4.233455
6.350183
7.312332
7.985836
9.429060
9.621490
10.102564
12.796581
12.411722
15.779243
18.088400
16.933822
14.720879
13.277656
10.294994
11.738217
10.872283
9.717705
7.119902
3.175092
1.250794
-3.367521
-7.408547
