10.776068
14.913309
18.858120
22.321856
24.631013
25.112088
22.899145
20.686203
17.222466
14.720879
12.507937
9.813919
7.793407
5.099389
2.790232
-0.096215
-3.463736
-2.597802
-4.329670
-3.078877
-0.577289
0.769719
-1.154579
-2.597802
-5.099389
-4.618315
-4.906960
-3.559951
-2.886447
0.577289
5.099389
8.851770
10.294994
9.621490
7.119902
4.618315
2.694017
0.384860
-3.078877
-3.463736
-4.906960
-4.906960
-5.195604
-6.157753
-6.831258
-6.542613
-6.831258
-7.600977
-11.449573
-11.930647
-11.160928
-10.198779
-10.198779
-10.198779
-8.466911
-8.082051
-10.294994
-11.930647
-11.834432
-12.604151
-12.507937
-11.930647
-10.872283
-8.274481
-6.157753
-4.425885
-0.577289
5.676679
8.851770
10.391209
6.638828
-0.673504
-6.061538
-19.050549
-14.528449
-13.662515
-7.889621
-4.329670
-5.195604
-6.253968
-8.370696
-7.312332
-8.274481
-6.350183
-4.041026
-2.116728
-0.481074
-0.769719
-5.676679
-7.119902
-5.195604
-1.058364
2.982662
4.329670
3.271306
1.443223
-0.865934
-5.580464
-6.350183
-0.865934
1.443223
2.212943
-1.347009
-5.965324
-7.985836
-11.353358
-14.047375
-14.720879
-11.449573
-10.872283
-9.717705
-6.831258
-5.676679
-5.869109
-3.752381
-4.329670
-4.041026
-2.886447
-1.731868
2.309158
6.061538
7.793407
5.484249
0.865934
-2.694017
-9.717705
-13.470085
-14.143590
-13.854945
-12.507937
-13.373871
-20.397558
-25.400733
-28.864469
-27.036386
-24.053724
-19.146764
-18.377045
-22.321856
-28.672039
-32.135775
-32.039560
-27.613675
-20.493773
-13.470085
-14.720879
-19.724054
-25.304518
-25.015873
-22.995360
-14.913309
-5.099389
-3.271306
-7.119902
-11.257143
-13.854945
-13.566300
-12.219292
-7.793407
-6.446398
-6.735043
-13.758730
-16.645177
-19.820269
-20.974847
-20.589988
-17.222466
-13.181441
-15.490598
-16.548962
-16.164103
-16.164103
-12.989011
-8.082051
-4.425885
-4.522100
-7.216117
-7.504762
-6.638828
-5.965324
-1.250794
4.233455
7.600977
7.408547
9.813919
7.408547
9.140415
12.026862
13.373871
15.779243
19.627839
21.840781
23.091575
23.476435
26.555311
33.771429
34.252503
29.730403
22.033211
18.088400
15.105739
14.432234
13.470085
14.143590
12.700366
12.315507
9.621490
9.429060
8.659341
7.023687
7.600977
10.102564
9.140415
8.178266
8.466911
10.776068
13.854945
16.741392
16.933822
17.895971
17.607326
17.895971
16.837607
16.548962
17.414896
19.435409
19.531624
18.473260
18.665690
21.648352
20.782418
22.418071
20.974847
22.033211
21.263492
20.589988
19.339194
18.473260
18.569475
18.954335
18.184615
15.971673
16.356532
15.586813
14.913309
14.913309
13.277656
13.758730
13.470085
14.336020
14.913309
16.067888
15.971673
16.067888
18.377045
19.435409
19.820269
15.105739
18.569475
19.435409
17.895971
17.511111
16.933822
15.586813
12.219292
8.659341
4.810745
2.020513
2.309158
6.157753
9.621490
12.604151
13.758730
15.298168
12.796581
10.294994
9.332845
7.985836
9.813919
12.796581
15.201954
14.817094
13.470085
8.947985
4.425885
-0.481074
-4.810745
-8.082051
-9.236630
-8.851770
-7.697192
-3.944811
-4.618315
-4.329670
-4.618315
-5.195604
-3.463736
-4.137241
-5.003175
-4.425885
-4.810745
-4.906960
-7.408547
-8.563126
-11.545788
-13.085226
-16.164103
-16.933822
-21.455922
-22.514286
-22.610501
-21.359707
-20.205128
-18.473260
-19.627839
-21.455922
-22.418071
-23.765079
-24.631013
-18.761905
-14.047375
-11.257143
-11.353358
-11.738217
-12.700366
-13.085226
-11.353358
-8.274481
-3.463736
-0.577289
0.481074
2.405372
0.384860
-0.481074
0.769719
2.212943
5.388034
8.659341
9.717705
11.257143
10.679853
6.638828
2.790232
-1.347009
-5.676679
-10.391209
-11.064713
-9.044200
-5.580464
0.769719
3.367521
4.906960
7.889621
6.253968
5.484249
5.003175
0.865934
-4.522100
-7.985836
-12.411722
-15.298168
-12.989011
-8.370696
-5.484249
-3.848596
-1.635653
-0.192430
0.000000
-1.539438
-3.944811
-8.082051
-10.487424
-11.642002
-14.528449
-15.971673
-15.009524
-15.105739
-12.892796
-13.566300
-14.143590
-15.298168
-15.875458
-16.164103
-10.872283
-2.405372
1.924298
0.577289
-2.020513
-6.831258
-9.813919
-9.140415
-5.676679
3.271306
10.583639
17.126252
21.455922
21.263492
21.359707
19.916484
20.782418
22.995360
22.321856
22.610501
23.284005
21.552137
20.589988
17.030037
16.067888
12.507937
7.793407
6.061538
5.099389
3.944811
4.425885
3.463736
3.463736
2.405372
3.848596
5.291819
5.965324
6.061538
6.061538
5.003175
4.810745
2.597802
-0.962149
-3.559951
-7.600977
-7.697192
-7.312332
-6.735043
-10.487424
-13.181441
-15.201954
-14.336020
-11.738217
-7.312332
-5.003175
-4.618315
-7.312332
-11.064713
-13.373871
-12.123077
-10.294994
-6.638828
-5.772894
-9.140415
-12.026862
-15.490598
-16.548962
-15.971673
-15.394383
-4.522100
-1.828083
-1.924298
-4.522100
-3.175092
-3.367521
-2.886447
-2.020513
-1.635653
-3.559951
-9.140415
-13.951160
-14.720879
-10.968498
-3.656166
0.865934
5.869109
6.446398
2.501587
-1.154579
-1.635653
0.865934
4.041026
9.621490
9.429060
7.600977
3.078877
2.982662
3.271306
11.160928
16.452747
18.280830
15.779243
10.198779
5.291819
4.137241
4.137241
9.910134
12.796581
11.738217
6.157753
0.962149
-0.962149
-0.577289
5.965324
11.449573
13.758730
11.930647
6.157753
1.058364
-2.020513
-2.309158
2.982662
8.659341
11.930647
13.085226
10.583639
7.119902
3.271306
2.309158
0.192430
1.250794
2.597802
-2.501587
-7.985836
-11.930647
-17.414896
-16.645177
-12.604151
-10.294994
-9.236630
-8.563126
-8.466911
-7.216117
-6.542613
-3.559951
-1.250794
2.405372
4.810745
5.484249
4.329670
2.501587
-0.481074
-4.906960
-6.831258
-8.466911
-10.198779
-10.102564
-10.583639
-9.236630
-6.061538
-6.831258
-4.522100
-0.288645
2.982662
4.906960
8.947985
10.776068
10.776068
12.123077
14.913309
17.414896
17.318681
14.913309
13.758730
13.951160
16.067888
18.184615
16.741392
15.490598
14.047375
12.796581
10.679853
14.239805
18.954335
21.455922
23.380220
20.686203
17.799756
15.971673
15.779243
16.067888
17.511111
17.992186
16.837607
13.373871
10.583639
5.772894
3.944811
3.752381
4.041026
3.463736
0.481074
-2.790232
-4.906960
-5.676679
-7.793407
-9.236630
-10.583639
-11.738217
-12.796581
-13.662515
-13.854945
-14.720879
-13.470085
-13.373871
-11.642002
-11.834432
-10.583639
-12.604151
-13.373871
-14.239805
-15.683028
-16.548962
-15.971673
-16.837607
-17.318681
-18.184615
-18.761905
-19.724054
-20.493773
-20.782418
-20.397558
-17.030037
-18.954335
-17.607326
-15.779243
-16.837607
-18.858120
-16.548962
-17.895971
-17.511111
-27.421245
-19.724054
-19.627839
-19.627839
-19.435409
-18.761905
-18.088400
-17.992186
-18.377045
-16.645177
-16.356532
-15.105739
-13.181441
-13.758730
-12.989011
-11.642002
-11.642002
-12.411722
-13.373871
-14.336020
-15.683028
-15.779243
-16.067888
-16.452747
-16.645177
-16.933822
-18.761905
-22.706716
-22.610501
-18.280830
-15.683028
-16.645177
-19.531624
-18.184615
-16.741392
-14.432234
-12.507937
-7.408547
-6.735043
-8.178266
-8.947985
-6.735043
-6.446398
-5.291819
-0.962149
-0.192430
0.673504
2.790232
3.656166
6.446398
10.583639
12.123077
16.837607
16.452747
15.201954
14.913309
14.047375
16.548962
16.356532
12.796581
21.840781
22.321856
21.840781
23.765079
25.208303
11.834432
21.167277
18.088400
14.624664
12.989011
12.219292
11.353358
13.951160
14.336020
14.239805
14.047375
15.971673
19.820269
23.380220
27.517460
27.613675
31.269841
30.403907
30.981197
30.981197
29.345543
25.593162
20.589988
13.181441
6.253968
2.694017
-0.384860
-3.656166
-3.463736
-3.271306
-2.597802
1.250794
2.790232
4.522100
5.965324
8.659341
12.989011
17.799756
21.840781
23.284005
24.727228
22.610501
19.242979
16.548962
16.548962
15.009524
14.336020
13.373871
10.968498
8.755556
7.889621
6.735043
10.391209
12.892796
15.971673
18.377045
22.033211
22.706716
22.514286
20.878632
19.146764
18.184615
17.992186
18.280830
15.779243
15.586813
13.085226
9.621490
6.831258
5.195604
3.078877
4.041026
7.119902
10.006349
11.834432
12.700366
9.910134
7.408547
4.618315
2.116728
1.154579
0.192430
2.020513
4.714530
-1.539438
6.831258
7.216117
8.370696
11.353358
10.583639
9.910134
10.583639
9.525275
8.274481
6.350183
3.271306
4.041026
4.137241
6.157753
8.274481
8.947985
8.947985
5.676679
6.638828
4.233455
4.329670
5.195604
4.714530
4.810745
7.408547
8.659341
10.968498
13.085226
12.507937
12.892796
10.294994
7.985836
5.099389
5.580464
3.271306
0.673504
-1.731868
-6.831258
-12.989011
-20.012698
-26.747741
-29.634188
-30.981197
-30.211477
-30.115263
-26.651526
-26.170452
-27.902320
-28.383394
-25.881807
-24.823443
-21.263492
-17.895971
-16.645177
-17.703541
-17.895971
-17.511111
-13.566300
-7.504762
-5.099389
-4.906960
-7.216117
-8.274481
-10.391209
-7.312332
-3.848596
-2.405372
-0.673504
-1.154579
-1.635653
-4.425885
-4.714530
-5.291819
-4.618315
-1.250794
3.559951
7.504762
6.446398
8.851770
9.044200
10.198779
9.621490
6.735043
-0.481074
-7.312332
-11.642002
-12.796581
-12.219292
-11.160928
-8.851770
-6.735043
-7.697192
-7.697192
-7.985836
-7.312332
-4.906960
-2.694017
-0.577289
-0.769719
-3.175092
-5.580464
-4.425885
-2.982662
-0.962149
0.288645
2.982662
1.731868
3.078877
3.559951
2.309158
5.099389
6.061538
6.638828
5.869109
5.676679
3.559951
3.078877
0.673504
-0.481074
0.962149
2.597802
3.463736
3.175092
1.347009
1.443223
0.962149
0.000000
3.078877
5.676679
6.350183
6.061538
5.195604
4.233455
3.078877
2.982662
6.638828
9.140415
7.119902
4.041026
-0.192430
-2.309158
-3.078877
-1.347009
1.443223
3.463736
2.790232
2.212943
2.405372
1.443223
-2.694017
-1.635653
-0.481074
0.192430
-1.635653
-2.597802
-4.906960
-9.429060
-13.758730
-14.720879
-16.067888
-14.047375
-16.837607
-15.586813
-14.720879
-15.490598
-13.758730
-6.927473
0.577289
6.542613
10.006349
7.985836
4.425885
1.154579
-4.041026
-5.676679
-4.810745
-1.539438
-0.288645
-0.769719
-4.522100
-6.061538
-5.099389
-4.618315
-4.618315
-5.099389
-6.446398
-9.044200
-10.487424
-11.064713
-6.831258
-0.962149
1.828083
1.347009
-4.233455
-8.755556
-14.528449
-18.377045
-16.356532
-14.336020
-12.604151
-12.315507
-13.277656
-15.201954
-13.758730
-14.047375
-15.394383
-13.758730
-12.989011
-13.854945
-14.047375
-16.356532
-17.318681
-12.796581
-11.353358
-9.140415
-6.927473
-3.656166
-3.559951
-7.023687
-9.236630
-9.236630
-10.487424
-11.064713
-10.679853
-11.160928
-13.758730
-12.123077
-9.332845
-6.831258
-5.772894
-2.597802
1.347009
3.463736
7.216117
12.507937
14.239805
17.222466
16.933822
10.583639
4.714530
0.865934
-2.694017
-3.656166
-3.175092
0.000000
1.058364
4.714530
5.965324
6.157753
8.947985
13.181441
14.528449
20.686203
24.631013
24.246154
21.744567
16.933822
12.026862
8.659341
6.253968
4.810745
5.099389
3.848596
4.233455
2.501587
0.096215
-2.886447
-1.058364
2.790232
6.542613
7.119902
8.274481
7.793407
6.638828
7.697192
7.600977
6.735043
8.274481
11.257143
10.776068
9.429060
9.140415
5.003175
0.000000
-4.233455
-7.600977
-10.583639
-13.181441
-15.394383
-20.589988
-21.071062
-25.015873
-26.266667
-25.881807
-24.631013
-25.400733
-23.572650
-21.167277
-22.225641
-18.761905
-15.779243
-15.490598
-13.662515
-13.662515
-16.741392
-21.744567
-21.552137
-15.779243
-9.813919
-8.370696
-7.985836
-11.160928
-15.298168
-17.511111
-18.377045
-14.720879
-8.659341
-9.525275
-11.257143
-12.315507
-16.837607
-17.511111
-17.126252
-16.548962
-18.280830
-20.878632
-22.129426
-21.648352
-20.108913
-16.837607
-10.872283
-6.350183
-7.889621
-12.315507
-15.586813
-15.201954
-11.449573
-9.910134
-9.813919
-14.143590
-19.916484
-25.015873
-30.115263
-29.826618
-27.517460
-25.689377
-24.823443
-21.552137
-18.569475
-13.951160
-8.755556
-4.425885
0.384860
4.618315
11.642002
17.607326
24.534799
31.366056
35.888156
38.678388
40.314042
39.640537
40.506471
39.063248
39.448107
39.832967
41.179976
43.008059
42.719414
43.777778
42.719414
41.564835
41.276190
38.293529
36.561661
34.156288
33.482784
31.943346
28.575824
25.015873
21.840781
20.589988
20.205128
22.321856
20.782418
14.624664
6.157753
1.539438
-3.078877
-5.484249
-6.157753
-7.312332
-10.198779
-13.277656
-16.741392
-18.665690
-19.146764
-19.724054
-18.088400
-14.624664
-11.353358
-2.982662
-1.443223
-4.041026
-6.061538
-4.810745
-3.463736
-0.769719
0.865934
4.137241
3.175092
4.041026
4.329670
6.350183
9.332845
11.257143
11.160928
9.717705
7.408547
5.580464
2.212943
0.288645
-1.250794
-0.288645
-2.886447
-4.233455
-6.350183
-8.659341
-9.140415
-6.061538
-2.212943
-2.501587
-4.810745
-5.388034
-7.312332
-6.542613
-5.965324
-2.790232
-0.865934
-1.539438
-5.484249
-9.044200
-12.315507
-13.662515
-11.449573
-7.793407
-8.947985
-8.466911
-8.947985
-9.621490
-9.525275
-7.312332
-4.233455
-0.481074
-6.831258
4.522100
6.927473
9.140415
10.487424
12.796581
16.741392
20.589988
20.686203
21.167277
19.435409
23.572650
27.709890
34.156288
36.176801
38.389744
39.351893
36.465446
34.156288
34.637363
31.558486
33.194139
31.943346
28.479609
23.957509
21.359707
20.589988
21.359707
21.840781
21.263492
18.569475
12.796581
8.947985
9.717705
-0.962149
8.947985
8.082051
5.484249
-1.731868
-7.216117
-11.353358
-9.717705
-5.580464
-0.865934
-1.828083
-9.621490
-17.799756
-23.380220
-23.284005
-19.531624
-15.009524
-11.834432
-13.854945
-14.720879
-20.012698
-22.706716
-24.438584
-21.648352
-17.992186
-15.201954
-14.624664
-16.164103
-19.242979
-21.552137
-20.782418
-19.050549
-16.837607
-15.394383
-14.624664
-14.336020
-12.219292
-6.253968
-1.924298
0.096215
1.539438
-1.347009
-3.367521
-6.350183
-5.869109
-1.154579
3.848596
4.329670
1.443223
-0.288645
-0.769719
0.288645
2.501587
5.965324
6.735043
10.776068
12.315507
12.123077
10.006349
11.353358
14.817094
16.933822
21.744567
24.342369
24.631013
23.861294
20.589988
18.954335
16.452747
16.548962
18.473260
21.167277
20.878632
21.071062
18.569475
15.009524
11.738217
11.064713
10.006349
7.985836
6.350183
3.463736
-0.673504
-4.522100
-7.023687
-9.236630
-10.679853
-11.353358
-14.143590
-13.662515
-15.201954
-15.490598
-16.260317
-17.799756
-21.263492
-23.765079
-27.036386
-27.613675
-24.534799
-18.954335
-15.971673
-13.085226
-10.583639
-10.391209
-4.522100
-2.116728
-1.539438
-1.731868
-2.309158
-3.078877
-5.388034
-5.484249
-2.405372
0.577289
2.982662
4.810745
6.157753
4.714530
5.484249
6.735043
8.466911
10.391209
13.085226
9.140415
5.388034
2.020513
0.096215
1.731868
3.463736
6.350183
7.312332
6.831258
2.790232
0.673504
1.924298
6.638828
8.947985
7.408547
6.831258
4.810745
3.078877
0.865934
0.865934
1.731868
3.175092
4.425885
5.580464
5.291819
5.099389
6.253968
6.927473
8.082051
9.525275
8.659341
6.927473
4.329670
1.443223
-1.058364
0.096215
0.192430
0.673504
2.116728
2.309158
2.212943
3.463736
5.676679
7.504762
9.525275
10.102564
7.985836
-6.350183
-2.597802
-7.793407
-14.239805
-21.359707
-24.534799
-25.496947
-25.112088
-25.015873
-24.246154
-22.899145
-21.744567
-22.418071
-24.149939
-20.589988
-17.703541
-13.085226
-12.026862
-12.989011
-15.298168
-20.205128
-23.284005
-25.208303
-25.015873
-25.496947
-23.380220
-21.359707
-20.493773
-16.645177
-15.298168
-14.528449
-10.391209
-7.985836
-5.772894
-5.484249
-5.772894
-8.274481
-11.064713
-9.140415
-8.274481
-4.714530
-5.676679
-3.848596
-2.116728
0.962149
0.769719
2.694017
3.175092
4.425885
3.656166
2.116728
-0.673504
-6.735043
-4.522100
-3.078877
-0.865934
-0.962149
-1.539438
-14.624664
-9.140415
-10.679853
-11.353358
-11.738217
-12.604151
-10.679853
-8.947985
-5.388034
-2.309158
-2.212943
-2.116728
-2.116728
-3.175092
-5.388034
-7.793407
-7.600977
-9.332845
-11.064713
-13.373871
-15.875458
-16.741392
-13.566300
-12.700366
-12.315507
-12.411722
-13.085226
-12.507937
-8.755556
-8.466911
-5.869109
-4.810745
-5.772894
-3.463736
-2.116728
1.250794
5.388034
13.085226
16.837607
20.012698
19.242979
18.280830
19.627839
19.242979
17.607326
16.452747
14.432234
11.930647
10.679853
6.735043
5.195604
2.501587
1.828083
4.137241
7.216117
8.851770
7.985836
4.137241
2.501587
3.078877
0.384860
1.924298
-0.288645
-0.384860
-1.635653
-2.597802
-2.886447
-3.656166
-3.559951
-2.020513
-0.577289
0.769719
1.731868
0.096215
-3.078877
-3.175092
-0.577289
2.694017
4.233455
8.178266
6.542613
8.082051
7.697192
9.621490
11.642002
13.085226
12.604151
9.525275
6.446398
4.137241
5.772894
7.793407
11.930647
9.525275
9.621490
10.776068
10.102564
7.985836
7.119902
9.429060
12.892796
13.181441
11.545788
11.738217
12.411722
9.621490
6.542613
3.367521
0.288645
-5.580464
-11.353358
-14.624664
-13.662515
-20.878632
-16.260317
-14.624664
-8.851770
-7.119902
-6.157753
-6.927473
-7.985836
-7.985836
-5.388034
-4.522100
-2.020513
1.635653
2.116728
1.154579
0.192430
0.000000
3.656166
7.985836
12.411722
16.356532
20.782418
22.033211
21.455922
19.916484
19.627839
18.280830
15.586813
13.758730
10.872283
4.906960
2.982662
2.597802
0.481074
-1.731868
-1.731868
-4.618315
-2.694017
-3.271306
-3.463736
-3.752381
-4.522100
-5.484249
-5.772894
-9.140415
-11.834432
-12.989011
-14.817094
-12.892796
-10.487424
-7.985836
-6.061538
-5.388034
-3.656166
-1.635653
-2.116728
-1.347009
1.731868
6.157753
5.003175
3.848596
5.291819
5.580464
7.985836
12.989011
13.566300
13.758730
12.026862
10.391209
8.466911
9.236630
10.968498
9.332845
5.484249
3.848596
0.865934
0.481074
-0.192430
1.347009
1.250794
0.769719
-2.501587
-6.446398
-8.755556
-10.294994
-7.312332
-0.192430
4.233455
5.003175
3.175092
-1.924298
-1.635653
0.192430
2.309158
6.831258
5.580464
3.078877
-2.020513
-6.446398
-6.831258
-2.886447
1.443223
3.656166
5.484249
4.522100
4.425885
7.600977
10.198779
14.432234
17.607326
14.817094
9.813919
5.388034
3.463736
5.003175
7.216117
8.178266
5.195604
-0.865934
-7.119902
-9.044200
-9.044200
-7.216117
-1.635653
1.635653
0.000000
-3.944811
-9.813919
-14.239805
-13.470085
-12.507937
-13.758730
-12.219292
-13.470085
-13.854945
-15.201954
-12.219292
-9.910134
-8.563126
-8.466911
-7.119902
-7.697192
-9.717705
-12.892796
-12.507937
-13.662515
-12.892796
-5.484249
0.288645
3.656166
6.831258
5.580464
3.271306
5.484249
10.679853
14.336020
15.971673
16.933822
19.050549
18.954335
18.569475
18.858120
16.933822
16.741392
16.452747
13.854945
12.315507
12.604151
12.604151
11.545788
11.930647
8.274481
5.580464
5.195604
3.752381
4.618315
-2.501587
7.023687
6.735043
4.810745
2.501587
-0.769719
-0.096215
-0.481074
-0.384860
1.731868
1.539438
-0.192430
-2.982662
-7.216117
-18.569475
-12.700366
-12.507937
-9.140415
-6.061538
-5.195604
-6.735043
-7.697192
-7.889621
-8.947985
-5.484249
-5.580464
-4.329670
-1.924298
1.058364
5.388034
7.985836
11.064713
12.507937
13.758730
10.198779
6.253968
1.539438
-3.271306
-4.137241
-3.463736
-2.694017
-2.309158
1.154579
3.944811
5.484249
7.600977
8.755556
8.851770
5.195604
0.673504
-5.580464
-9.717705
-14.143590
-17.222466
-17.799756
-16.164103
-14.143590
-11.834432
-11.545788
-8.563126
-8.370696
-10.198779
-8.370696
-5.869109
-2.501587
-0.096215
1.347009
4.137241
3.078877
0.962149
0.962149
2.694017
5.291819
1.154579
7.119902
8.082051
10.198779
11.064713
9.621490
7.312332
6.350183
6.350183
4.714530
4.233455
-0.192430
-0.673504
-2.501587
-1.731868
-1.154579
-1.347009
-2.020513
-0.481074
-4.906960
-7.408547
-10.294994
-16.548962
-17.799756
-15.683028
-14.720879
-13.373871
-13.277656
-14.720879
-14.336020
-15.683028
-15.586813
-12.604151
-12.604151
-10.872283
-11.738217
-9.813919
-7.408547
-6.061538
-7.216117
-6.542613
-10.872283
-5.099389
-5.676679
-5.099389
-5.580464
-2.212943
-0.481074
1.731868
3.175092
5.195604
4.522100
3.656166
3.175092
4.425885
8.082051
10.198779
10.968498
13.758730
17.703541
19.916484
19.820269
20.686203
22.995360
29.441758
34.252503
36.465446
33.771429
30.211477
24.053724
17.318681
14.720879
15.779243
19.242979
22.418071
22.225641
23.668864
19.820269
17.511111
16.933822
16.741392
15.490598
15.105739
12.123077
10.391209
7.504762
3.656166
-2.309158
-7.023687
-10.776068
-13.181441
-10.776068
-7.504762
-6.157753
-6.927473
-8.370696
-8.082051
-6.831258
-3.848596
-3.752381
-5.869109
-3.656166
-4.329670
2.886447
5.676679
6.446398
4.233455
3.752381
5.580464
4.041026
1.347009
1.539438
2.116728
1.828083
2.212943
3.848596
4.041026
3.463736
1.250794
1.154579
0.769719
-0.962149
-0.481074
-0.865934
-6.061538
-10.198779
-11.738217
-10.968498
-13.951160
-7.119902
-8.466911
-10.391209
-11.545788
-7.504762
-2.886447
-0.673504
2.597802
3.848596
2.020513
-0.384860
-4.041026
-7.312332
-6.061538
-3.078877
-1.539438
0.192430
1.539438
4.137241
