7.889621
10.198779
11.064713
12.026862
14.047375
14.817094
14.336020
11.545788
10.294994
10.776068
10.776068
9.910134
7.889621
2.116728
-1.443223
-2.790232
-5.291819
-2.982662
0.481074
2.116728
3.752381
4.522100
3.752381
3.463736
1.058364
-0.769719
-1.924298
-0.577289
1.539438
1.154579
-1.250794
-1.635653
-2.694017
-6.350183
-11.353358
-14.817094
-13.854945
-13.566300
-15.298168
-14.239805
-12.123077
-12.796581
-10.294994
-6.638828
-7.408547
-8.178266
-6.927473
-8.755556
-11.257143
-13.085226
-13.277656
-12.892796
-9.044200
-5.484249
-4.425885
-9.525275
-13.373871
-17.992186
-19.724054
-20.205128
-17.607326
-12.989011
-11.160928
-11.738217
-13.470085
-11.930647
-12.315507
-9.525275
-8.755556
-8.851770
-13.662515
-13.470085
-12.026862
-9.429060
-10.679853
-2.886447
1.058364
-0.288645
-2.405372
-3.078877
-4.425885
-1.635653
1.058364
2.405372
2.501587
1.250794
0.865934
3.078877
4.906960
7.793407
8.659341
6.542613
4.041026
3.078877
4.714530
5.388034
5.676679
6.253968
5.388034
2.597802
2.405372
3.367521
1.154579
2.790232
1.347009
0.000000
-1.635653
-3.078877
-4.714530
-7.697192
-10.198779
-11.449573
-10.776068
-8.947985
-7.793407
-5.099389
-5.388034
-5.291819
-4.233455
-4.522100
-1.058364
-2.020513
-0.673504
0.481074
0.769719
2.982662
6.831258
8.370696
7.119902
5.965324
5.003175
3.848596
2.501587
4.522100
5.580464
6.542613
7.985836
10.776068
13.277656
16.164103
17.992186
19.916484
20.782418
19.627839
16.837607
11.642002
17.222466
17.895971
18.858120
18.858120
17.992186
16.067888
13.951160
12.123077
10.294994
9.429060
12.989011
13.854945
15.683028
14.624664
12.219292
10.294994
9.236630
6.061538
3.848596
4.618315
2.982662
0.673504
-4.425885
-8.659341
-13.277656
-16.548962
-19.531624
-20.878632
-18.088400
-17.895971
-16.356532
-16.260317
-16.067888
-15.875458
-12.700366
-12.411722
-10.583639
-8.947985
-6.157753
-6.061538
-2.694017
-0.288645
2.982662
4.618315
0.865934
7.889621
8.178266
4.714530
0.673504
-5.965324
-7.119902
-5.580464
-2.309158
1.250794
6.446398
5.869109
5.676679
0.769719
-3.078877
-6.735043
-9.044200
-13.277656
-13.277656
-13.854945
-11.834432
-11.449573
-7.023687
-2.309158
-0.673504
0.962149
-0.962149
-0.192430
2.790232
5.869109
7.793407
8.947985
8.659341
6.157753
4.233455
2.020513
0.481074
2.020513
2.982662
3.271306
2.790232
3.078877
1.924298
-2.790232
-8.274481
-14.432234
-18.761905
-22.321856
-23.091575
-25.112088
-24.342369
-23.476435
-21.167277
-19.627839
-18.280830
-16.645177
-15.586813
-10.583639
-7.793407
-4.041026
-2.886447
-1.058364
-1.539438
-2.501587
-4.425885
-4.618315
-5.772894
-6.542613
-5.195604
-2.982662
-2.597802
-4.041026
-5.965324
-6.061538
-6.350183
-7.216117
-9.236630
-9.525275
-9.044200
-8.274481
-7.312332
-5.003175
-4.810745
-3.271306
-2.212943
-0.384860
0.192430
1.058364
-1.924298
-3.367521
-4.906960
-4.618315
-0.577289
2.982662
6.350183
7.408547
7.793407
6.831258
7.504762
9.910134
11.257143
14.239805
11.930647
11.545788
12.411722
14.817094
17.222466
20.301343
21.840781
21.552137
22.033211
22.129426
22.514286
20.686203
17.895971
17.126252
16.164103
15.490598
16.837607
17.030037
15.971673
16.356532
17.511111
15.201954
13.566300
14.624664
16.933822
15.971673
15.971673
15.779243
13.854945
13.277656
14.817094
14.239805
15.490598
18.473260
18.088400
19.435409
20.589988
22.129426
23.380220
25.112088
25.400733
25.208303
24.149939
22.514286
17.318681
14.047375
13.181441
8.947985
10.198779
10.872283
13.085226
12.026862
10.198779
6.253968
2.212943
-1.539438
-4.233455
-6.735043
-8.466911
-10.198779
-10.294994
-8.178266
-7.312332
-8.178266
-5.484249
-5.003175
-1.924298
-0.577289
2.886447
4.522100
4.906960
3.752381
4.618315
4.233455
4.618315
4.233455
4.233455
4.329670
4.810745
2.405372
3.463736
1.635653
0.673504
-2.020513
-8.274481
-1.250794
-4.137241
-7.023687
-10.872283
-14.817094
-14.143590
-14.432234
-14.143590
-11.545788
-10.102564
-8.178266
-7.697192
-8.274481
-7.600977
-5.580464
-2.694017
-0.384860
2.020513
1.443223
4.329670
5.484249
8.178266
8.178266
5.291819
3.078877
0.962149
-1.250794
-2.405372
-3.559951
-4.522100
-3.752381
-7.312332
-8.178266
-10.102564
-14.047375
-14.432234
-14.528449
-13.662515
-12.219292
-9.621490
-9.044200
-11.738217
-10.102564
-9.236630
-11.257143
-12.411722
-13.373871
-13.854945
-13.662515
-13.662515
-15.490598
-18.088400
-17.318681
-18.280830
-17.318681
-17.607326
-13.181441
-10.391209
-6.831258
-3.271306
-3.463736
-3.367521
-3.848596
-4.137241
-6.350183
-4.329670
-4.522100
-5.195604
-4.137241
-5.772894
-3.752381
-7.119902
-11.545788
-14.720879
-14.817094
-12.892796
-10.487424
-8.755556
-10.391209
-9.717705
-10.102564
-8.466911
-4.137241
-3.078877
-2.116728
-5.195604
-6.350183
-3.944811
-2.694017
-0.288645
-0.769719
-6.061538
-7.312332
-8.851770
-8.178266
-8.659341
-4.425885
-3.367521
-1.731868
-1.347009
-3.271306
-4.906960
-5.676679
-6.831258
-4.522100
-4.906960
-3.656166
-2.597802
-0.288645
0.384860
1.250794
3.078877
-2.116728
5.291819
6.061538
7.793407
9.910134
13.758730
16.741392
19.339194
18.954335
15.683028
12.796581
11.160928
12.026862
12.989011
12.411722
10.776068
10.583639
8.466911
4.618315
2.309158
4.714530
7.793407
13.085226
15.875458
15.683028
12.604151
8.659341
8.755556
11.642002
13.854945
15.490598
15.298168
14.047375
10.968498
10.776068
12.989011
15.105739
17.126252
15.683028
13.662515
11.834432
9.525275
7.312332
3.656166
3.271306
1.828083
-0.865934
-5.291819
-4.714530
-2.982662
0.192430
5.772894
6.253968
5.965324
8.755556
10.776068
12.892796
14.913309
17.318681
19.050549
15.298168
3.752381
8.851770
8.659341
10.679853
13.854945
15.394383
10.006349
4.137241
0.577289
1.058364
3.367521
3.656166
1.635653
-1.924298
-8.466911
-10.487424
-12.026862
-5.291819
-3.463736
-5.388034
-13.758730
-22.899145
-28.287179
-27.806105
-24.823443
-16.645177
-11.160928
-10.198779
-11.449573
-12.411722
-11.642002
-11.257143
-9.429060
-6.157753
-9.621490
-16.933822
-20.493773
-18.569475
-14.817094
-7.600977
-3.848596
-3.559951
-8.466911
-12.989011
-14.047375
-13.758730
-15.875458
-15.875458
-14.143590
-13.758730
-15.201954
-15.298168
-15.586813
-13.951160
-10.102564
-11.449573
-12.507937
-14.432234
-14.624664
-12.700366
-10.102564
-7.793407
-6.542613
-5.869109
-10.487424
-11.257143
-10.006349
-8.755556
-7.889621
-7.889621
-5.676679
-5.869109
-5.676679
-6.157753
-4.810745
-5.099389
-3.752381
-1.250794
1.635653
5.003175
9.236630
15.105739
21.071062
23.572650
26.170452
28.864469
27.709890
25.208303
23.380220
20.782418
18.473260
14.720879
10.776068
6.350183
5.772894
1.924298
-0.288645
-1.924298
-5.676679
-10.198779
-12.892796
-15.298168
-16.067888
-15.201954
-12.700366
-10.583639
-8.370696
-8.466911
-8.178266
-6.927473
-4.714530
-5.099389
-6.350183
-7.504762
-9.717705
-10.968498
-12.892796
-15.971673
-18.569475
-21.167277
-21.936996
-21.840781
-17.222466
-16.164103
-16.067888
-17.222466
-16.260317
-13.662515
-10.968498
-7.793407
-4.522100
-5.099389
-4.714530
-3.656166
-0.865934
0.481074
-0.673504
-2.597802
-3.752381
-5.003175
-2.116728
3.656166
9.910134
13.373871
12.411722
11.064713
10.583639
1.347009
13.085226
12.796581
12.411722
9.910134
5.965324
2.020513
-1.347009
-2.886447
-2.212943
-5.291819
-6.638828
-8.659341
-9.332845
-6.831258
-4.906960
-2.982662
-0.962149
-2.116728
-3.752381
-3.078877
-2.020513
-1.058364
0.000000
2.597802
2.694017
4.329670
5.291819
6.157753
7.985836
10.776068
12.411722
14.432234
16.933822
19.724054
21.167277
20.301343
18.954335
18.858120
17.318681
16.548962
14.143590
11.064713
10.679853
11.353358
11.449573
11.642002
10.679853
11.642002
12.219292
13.085226
14.720879
15.779243
16.356532
19.627839
20.301343
14.720879
20.589988
18.569475
15.779243
11.930647
8.659341
6.253968
3.752381
2.694017
0.577289
-0.192430
-1.924298
-1.058364
-1.731868
-3.559951
-3.271306
-3.271306
-2.212943
-2.694017
-2.501587
-2.212943
-1.828083
0.577289
2.982662
6.446398
6.831258
9.332845
11.353358
10.968498
13.373871
14.143590
17.607326
18.761905
18.569475
20.878632
20.493773
20.012698
21.359707
20.589988
19.339194
16.837607
17.607326
17.318681
20.782418
18.184615
15.683028
13.951160
10.391209
7.504762
8.466911
9.332845
9.044200
9.140415
10.102564
9.525275
9.332845
6.542613
6.735043
6.446398
7.793407
7.600977
6.831258
6.831258
5.388034
4.618315
5.484249
5.099389
4.714530
4.137241
2.886447
2.020513
1.635653
1.250794
1.058364
2.405372
-0.288645
-3.752381
-3.752381
-6.831258
-11.738217
-9.140415
-7.889621
-8.178266
-8.082051
-8.466911
-8.466911
-8.947985
-10.006349
-8.659341
-10.198779
-9.910134
-7.408547
-8.851770
-10.776068
-12.026862
-14.239805
-14.239805
-13.277656
-15.394383
-15.009524
-11.642002
-9.332845
-6.735043
-3.752381
-4.233455
-3.367521
-4.425885
-5.291819
-3.271306
-2.212943
-2.405372
-0.481074
-3.559951
-5.965324
-7.216117
-7.985836
-8.370696
-8.947985
-9.717705
-9.236630
-8.659341
-8.082051
-7.985836
-8.466911
-8.466911
-10.102564
-9.717705
-7.023687
-6.157753
-3.944811
-2.405372
-1.924298
-1.731868
-3.463736
-1.058364
1.443223
4.137241
7.216117
7.408547
6.831258
5.580464
7.408547
9.813919
13.470085
15.779243
13.085226
9.910134
5.580464
3.656166
5.291819
4.810745
3.656166
4.329670
2.020513
-1.635653
-3.078877
-0.096215
3.271306
5.099389
6.157753
2.886447
-1.443223
-3.848596
-6.061538
-7.119902
-5.388034
-2.790232
-2.116728
-2.886447
-5.388034
-9.044200
-8.659341
-8.370696
-11.642002
-15.971673
-19.146764
-17.318681
-17.222466
-17.992186
-20.012698
-20.686203
-21.744567
-23.957509
-23.861294
-22.610501
-24.342369
-25.881807
-26.266667
-27.132601
-30.981197
-33.194139
-33.771429
-32.905495
-30.596337
-29.153114
-25.304518
-22.802930
-19.435409
-14.913309
-11.545788
-8.082051
-9.429060
-11.545788
-13.277656
-9.332845
-8.178266
-4.810745
-1.058364
2.309158
3.078877
2.116728
3.656166
3.367521
2.212943
2.212943
4.329670
6.446398
5.484249
3.078877
0.000000
1.924298
2.982662
6.638828
11.160928
16.067888
19.435409
20.686203
20.589988
21.552137
21.552137
22.321856
24.631013
22.610501
19.724054
16.548962
14.336020
14.239805
15.298168
17.318681
18.184615
13.854945
9.236630
6.061538
6.446398
9.429060
10.968498
10.872283
8.466911
5.676679
4.810745
5.676679
7.504762
10.968498
14.143590
15.201954
16.356532
16.933822
16.356532
16.645177
17.799756
21.455922
22.995360
21.455922
20.589988
17.799756
17.511111
19.627839
18.088400
15.586813
13.566300
8.563126
4.041026
-0.481074
-2.501587
-1.058364
1.635653
5.388034
4.714530
0.192430
-1.250794
-3.367521
-4.618315
-4.137241
-2.020513
-4.425885
-11.353358
-16.548962
-21.359707
-24.342369
-27.613675
-26.362882
-25.208303
-24.919658
-21.552137
-21.071062
-18.377045
-16.933822
-16.933822
-14.528449
-8.563126
-5.291819
0.000000
1.347009
1.828083
2.116728
2.309158
2.116728
1.058364
-1.154579
-2.020513
-2.597802
-3.367521
-3.271306
-1.635653
-2.116728
0.769719
0.000000
-1.250794
0.288645
2.501587
4.137241
5.580464
6.061538
5.580464
4.041026
2.405372
6.350183
9.140415
10.391209
9.140415
9.813919
9.525275
5.772894
4.618315
2.886447
-1.539438
-4.810745
-5.580464
-8.563126
-7.023687
-7.697192
-5.291819
-4.137241
-3.078877
-3.463736
-3.078877
-1.058364
0.962149
4.041026
8.370696
11.545788
12.507937
14.817094
12.219292
9.621490
7.312332
7.216117
6.735043
6.638828
8.082051
7.697192
11.257143
11.545788
12.989011
12.123077
13.566300
15.971673
15.201954
15.875458
14.624664
12.507937
10.679853
7.985836
5.869109
3.848596
3.367521
0.481074
-1.154579
-1.443223
-1.731868
-4.425885
-6.061538
-2.501587
-1.443223
-1.635653
-1.731868
-0.384860
4.329670
10.006349
13.854945
14.817094
18.761905
18.858120
26.266667
28.383394
29.634188
27.998535
24.919658
22.706716
18.761905
18.377045
18.280830
17.414896
12.315507
6.542613
-0.384860
-5.580464
-7.119902
-7.793407
-7.119902
-8.370696
-11.449573
-14.432234
-15.490598
-16.067888
-16.933822
-16.741392
-17.992186
-19.916484
-16.164103
-13.662515
-13.181441
-14.720879
-16.260317
-17.222466
-17.126252
-16.741392
-17.895971
-25.785592
-35.984371
-43.008059
-46.856654
-47.530159
-45.028571
-40.987546
-36.176801
-33.386569
-31.558486
-36.754090
-28.768254
-23.187790
-17.703541
-16.067888
-13.854945
-14.624664
-18.473260
-20.012698
-17.703541
-16.933822
-15.779243
-16.356532
-17.318681
-16.260317
-15.683028
-14.913309
-14.047375
-15.298168
-17.895971
-21.263492
-25.593162
-29.056899
-30.884982
-30.500122
-32.231990
-31.847131
-30.981197
-30.403907
-27.806105
-23.861294
-21.648352
-19.050549
-15.298168
-11.257143
-10.102564
-7.985836
-7.889621
-6.350183
-2.982662
-0.384860
2.020513
6.638828
8.851770
9.910134
7.985836
12.989011
12.989011
12.989011
17.126252
19.339194
20.878632
20.974847
20.974847
21.167277
21.167277
22.225641
23.091575
25.208303
24.823443
24.534799
24.631013
24.823443
23.668864
21.744567
21.167277
25.978022
28.094750
34.733578
40.698901
44.547497
48.780952
51.667399
51.378755
51.090110
49.935531
51.571184
52.148474
52.629548
52.244689
52.821978
50.224176
47.722589
46.375580
42.719414
40.025397
39.544322
39.448107
38.101099
36.176801
34.252503
29.441758
25.015873
20.493773
16.452747
13.662515
10.872283
7.408547
5.965324
5.003175
2.501587
-0.096215
-1.443223
-1.731868
-3.463736
-5.291819
-6.446398
-10.583639
-12.796581
-16.164103
-16.548962
-18.088400
-17.222466
-16.356532
-10.487424
-7.023687
-5.388034
-6.350183
-9.332845
-12.892796
-13.951160
-14.143590
-12.507937
-13.566300
-14.913309
-15.779243
-18.665690
-21.936996
-20.782418
-17.992186
-17.992186
-18.569475
-19.050549
-19.916484
-22.033211
-26.074237
-28.383394
-27.613675
-24.053724
-20.974847
-18.954335
-17.992186
-16.645177
-15.490598
-15.298168
-19.627839
-21.552137
-22.899145
-22.995360
-21.648352
-18.569475
-17.414896
-17.030037
-18.280830
-19.146764
-21.071062
-22.514286
-21.936996
-20.878632
-22.706716
-21.936996
-19.435409
-15.394383
-11.160928
-7.697192
-5.772894
-1.828083
-1.539438
-3.367521
-5.003175
-5.195604
-1.250794
2.212943
7.119902
10.776068
14.432234
18.858120
19.050549
20.108913
21.840781
23.957509
25.208303
23.668864
23.668864
22.418071
14.047375
17.703541
17.703541
19.820269
21.167277
18.954335
14.817094
9.813919
3.752381
3.848596
5.772894
7.408547
8.370696
8.563126
6.638828
1.828083
-4.425885
-3.463736
-0.192430
1.924298
-0.769719
-2.597802
-6.061538
-8.947985
-6.542613
-4.137241
-2.886447
-4.425885
-9.332845
-11.834432
-15.105739
-17.895971
-21.263492
-23.187790
-23.284005
-23.380220
-24.631013
-22.802930
-20.493773
-19.435409
-17.607326
-14.143590
-12.411722
-13.373871
-12.411722
-10.294994
-7.985836
-5.772894
-6.446398
-6.542613
-6.927473
-6.157753
-3.367521
-1.828083
0.481074
2.405372
4.906960
5.388034
3.752381
3.175092
6.157753
7.119902
5.869109
7.216117
7.985836
11.160928
11.642002
15.875458
19.531624
21.167277
20.493773
18.088400
17.992186
17.414896
15.394383
15.009524
14.432234
14.432234
16.164103
15.586813
16.356532
17.222466
18.761905
20.012698
18.377045
16.356532
14.624664
13.181441
13.373871
14.336020
12.989011
13.277656
14.817094
11.738217
8.178266
4.810745
2.790232
-0.192430
-0.865934
-1.731868
-2.212943
-1.924298
-3.463736
-4.522100
-4.714530
-2.790232
-1.154579
1.154579
3.752381
7.312332
7.985836
7.504762
5.965324
5.099389
3.078877
2.212943
1.154579
-0.192430
-1.828083
-2.212943
-2.886447
-1.250794
-5.676679
-2.501587
-2.116728
-1.443223
-1.828083
-2.501587
-0.481074
1.154579
5.195604
7.697192
8.851770
10.391209
11.834432
13.277656
14.047375
10.391209
4.522100
-2.886447
-9.332845
-13.181441
-16.741392
-17.030037
-17.030037
-15.298168
-11.834432
-6.542613
-4.233455
-3.175092
-3.175092
-4.137241
-8.659341
-9.813919
-10.968498
-11.834432
-13.085226
-12.892796
-12.507937
-11.738217
-7.600977
-4.329670
-4.041026
-4.714530
-4.810745
-3.463736
0.288645
3.175092
3.752381
1.250794
-2.116728
-8.082051
-11.449573
-14.720879
-12.700366
-10.776068
-7.985836
-8.755556
-7.697192
-8.755556
-8.178266
-5.676679
-4.137241
-5.676679
-8.851770
-16.164103
-20.205128
-21.263492
-18.280830
-14.528449
-11.257143
-13.470085
-14.528449
-16.645177
-17.607326
-16.548962
-14.336020
-14.624664
-15.105739
-16.741392
-18.377045
-19.146764
-16.837607
-16.067888
-16.452747
-17.030037
-18.665690
-19.242979
-17.414896
-15.105739
-11.642002
-9.429060
-10.872283
-9.910134
-6.253968
-4.522100
-1.347009
0.673504
2.982662
3.848596
3.944811
2.790232
3.078877
1.539438
3.175092
4.233455
3.559951
5.869109
4.522100
4.425885
3.367521
5.099389
5.965324
6.350183
2.886447
2.212943
1.635653
3.656166
6.253968
10.487424
12.026862
11.353358
10.006349
11.160928
9.429060
10.391209
10.679853
12.315507
12.315507
10.679853
8.563126
6.350183
4.618315
5.965324
7.504762
8.178266
11.545788
15.105739
16.452747
17.703541
17.511111
17.895971
17.414896
15.201954
15.298168
13.758730
13.373871
14.239805
11.545788
13.470085
11.738217
8.466911
7.504762
7.985836
7.697192
6.638828
7.985836
8.563126
8.659341
8.659341
9.525275
8.274481
8.755556
4.618315
3.944811
-0.384860
-2.020513
-2.790232
-2.116728
-1.443223
-2.212943
-2.694017
-2.694017
-3.175092
-2.886447
-2.309158
-1.058364
-0.673504
-1.828083
-3.367521
-4.906960
-4.618315
-3.944811
-5.580464
-5.580464
-4.906960
-4.522100
-6.061538
-7.697192
-9.044200
-7.889621
-10.102564
-10.776068
-10.776068
-7.119902
-2.790232
-0.673504
2.790232
3.367521
2.309158
2.116728
1.924298
4.522100
6.157753
5.965324
5.291819
3.078877
0.769719
-0.288645
1.058364
1.058364
1.443223
2.212943
0.000000
-0.096215
-4.137241
1.058364
2.790232
3.656166
5.676679
7.119902
7.119902
6.542613
3.848596
1.731868
3.656166
4.906960
6.831258
5.484249
5.099389
3.078877
4.137241
6.735043
5.580464
5.869109
5.291819
5.291819
6.157753
4.329670
5.388034
4.522100
3.752381
3.367521
4.522100
3.752381
2.982662
-1.058364
-3.175092
-6.735043
-6.831258
-6.157753
-9.525275
-9.813919
-10.583639
-11.353358
-11.064713
-10.294994
-11.353358
-12.411722
-9.044200
-8.466911
-7.023687
-3.559951
-3.078877
-3.175092
1.347009
0.288645
0.000000
-5.195604
-6.927473
-10.679853
-13.854945
-13.758730
-13.277656
-12.026862
-10.102564
-6.253968
-2.790232
-1.635653
-0.192430
1.924298
2.309158
1.828083
4.329670
5.291819
7.312332
9.044200
8.851770
10.294994
13.085226
15.298168
15.586813
17.992186
15.201954
13.566300
12.700366
8.563126
4.041026
-0.288645
-2.116728
-4.714530
-7.408547
-11.353358
-11.449573
-13.566300
-22.802930
-11.834432
-7.216117
-5.388034
-3.367521
-2.886447
-1.347009
-2.405372
-5.003175
-5.099389
-3.656166
-2.982662
-2.405372
-2.597802
-3.752381
-1.828083
-0.769719
-2.212943
-2.501587
0.096215
1.731868
4.906960
7.312332
9.332845
11.257143
11.930647
11.064713
7.408547
3.656166
-1.443223
-5.965324
-7.889621
-8.563126
-11.642002
-12.700366
-13.277656
-14.913309
-12.892796
-14.528449
-11.738217
-11.353358
-10.487424
-10.968498
-9.429060
-7.793407
-8.947985
-8.178266
-7.504762
-7.793407
-8.274481
-7.793407
-6.350183
-4.714530
-4.041026
-2.694017
-0.481074
0.384860
-7.504762
-1.539438
-5.388034
-8.659341
-9.525275
-12.219292
-11.545788
-12.315507
-9.621490
-7.408547
-5.195604
-2.405372
-2.790232
-3.944811
-6.253968
-6.735043
-3.367521
-2.694017
-0.288645
-6.157753
7.023687
9.332845
10.968498
10.968498
11.160928
8.851770
8.274481
7.889621
7.985836
8.755556
11.064713
9.621490
10.487424
9.236630
9.236630
6.638828
6.638828
5.484249
3.463736
2.116728
1.154579
-0.577289
-1.154579
-1.828083
-1.635653
0.481074
3.752381
4.714530
5.099389
4.618315
6.831258
7.697192
11.738217
12.219292
10.776068
8.851770
7.600977
5.003175
5.580464
5.003175
6.061538
2.790232
0.000000
-3.078877
-4.137241
-0.769719
2.116728
2.212943
-2.116728
-9.332845
-11.257143
-14.336020
-14.143590
-11.930647
-8.274481
-2.501587
-1.058364
-3.944811
-3.944811
-2.309158
2.790232
8.082051
9.044200
3.656166
-4.906960
-11.642002
-15.009524
-15.490598
-16.741392
-15.779243
-11.257143
-12.123077
-13.470085
-17.511111
-10.679853
-4.714530
5.195604
8.755556
7.504762
1.828083
-3.271306
-7.119902
-6.927473
-1.443223
3.463736
2.597802
0.481074
-0.577289
0.577289
1.731868
3.175092
6.446398
9.332845
9.621490
6.927473
4.906960
4.714530
5.965324
9.621490
12.411722
10.776068
8.851770
5.580464
2.405372
1.154579
-0.288645
2.790232
6.446398
10.487424
12.989011
14.047375
13.758730
12.411722
14.143590
17.222466
18.184615
20.589988
21.455922
21.455922
22.225641
19.627839
18.088400
