11.100611
12.456410
5.931624
8.643223
3.304762
0.677900
-1.440537
-0.762637
0.084737
0.169475
0.932112
-1.779487
-5.677411
-8.473748
-8.050061
-3.474237
-2.965812
1.016850
0.084737
-1.694750
-5.084249
-7.965324
-11.524298
-12.117460
-10.422711
-5.677411
-3.135287
-3.135287
-6.863736
-8.558486
-9.236386
-4.236874
-1.948962
-0.169475
0.762637
-0.423687
-2.203175
-1.694750
-3.050549
-2.796337
-1.186325
2.796337
-0.593162
-2.881074
-7.541636
-7.541636
-12.456410
-12.371673
-13.981685
-8.219536
-6.185836
-8.134799
-10.676923
-10.846398
-9.914286
-5.762149
-4.999512
-4.236874
-5.762149
-6.863736
-8.134799
-7.456899
-6.355311
-1.355800
1.779487
7.372161
6.609524
11.270085
1.948962
6.524786
3.474237
3.135287
1.186325
2.881074
2.542125
4.067399
4.236874
5.423199
5.592674
7.880586
6.778999
9.405861
6.101099
8.389011
7.541636
8.304274
5.592674
7.795849
5.762149
8.897436
7.541636
10.761661
9.490598
12.286935
10.168498
12.117460
10.761661
12.371673
8.643223
10.253236
4.067399
4.660562
0.338950
2.542125
4.236874
5.084249
5.423199
4.152137
-1.271062
-0.254212
-1.101587
1.101587
-1.864225
1.271062
0.593162
1.271062
-4.406349
-1.694750
-5.168987
0.932112
1.101587
1.864225
-1.864225
-3.220024
-8.134799
-5.168987
-8.558486
-4.914774
-7.372161
-4.152137
-7.033211
-5.507937
-6.863736
-2.796337
-0.762637
5.846886
4.660562
8.897436
3.220024
1.948962
-2.711600
-2.287912
-4.321612
1.271062
-2.626862
-1.271062
-4.236874
-5.423199
-12.117460
-8.473748
-11.693773
-8.134799
-9.660073
-4.575824
-5.423199
-1.355800
-1.355800
3.643712
4.236874
9.236386
8.812698
12.880098
13.727473
17.964347
16.608547
19.574359
18.388034
17.879609
11.609035
11.863248
6.016361
6.524786
3.135287
3.304762
1.440537
5.592674
5.931624
5.677411
13.981685
17.879609
12.625885
7.880586
2.711600
3.558974
1.016850
1.694750
-0.169475
4.406349
1.440537
2.287912
-0.423687
-1.186325
-5.592674
-5.507937
-8.304274
-9.914286
-12.880098
-9.236386
-11.693773
-7.117949
-5.931624
-1.779487
-0.423687
2.457387
2.372650
4.914774
5.253724
11.947985
6.948474
19.150672
16.608547
14.574847
11.524298
5.846886
-2.711600
-8.304274
-16.100122
-20.252259
-25.251770
-27.793895
-32.962882
-33.556044
-33.471306
-30.166545
-31.013919
-28.471795
-29.742857
-25.251770
-24.997558
-18.388034
-14.235897
-5.507937
-3.558974
-2.287912
-4.830037
-7.795849
-11.185348
-10.253236
-8.982173
-5.423199
-3.304762
-1.016850
-3.643712
3.050549
5.338462
14.744322
16.608547
24.065446
24.404396
25.505983
21.523321
25.251770
24.573871
30.081807
30.336020
32.708669
31.691819
34.149206
32.623932
34.403419
31.776557
33.725519
31.776557
30.251282
26.183883
23.218071
15.422222
12.032723
6.609524
3.050549
-3.813187
-7.117949
-12.964835
-13.134310
-15.676435
-15.676435
-17.540659
-15.676435
-17.710134
-19.489621
-20.760684
-18.133822
-17.286447
-11.609035
-14.235897
-12.625885
-16.693284
-17.032234
-18.811722
-17.625397
-18.557509
-15.506960
-16.778022
-17.032234
-19.743834
-17.455922
-17.201709
-15.252747
-18.303297
-18.218559
-19.404884
-21.947009
-22.879121
-22.031746
-20.421734
-16.778022
-16.354335
-11.863248
-10.337973
-6.270574
-9.066911
-9.575336
-9.490598
-4.745299
-2.118437
0.423687
0.000000
3.643712
3.813187
5.677411
5.931624
10.931136
12.117460
16.100122
18.388034
19.659096
15.761172
13.388523
9.066911
7.117949
6.185836
9.575336
8.219536
8.558486
7.372161
9.236386
9.575336
14.659585
14.659585
14.405372
8.219536
7.117949
3.220024
3.558974
1.779487
4.406349
3.389499
4.999512
0.677900
0.254212
-0.932112
1.525275
2.372650
4.067399
1.864225
2.203175
1.355800
4.067399
1.101587
3.474237
-0.677900
0.169475
-0.338950
0.847375
0.847375
4.575824
3.728449
6.185836
6.778999
11.524298
7.117949
4.660562
2.457387
0.338950
-2.033700
-0.762637
0.338950
5.931624
6.185836
8.643223
2.711600
3.135287
-2.033700
2.965812
4.745299
5.253724
0.508425
-0.084737
-6.270574
-7.117949
-11.778510
-8.219536
-10.507448
-9.999023
-11.863248
-10.931136
-15.930647
-11.015873
-9.321123
-4.406349
-5.507937
-2.796337
-5.846886
-7.117949
-11.270085
-9.829548
-12.964835
-13.981685
-14.235897
-12.286935
-15.930647
-16.439072
-14.913797
-10.676923
-11.609035
-9.405861
-11.693773
-11.270085
-15.591697
-13.388523
-10.676923
-4.745299
-4.152137
-1.271062
0.254212
3.813187
4.830037
8.982173
6.185836
7.287424
7.372161
8.982173
6.863736
8.643223
7.541636
8.219536
9.490598
10.931136
12.032723
14.659585
10.337973
8.812698
6.948474
3.389499
-0.423687
1.186325
-2.796337
-2.881074
-3.220024
-0.338950
-3.728449
-6.524786
-13.896947
-14.574847
-16.523810
-15.168010
-22.201221
-14.998535
-17.455922
-18.981197
-23.218071
-18.981197
-19.404884
-17.879609
-18.981197
-14.829060
-11.778510
-11.270085
-12.286935
-12.541148
-14.405372
-15.422222
-13.727473
-9.999023
-6.524786
1.610012
2.626862
5.592674
4.067399
6.185836
3.728449
3.220024
2.881074
5.338462
6.948474
8.897436
7.541636
6.863736
1.948962
-0.423687
-3.728449
-2.287912
-2.881074
-1.525275
-2.626862
-3.050549
-2.626862
-4.745299
-7.033211
-2.118437
0.423687
2.457387
3.813187
0.508425
2.372650
3.558974
5.592674
9.660073
11.185348
13.049573
13.727473
13.134310
13.981685
15.930647
13.981685
14.066422
11.947985
14.151160
14.659585
15.591697
10.592186
12.286935
15.083272
15.083272
11.270085
6.778999
8.473748
10.083761
8.897436
11.100611
11.524298
14.829060
12.625885
15.591697
13.812210
16.608547
14.405372
17.625397
14.829060
13.727473
9.914286
14.066422
11.609035
12.202198
9.660073
9.490598
7.626374
8.897436
5.423199
4.999512
2.796337
4.745299
2.203175
3.897924
1.101587
1.186325
-0.254212
1.610012
0.508425
2.881074
-0.508425
1.864225
0.677900
3.643712
0.000000
1.948962
-2.796337
0.084737
-2.542125
1.864225
2.203175
5.592674
5.423199
8.982173
6.694261
7.541636
4.406349
7.372161
6.524786
6.863736
3.050549
3.474237
0.169475
0.000000
-1.694750
0.677900
0.508425
1.694750
-4.321612
-3.135287
-6.609524
-2.796337
-4.321612
-2.372650
-2.118437
-0.508425
-3.389499
-3.982662
-7.202686
-1.779487
-0.847375
0.254212
-3.050549
-1.610012
-3.135287
0.084737
1.610012
4.575824
2.457387
4.914774
2.372650
1.694750
-3.220024
-2.457387
-5.677411
-4.152137
-1.948962
-1.440537
-5.592674
-6.609524
-11.693773
-15.761172
-17.794872
-14.405372
-17.201709
-13.981685
-11.778510
-8.558486
-7.795849
-4.575824
-6.524786
-8.558486
-13.642735
-12.710623
-13.557998
-12.202198
-10.676923
-9.321123
-11.524298
-8.982173
-9.405861
-8.558486
-6.778999
-3.389499
-4.152137
-0.254212
-1.694750
-1.948962
-7.287424
-10.253236
-14.405372
-15.337485
-18.642247
-18.557509
-19.743834
-15.761172
-15.676435
-10.846398
-10.846398
-8.389011
-7.202686
-3.982662
-3.474237
-3.728449
-4.067399
-2.457387
-3.728449
-1.694750
-1.864225
-4.067399
-6.355311
-6.440049
-8.558486
-7.795849
-11.185348
-6.355311
-4.660562
-1.271062
-1.186325
-1.016850
-5.677411
-6.440049
-10.676923
-9.321123
-9.575336
-9.066911
-11.947985
-7.626374
-9.829548
-4.236874
-1.694750
0.677900
-0.169475
0.254212
-3.813187
-4.660562
-5.677411
-1.948962
-1.864225
-3.050549
-4.236874
-2.542125
-5.338462
-2.372650
-3.982662
-2.796337
-3.135287
-1.355800
-0.932112
3.220024
3.558974
4.914774
1.355800
2.796337
-0.423687
1.271062
-1.694750
-1.694750
-1.779487
1.101587
1.271062
3.304762
2.626862
4.067399
3.897924
5.423199
3.643712
7.372161
4.575824
3.897924
2.965812
4.914774
2.711600
5.253724
5.253724
5.846886
3.558974
5.677411
2.711600
2.203175
1.864225
5.253724
1.864225
4.406349
-2.287912
6.101099
4.321612
9.066911
6.863736
9.829548
8.050061
7.880586
3.558974
6.355311
5.592674
8.727961
8.982173
14.235897
11.354823
10.507448
6.185836
4.745299
3.389499
-0.593162
-3.728449
-4.236874
-5.846886
-0.932112
0.762637
6.185836
3.728449
5.084249
3.897924
6.185836
3.389499
1.694750
-6.185836
-7.880586
-10.337973
-3.982662
-6.185836
-2.965812
-4.999512
-0.338950
0.084737
4.067399
4.914774
5.168987
3.558974
1.186325
-2.542125
-4.575824
-7.965324
-8.050061
-10.931136
-8.558486
-9.829548
-9.490598
-11.439560
-9.660073
-10.931136
-8.134799
-6.355311
-2.796337
-2.203175
-2.457387
-1.864225
-1.101587
-0.423687
1.016850
1.525275
2.457387
3.982662
4.236874
3.050549
3.474237
1.864225
3.982662
2.372650
2.965812
4.575824
7.541636
8.134799
9.999023
8.050061
8.134799
7.287424
5.931624
2.965812
5.168987
2.796337
2.965812
2.542125
2.542125
-0.423687
-0.593162
-3.304762
-3.897924
-4.745299
-4.067399
-7.372161
-6.185836
-4.236874
-2.796337
-6.863736
-6.016361
-9.321123
-7.965324
-9.066911
-5.084249
-3.982662
-0.932112
-1.694750
-3.220024
-3.220024
-1.355800
-2.881074
-2.626862
-0.847375
3.304762
1.948962
3.728449
2.203175
0.847375
-2.881074
-2.542125
-3.474237
-3.220024
-5.677411
-3.982662
-7.033211
-6.609524
-9.321123
-6.778999
-7.287424
-5.762149
-5.168987
-0.338950
-1.694750
0.932112
-1.864225
2.457387
0.847375
3.304762
-1.355800
-2.796337
-4.830037
-2.711600
-5.168987
-5.423199
-10.761661
-6.101099
-10.337973
-8.219536
-9.151648
-7.372161
-9.151648
-6.609524
-8.219536
-2.542125
-1.610012
2.287912
-0.254212
-0.254212
-1.186325
0.762637
0.254212
3.982662
3.474237
7.711111
4.999512
6.101099
-2.626862
6.948474
4.406349
10.253236
12.117460
14.913797
14.320635
17.032234
15.337485
19.320147
19.574359
22.031746
20.421734
19.574359
16.947497
19.574359
15.591697
16.947497
14.066422
18.472772
12.795360
12.032723
7.880586
9.575336
5.253724
4.999512
0.762637
-1.525275
-9.321123
-13.049573
-20.167521
-18.642247
-21.269109
-18.896459
-19.998046
-16.269597
-16.439072
-12.456410
-13.134310
-11.439560
-12.541148
-11.100611
-15.591697
-13.896947
-19.998046
-19.828571
-23.302808
-19.998046
-21.099634
-14.659585
-12.117460
-10.253236
-14.066422
-13.557998
-16.608547
-12.117460
-10.337973
-1.016850
1.355800
5.931624
0.423687
-2.203175
-8.134799
-9.236386
-8.473748
-3.558974
-5.168987
-6.101099
-13.642735
-15.168010
-19.235409
-16.608547
-12.541148
-4.660562
-4.575824
-1.694750
-6.948474
-7.880586
-9.829548
-1.186325
6.948474
14.490110
14.659585
15.676435
7.626374
8.304274
9.236386
15.337485
21.353846
30.081807
29.234432
28.302320
23.133333
24.319658
23.302808
25.590720
27.285470
34.064469
35.081319
32.454457
28.556532
28.980220
28.471795
29.403907
26.607570
30.674969
29.064957
26.014408
19.065934
14.829060
12.964835
15.506960
15.761172
15.676435
11.863248
12.456410
9.236386
8.727961
9.999023
16.184860
21.947009
27.709158
26.946520
33.386569
30.674969
32.878144
32.454457
37.962393
37.877656
36.437118
33.047619
34.488156
31.437607
28.726007
22.285958
18.049084
14.998535
13.219048
8.134799
5.592674
-0.423687
-3.558974
-7.626374
-7.372161
-12.117460
-10.761661
-9.914286
-10.846398
-17.794872
-17.371184
-26.183883
-19.065934
-21.692796
-18.557509
-21.947009
-26.014408
-30.251282
-27.539683
-26.861783
-23.133333
-25.421245
-25.929670
-32.454457
-33.301832
-36.013431
-31.013919
-30.251282
-25.082295
-25.844933
-25.760195
-28.132845
-29.658120
-34.572894
-34.064469
-36.437118
-31.946032
-31.183394
-30.505495
-34.657631
-34.742369
-36.860806
-30.674969
-26.268620
-16.947497
-9.999023
-9.999023
1.694750
7.880586
6.863736
11.863248
9.321123
11.778510
8.982173
10.083761
5.846886
6.778999
1.440537
-1.101587
-7.711111
-9.660073
-13.219048
-20.082784
-16.523810
-16.608547
-20.082784
-22.540171
-28.471795
-29.149695
-34.657631
-32.369719
-34.657631
-30.505495
-28.895482
-26.014408
-27.793895
-24.065446
-25.590720
-24.658608
-25.082295
-22.624908
-20.760684
-15.761172
-18.388034
-14.744322
-15.761172
-11.100611
-14.574847
-11.778510
-12.710623
-9.999023
-10.253236
-7.033211
-5.423199
-1.355800
0.254212
0.762637
0.169475
2.881074
-0.508425
1.355800
3.813187
7.711111
6.355311
8.982173
9.321123
12.541148
13.388523
18.557509
17.116972
16.015385
14.066422
14.151160
11.609035
14.405372
11.439560
12.710623
11.947985
15.506960
14.320635
15.168010
10.931136
12.710623
16.015385
18.303297
16.693284
17.116972
16.947497
19.489621
18.557509
21.862271
22.879121
22.963858
22.879121
24.658608
21.269109
15.252747
14.829060
12.541148
9.066911
10.931136
9.744811
11.185348
11.270085
10.931136
8.050061
7.965324
6.270574
7.880586
5.084249
3.220024
-2.287912
-1.016850
-2.796337
3.558974
5.507937
6.185836
2.711600
2.033700
0.000000
-0.677900
-3.558974
-2.457387
-6.948474
-8.558486
-10.337973
-12.117460
-10.761661
-6.185836
-5.846886
-3.982662
-4.914774
-4.491087
-2.796337
-2.881074
0.084737
1.271062
1.525275
2.372650
4.067399
7.711111
8.643223
8.134799
7.287424
6.524786
10.676923
11.185348
12.880098
10.168498
8.812698
7.287424
9.066911
9.405861
11.524298
11.693773
17.455922
20.421734
23.895971
23.302808
24.573871
22.794383
25.844933
22.540171
23.811233
21.862271
22.201221
20.167521
19.320147
16.354335
15.422222
9.660073
9.490598
5.677411
6.101099
5.762149
6.694261
4.830037
8.812698
6.694261
7.965324
5.846886
7.626374
4.914774
4.660562
1.525275
3.813187
0.423687
0.000000
-8.812698
-11.524298
-13.896947
-9.660073
-9.660073
-8.304274
-13.388523
-12.625885
-17.371184
-16.354335
-19.828571
-16.100122
-19.659096
-17.964347
-21.438584
-19.065934
-23.218071
-20.167521
-21.862271
-21.523321
-23.811233
-21.184371
-22.285958
-16.354335
-18.133822
-14.405372
-15.506960
-11.185348
-12.286935
-9.066911
-11.185348
-10.337973
-11.693773
-8.897436
-11.439560
-14.405372
-17.116972
-13.812210
-15.930647
-10.761661
-9.914286
-3.728449
-0.932112
5.592674
7.541636
9.490598
9.236386
11.185348
12.456410
15.845910
15.168010
14.829060
12.964835
13.049573
8.219536
6.185836
2.203175
-1.694750
-6.101099
-3.813187
-2.118437
-0.169475
-0.677900
-1.355800
-7.117949
-13.557998
-19.998046
-17.879609
-17.964347
-14.744322
-15.761172
-16.778022
-17.371184
-17.371184
-19.574359
-20.930159
-18.133822
-16.523810
-15.083272
-16.015385
-16.100122
-13.219048
-9.405861
-3.982662
3.558974
11.863248
17.455922
16.100122
17.625397
13.727473
10.337973
9.236386
10.422711
11.270085
11.015873
9.490598
5.507937
2.711600
1.864225
2.033700
5.762149
7.711111
9.660073
7.880586
7.372161
6.778999
6.355311
5.338462
3.558974
1.694750
3.304762
5.338462
5.592674
5.168987
-1.948962
9.999023
12.371673
13.049573
17.879609
19.150672
19.150672
19.574359
19.404884
19.659096
23.387546
24.828083
25.929670
25.675458
27.031258
23.557021
19.320147
12.541148
7.541636
6.778999
3.728449
2.457387
0.677900
-0.847375
-0.762637
-1.101587
-2.542125
-3.813187
-0.932112
0.593162
3.220024
4.321612
8.219536
11.185348
12.456410
11.693773
9.999023
6.694261
5.084249
1.016850
-2.626862
-5.084249
-4.236874
-4.067399
-0.338950
0.677900
1.355800
-0.593162
3.474237
2.287912
4.830037
4.660562
5.677411
3.558974
2.033700
-3.389499
-4.830037
-9.829548
-13.557998
-20.167521
-19.235409
-21.862271
-20.591209
-19.235409
-20.675946
-20.506471
-16.608547
-13.303785
-12.795360
-13.981685
-11.524298
-16.269597
-16.778022
-21.523321
-13.727473
-12.795360
-4.406349
-1.186325
3.558974
0.762637
3.389499
1.440537
7.880586
9.829548
11.778510
9.490598
9.575336
4.745299
3.135287
-0.338950
2.118437
1.864225
3.050549
0.677900
2.203175
-0.677900
-5.084249
2.542125
4.406349
-1.610012
-1.948962
-5.762149
-2.965812
-10.168498
-13.981685
-20.421734
-20.167521
-25.167033
-24.319658
-26.607570
-21.099634
-24.150183
-22.370696
-25.082295
-20.760684
-19.574359
-14.405372
-16.862759
-17.879609
-20.506471
-14.320635
-10.253236
-0.254212
2.965812
7.202686
6.524786
8.050061
6.609524
12.625885
11.947985
15.676435
12.541148
11.778510
6.016361
2.965812
-6.524786
-5.338462
-5.677411
-2.372650
-2.372650
2.372650
-0.677900
0.169475
-4.914774
-2.626862
-6.440049
-0.593162
0.932112
3.050549
1.101587
0.169475
-5.931624
-6.524786
-8.727961
-6.609524
-8.134799
-6.948474
-10.676923
-8.558486
-10.253236
-3.474237
-2.542125
3.897924
4.067399
9.744811
6.609524
7.795849
2.796337
3.982662
0.593162
0.762637
-2.965812
-0.423687
0.000000
2.033700
-1.101587
4.067399
2.796337
5.507937
3.558974
7.456899
8.219536
11.693773
8.643223
10.083761
6.609524
6.778999
4.067399
5.423199
3.135287
7.626374
7.626374
8.982173
5.423199
7.965324
7.965324
11.185348
9.914286
8.812698
3.220024
0.593162
-3.050549
-1.016850
-2.203175
-4.236874
-9.914286
-12.032723
-18.388034
-18.896459
-19.150672
-17.710134
-15.252747
-12.117460
-12.795360
-13.642735
-18.896459
-19.659096
-23.387546
-23.895971
-25.929670
-23.895971
-24.658608
-22.285958
-20.252259
-16.523810
-17.540659
-14.151160
-14.320635
-12.202198
-12.117460
-8.389011
-2.965812
4.999512
8.134799
12.541148
13.219048
12.202198
11.524298
10.676923
6.185836
3.220024
4.575824
4.914774
1.610012
0.932112
-2.796337
-4.067399
-6.948474
-7.202686
-10.337973
-14.998535
-17.371184
-18.472772
-18.981197
-17.964347
-19.489621
-17.116972
-16.439072
-14.405372
-15.506960
-14.998535
-13.896947
-5.762149
-1.525275
4.321612
3.982662
6.440049
5.423199
8.643223
6.524786
6.609524
0.762637
-0.677900
-5.507937
-4.575824
-7.795849
-7.202686
-11.693773
-8.727961
-10.422711
-8.134799
-7.372161
-5.423199
-5.253724
-1.864225
-3.474237
0.338950
-0.169475
4.745299
-0.423687
7.372161
6.694261
12.286935
10.676923
14.235897
13.727473
15.676435
15.761172
22.709646
22.031746
25.167033
24.573871
29.488645
30.844444
35.081319
34.233944
33.810256
31.098657
30.505495
28.810745
28.895482
26.183883
23.387546
15.337485
11.609035
5.762149
5.084249
7.456899
8.897436
5.507937
2.711600
-1.525275
-0.338950
-4.999512
-2.796337
-3.813187
-3.643712
-6.778999
-5.846886
-7.711111
-2.457387
1.101587
6.355311
7.202686
9.999023
13.049573
16.693284
14.829060
16.523810
17.371184
18.472772
16.778022
17.540659
14.913797
14.151160
11.439560
13.981685
10.676923
10.337973
6.355311
6.270574
1.948962
0.762637
0.847375
3.474237
4.236874
6.440049
8.304274
12.541148
15.083272
21.523321
25.505983
27.793895
28.302320
26.268620
24.319658
22.031746
18.472772
20.675946
23.048596
24.573871
25.590720
23.895971
21.184371
21.947009
22.031746
22.201221
18.896459
16.693284
13.642735
11.100611
5.168987
0.593162
-1.948962
-4.830037
-4.236874
-4.406349
-1.694750
-1.440537
1.440537
7.626374
14.066422
18.303297
22.963858
24.743346
25.082295
22.794383
21.438584
18.811722
17.879609
15.083272
17.116972
16.523810
15.252747
9.236386
6.016361
0.254212
-0.254212
-4.914774
-3.982662
-7.287424
-5.423199
-8.643223
-7.541636
-9.999023
-9.660073
-15.676435
-11.609035
-16.523810
-15.761172
-21.777534
-18.049084
-22.201221
-21.353846
-24.489133
-21.099634
-23.557021
-22.794383
-30.844444
-33.810256
-39.826618
-42.029792
-43.894017
-45.080342
-48.893529
-45.588767
-47.114042
-42.707692
-42.792430
-35.505006
-33.810256
-26.607570
-25.505983
-22.709646
-24.573871
-19.913309
-20.845421
-17.879609
-14.998535
-11.439560
-15.506960
-14.659585
-17.201709
-17.540659
-20.930159
-18.981197
-21.353846
-19.150672
-19.574359
-15.845910
-18.726984
-18.472772
-20.252259
-17.794872
-18.218559
-15.676435
-18.218559
-14.744322
-20.760684
-19.913309
-21.608059
-15.930647
-15.506960
-10.422711
-8.134799
-2.542125
-5.507937
-1.948962
-0.932112
2.033700
-1.101587
4.236874
1.271062
3.304762
1.610012
3.643712
1.525275
2.711600
2.881074
7.541636
4.660562
4.745299
-0.847375
-1.779487
-6.355311
-2.372650
-1.016850
4.152137
6.863736
10.676923
8.389011
9.999023
7.711111
11.354823
8.982173
11.863248
10.083761
9.914286
5.168987
4.575824
1.186325
0.677900
-4.067399
-2.711600
-7.202686
-5.084249
-9.660073
-8.812698
-11.863248
-10.083761
-12.371673
-14.744322
-16.523810
-15.422222
-16.100122
-11.270085
-7.202686
-3.813187
-4.914774
-2.118437
-0.338950
3.135287
7.287424
11.778510
12.541148
16.778022
15.591697
17.371184
15.506960
17.879609
15.422222
18.049084
19.998046
25.505983
24.997558
25.505983
22.370696
20.675946
16.354335
16.608547
19.574359
20.845421
20.845421
21.014896
19.998046
18.049084
15.252747
14.659585
11.947985
13.303785
10.931136
12.456410
12.371673
12.880098
10.676923
11.185348
11.524298
11.439560
11.778510
13.134310
11.947985
10.168498
1.355800
4.914774
0.254212
0.677900
2.711600
3.220024
3.558974
3.982662
3.220024
2.457387
0.084737
-1.440537
-2.711600
-2.965812
-1.355800
-3.220024
-0.593162
-0.084737
0.169475
-2.372650
-4.660562
-8.389011
-10.337973
-16.184860
-17.032234
-18.388034
-16.947497
-19.659096
-17.455922
-17.710134
-14.320635
-10.422711
-6.863736
-5.846886
0.423687
