10.903297
9.641758
4.235165
1.261538
0.720879
-4.415385
-6.668132
-9.641758
-9.101099
-7.749451
-7.118681
-5.046154
-1.712088
1.802198
2.703297
2.703297
1.441758
1.621978
0.180220
-3.784615
-5.226374
-7.028571
-6.578022
-6.938462
-5.947253
-3.243956
-0.090110
3.334066
8.019780
8.200000
13.156044
15.048352
20.274725
20.454945
23.068132
24.329670
17.661538
23.518681
16.400000
9.371429
3.334066
0.720879
0.090110
-0.270330
2.793407
3.604396
5.767033
6.217582
8.109890
7.659341
5.496703
2.703297
1.712088
-0.901099
-4.956044
-6.217582
-8.109890
-10.002198
-8.380220
-4.145055
2.523077
6.668132
8.920879
6.848352
4.865934
-0.090110
-5.767033
-8.920879
-11.714286
-12.435165
-9.371429
-5.496703
4.235165
11.624176
18.021978
21.716484
22.887912
22.617582
20.454945
20.905495
23.068132
21.806593
16.940659
15.228571
14.868132
14.778022
14.417582
15.048352
13.786813
11.353846
6.938462
3.694505
-1.982418
-4.054945
-5.767033
-8.109890
-10.182418
-14.327473
-17.481319
-18.021978
-16.490110
-13.696703
-8.200000
0.180220
5.316484
6.578022
3.604396
-1.441758
-9.371429
-17.751648
-26.762637
-32.169231
-35.052747
-37.936264
-36.404396
-32.439560
-27.303297
-19.553846
-8.650549
0.000000
4.054945
4.235165
4.054945
1.531868
-0.270330
-3.424176
-6.758242
-10.362637
-12.975824
-14.417582
-16.940659
-12.345055
-6.037363
3.153846
10.723077
14.597802
10.272527
7.659341
0.540659
-3.964835
-5.226374
-3.604396
-1.621978
-0.090110
-0.450549
2.342857
4.595604
11.353846
17.030769
23.248352
26.492308
27.753846
18.923077
7.208791
-1.982418
-1.351648
-1.892308
4.235165
9.281319
16.400000
21.626374
19.463736
26.492308
27.483516
25.861538
25.681319
23.608791
15.679121
7.118681
1.712088
-5.136264
-6.758242
-8.019780
-7.208791
-5.406593
-1.531868
1.621978
3.874725
4.145055
0.450549
-1.441758
-2.793407
-3.964835
-4.415385
-1.802198
-1.261538
3.784615
7.118681
12.164835
12.615385
14.778022
11.714286
7.839560
2.252747
-2.432967
-6.848352
-9.281319
-11.714286
-10.813187
-11.263736
-11.443956
-10.272527
-6.758242
-6.217582
-1.351648
0.630769
4.865934
6.848352
5.136264
0.090110
-3.694505
-7.569231
-8.920879
-11.804396
-13.786813
-13.606593
-12.254945
-10.723077
-7.569231
-4.505495
-1.712088
-3.604396
-2.883516
-6.307692
-10.002198
-13.426374
-15.859341
-14.507692
-13.426374
-11.353846
-9.191209
-7.028571
-3.694505
-4.865934
-5.226374
-4.775824
-4.505495
-4.054945
0.180220
4.235165
3.514286
6.217582
8.920879
10.813187
8.920879
8.380220
8.200000
7.389011
8.830769
9.191209
2.703297
3.514286
2.973626
6.037363
10.903297
15.318681
11.263736
7.929670
5.947253
6.578022
11.083516
12.795604
15.048352
16.670330
15.138462
9.191209
1.892308
-2.793407
-7.479121
-9.281319
-12.164835
-10.452747
-5.316484
-0.540659
6.487912
14.147253
19.013187
20.545055
19.193407
17.391209
14.417582
11.894505
6.307692
6.127473
4.235165
4.054945
2.613187
4.235165
5.676923
5.316484
7.659341
6.578022
5.406593
3.964835
-0.991209
-3.063736
-2.613187
-1.351648
-3.604396
-3.153846
-4.325275
-5.767033
-4.956044
-3.874725
-3.694505
-4.775824
-4.595604
-3.694505
-4.054945
-2.883516
-2.342857
-2.432967
-1.531868
0.540659
1.531868
2.162637
3.694505
1.892308
2.252747
0.270330
0.090110
1.531868
-1.982418
-1.171429
-1.982418
0.540659
0.810989
2.613187
1.892308
1.712088
-0.180220
2.342857
2.883516
4.775824
2.342857
3.964835
3.694505
4.956044
4.685714
4.685714
3.964835
2.162637
0.000000
-0.901099
-3.514286
0.540659
2.162637
3.964835
1.892308
-0.180220
-0.901099
-0.180220
3.604396
7.118681
10.903297
10.002198
5.676923
1.621978
-1.712088
-4.054945
-5.496703
-4.325275
-2.883516
-3.424176
-3.063736
-5.136264
-7.118681
-4.415385
-5.947253
-5.947253
-8.560440
-9.101099
-8.290110
-7.479121
-5.767033
-1.531868
0.000000
3.874725
2.523077
4.685714
5.316484
4.595604
7.208791
7.118681
4.235165
6.217582
6.578022
3.874725
2.523077
3.784615
7.389011
9.641758
11.443956
11.083516
9.461538
7.929670
6.668132
3.784615
2.613187
1.261538
1.081319
-1.171429
-1.621978
-0.360440
0.270330
2.703297
6.397802
7.479121
7.028571
6.217582
4.775824
0.901099
-1.712088
-5.676923
-8.560440
-18.112088
-12.254945
-12.525275
-12.435165
-11.353846
-8.920879
-6.938462
-4.865934
-2.703297
-1.892308
0.901099
0.450549
0.901099
2.072527
-0.360440
-1.171429
-5.046154
-7.929670
-9.731868
-8.470330
-5.586813
-4.685714
-2.793407
0.991209
4.235165
6.848352
3.604396
3.243956
0.540659
-0.630769
-7.208791
-9.551648
-12.074725
-13.786813
-13.967033
-11.534066
-8.650549
-5.046154
-5.046154
-1.802198
-1.081319
-1.802198
-4.505495
-5.226374
-7.028571
-8.019780
-5.406593
-7.028571
-8.830769
-9.821978
-6.578022
-1.171429
0.810989
4.865934
7.479121
11.263736
11.353846
9.281319
8.109890
6.307692
3.694505
3.964835
3.694505
0.720879
-0.450549
-8.740659
-1.351648
-3.243956
-7.028571
-7.659341
-8.920879
-9.191209
-9.821978
-8.740659
-7.569231
-6.127473
-6.217582
-3.424176
-3.964835
-3.424176
-4.865934
-4.595604
-5.767033
-5.496703
-5.857143
-3.784615
-2.523077
0.720879
4.054945
7.929670
12.164835
11.263736
8.290110
4.595604
0.901099
0.450549
-2.883516
0.360440
5.586813
6.938462
11.353846
14.057143
10.813187
4.415385
-0.630769
-5.676923
-9.191209
-11.173626
-12.254945
-12.345055
-10.092308
-6.217582
-2.342857
1.441758
0.360440
-1.171429
-3.063736
-5.767033
-6.217582
-6.127473
-6.397802
-3.784615
-4.325275
-1.621978
-1.171429
0.540659
1.261538
1.712088
0.901099
-0.180220
1.351648
0.180220
-0.630769
-1.621978
-2.883516
-1.441758
-0.090110
0.540659
-1.081319
-0.901099
-3.964835
-5.676923
-7.929670
-8.290110
-3.604396
-5.586813
5.316484
9.821978
12.705495
14.057143
13.606593
11.804396
11.353846
7.298901
5.586813
4.505495
2.523077
2.523077
4.235165
5.406593
6.578022
4.325275
2.613187
1.892308
0.901099
-1.621978
-2.703297
-2.523077
-2.883516
-4.775824
-5.226374
-5.767033
-5.406593
-4.865934
-2.432967
-1.441758
-0.810989
-5.136264
-7.118681
-7.479121
-8.109890
-7.659341
-5.947253
-2.162637
2.252747
4.145055
10.092308
12.705495
14.778022
15.769231
14.327473
11.894505
13.426374
10.813187
10.362637
8.200000
7.929670
6.758242
5.316484
4.054945
4.865934
2.342857
0.270330
-3.334066
-5.406593
-8.200000
-5.857143
-2.703297
-0.810989
-1.892308
-2.883516
-4.775824
-6.758242
-6.578022
-4.505495
-2.342857
1.261538
3.784615
4.325275
2.523077
5.676923
8.560440
11.173626
10.452747
10.452747
8.740659
5.676923
-2.162637
-6.668132
-9.101099
-7.659341
-9.010989
-4.956044
3.964835
10.002198
13.786813
13.336264
14.057143
15.228571
15.138462
15.949451
13.967033
11.263736
8.019780
4.685714
1.982418
2.613187
3.604396
2.342857
-0.540659
-0.090110
0.360440
6.307692
8.200000
7.659341
3.063736
0.630769
-0.901099
-1.171429
-1.712088
2.883516
3.784615
6.668132
6.217582
5.586813
4.775824
4.415385
0.000000
3.964835
3.334066
5.857143
5.496703
6.127473
8.290110
14.687912
18.562637
17.301099
17.210989
13.336264
8.200000
7.929670
6.217582
7.749451
5.676923
7.749451
9.101099
8.650549
9.371429
8.019780
7.479121
7.659341
7.389011
4.235165
0.270330
-1.621978
-1.802198
-1.531868
-0.720879
1.441758
1.441758
0.630769
-1.892308
-5.857143
-8.650549
-11.894505
-12.525275
-12.615385
-11.624176
-10.452747
-12.615385
-5.857143
-2.342857
3.604396
6.938462
7.118681
6.037363
-1.621978
-7.749451
-11.624176
-13.065934
-14.597802
-13.967033
-11.534066
-10.993407
-10.092308
-7.479121
-4.685714
-0.720879
0.000000
1.892308
-3.694505
-8.019780
-13.786813
-17.391209
-19.373626
-20.184615
-18.472527
-10.993407
-9.191209
-5.767033
-0.450549
3.063736
6.578022
6.217582
2.523077
0.450549
-2.342857
-6.578022
-8.380220
-9.101099
-7.118681
-3.424176
-1.171429
0.540659
-0.901099
-0.270330
-0.630769
-2.973626
-1.892308
-0.991209
0.720879
3.153846
2.703297
4.505495
4.865934
5.406593
3.243956
0.360440
-0.450549
2.793407
3.243956
6.578022
7.479121
11.353846
9.821978
9.281319
4.685714
4.415385
3.243956
3.514286
2.613187
1.441758
0.810989
-1.441758
-3.874725
-2.523077
-0.270330
1.531868
1.802198
1.531868
-2.613187
-5.316484
-6.938462
-6.487912
-6.037363
-5.857143
-5.676923
-6.307692
-6.127473
-7.479121
-8.650549
-4.956044
-0.180220
5.136264
8.650549
10.993407
14.147253
14.778022
14.958242
11.984615
7.659341
5.046154
5.046154
4.865934
-0.540659
-8.019780
-13.967033
-17.661538
-18.472527
-15.228571
-12.795604
-7.118681
-0.540659
0.720879
1.712088
0.000000
-4.054945
-9.010989
-11.984615
-16.850549
-14.417582
-16.760440
-15.949451
-10.993407
-6.217582
-1.802198
1.171429
8.109890
10.813187
11.534066
12.975824
11.353846
8.200000
5.496703
-0.090110
-1.802198
-1.892308
-0.901099
2.883516
9.731868
16.760440
23.518681
29.646154
33.340659
33.430769
30.006593
27.753846
19.193407
12.885714
7.839560
5.046154
4.235165
5.226374
8.920879
14.868132
18.923077
21.986813
21.896703
23.158242
19.553846
18.652747
14.507692
6.578022
-0.720879
-5.226374
-7.569231
-8.109890
-9.821978
-5.857143
-5.136264
-2.342857
-1.261538
0.901099
-0.180220
0.090110
-0.630769
-3.694505
-2.973626
-4.235165
-6.127473
-5.767033
-4.054945
-4.415385
-6.487912
-7.659341
-9.281319
-11.353846
-10.092308
-9.191209
-4.235165
-2.072527
-0.090110
1.802198
2.072527
-0.180220
-4.595604
-3.063736
-5.046154
-5.496703
-6.397802
-3.063736
-3.964835
-4.235165
-4.505495
-3.334066
-7.208791
-6.487912
-8.290110
-9.551648
-9.101099
-10.092308
-9.551648
-10.542857
-10.632967
-7.569231
-4.145055
-3.153846
-3.874725
1.982418
1.712088
-1.261538
-6.307692
-10.092308
-12.615385
-10.542857
-13.786813
-2.883516
-0.901099
3.243956
7.389011
6.938462
5.676923
4.415385
5.136264
3.424176
4.685714
4.595604
2.523077
3.243956
5.046154
7.118681
9.461538
10.452747
10.182418
9.731868
9.371429
12.615385
12.435165
9.551648
4.956044
-0.180220
-5.947253
-5.857143
0.540659
6.848352
11.804396
17.030769
21.446154
23.428571
24.149451
20.454945
11.714286
4.505495
0.000000
-9.191209
-5.947253
-9.101099
-8.470330
-8.740659
-8.019780
-9.191209
-9.371429
-10.993407
-11.714286
-13.696703
-18.021978
-18.742857
-18.292308
-17.661538
-15.589011
-13.336264
-12.435165
-10.272527
-9.191209
-7.208791
-1.531868
-0.270330
-1.892308
-4.235165
-3.424176
-4.054945
-5.046154
-4.685714
-6.668132
-7.749451
-8.470330
-9.641758
-9.821978
-9.281319
-11.894505
-12.795604
-12.705495
-10.362637
-13.246154
-14.958242
-14.237363
-16.219780
-14.597802
-10.723077
-10.723077
-11.353846
-9.281319
-3.604396
1.171429
3.424176
7.208791
7.118681
6.848352
3.334066
0.810989
-1.351648
-2.613187
-6.668132
-8.470330
-2.973626
-2.072527
-3.784615
-3.874725
-6.487912
-6.487912
-2.883516
-0.360440
2.973626
3.694505
3.334066
-0.360440
-2.523077
-5.136264
-5.136264
-4.415385
0.720879
4.505495
4.775824
4.775824
2.162637
-2.613187
-3.063736
-0.360440
8.200000
14.687912
21.536264
25.410989
26.402198
23.428571
21.716484
24.149451
25.501099
25.050549
23.068132
16.400000
12.525275
6.217582
4.595604
6.217582
9.641758
8.470330
10.002198
8.019780
8.740659
5.046154
2.793407
1.081319
0.000000
1.621978
3.334066
2.793407
-0.630769
-4.595604
-9.821978
-7.208791
-7.118681
-2.432967
3.784615
9.551648
11.624176
9.912088
8.470330
7.298901
6.397802
3.514286
4.325275
3.964835
3.514286
-0.360440
-0.720879
-3.243956
-1.531868
-1.441758
-0.450549
-3.424176
-10.632967
-16.940659
-18.562637
-18.652747
-13.336264
-9.731868
-10.723077
-14.417582
-13.516484
-13.426374
-11.984615
-8.650549
-4.865934
-0.360440
1.712088
7.929670
11.714286
16.580220
20.364835
24.690110
29.646154
30.637363
29.195604
26.312088
23.698901
17.661538
11.984615
8.740659
4.685714
6.307692
5.586813
11.624176
15.048352
16.309890
22.887912
29.195604
35.052747
39.017582
36.945055
33.971429
26.582418
18.472527
10.542857
7.208791
6.397802
10.272527
9.281319
7.298901
3.514286
4.415385
2.883516
3.874725
4.685714
5.857143
8.560440
9.371429
9.461538
9.461538
10.272527
10.452747
10.452747
10.272527
13.156044
13.696703
11.263736
10.723077
8.470330
6.668132
4.956044
4.415385
2.252747
-0.810989
-2.432967
-3.243956
-5.046154
-6.487912
-5.947253
-4.505495
-3.874725
-2.883516
-2.432967
-5.857143
-8.380220
-10.362637
-10.272527
-11.083516
-11.894505
-12.435165
-13.065934
-12.525275
-13.336264
-13.065934
-14.687912
-13.967033
-13.336264
-8.380220
-8.380220
-8.200000
-10.452747
-15.589011
-22.347253
-23.518681
-26.221978
-23.158242
-21.356044
-16.940659
-13.336264
-10.632967
-6.037363
-4.325275
-6.217582
-8.920879
-12.525275
-16.400000
-18.292308
-14.687912
-14.417582
-11.534066
-10.993407
-9.101099
-12.254945
-8.380220
-9.641758
-7.298901
-7.839560
-7.749451
-7.659341
-3.964835
-1.982418
1.712088
3.784615
4.325275
-0.901099
-6.758242
-9.371429
-10.272527
-9.461538
-6.397802
-4.956044
-4.054945
-0.090110
2.432967
6.127473
8.920879
10.723077
12.164835
11.894505
11.263736
8.380220
6.037363
3.604396
-0.360440
0.450549
-0.720879
-0.360440
2.162637
3.334066
5.226374
3.964835
-0.180220
-6.217582
-11.804396
-16.490110
-19.373626
-21.716484
-22.887912
-21.986813
-20.004396
-12.885714
-6.668132
-2.072527
-2.883516
-3.694505
-6.307692
-10.272527
-14.147253
-16.129670
-15.318681
-15.589011
-13.696703
-13.426374
-12.254945
-11.804396
-9.912088
-12.975824
-14.147253
-15.408791
-17.751648
-19.103297
-22.257143
-23.248352
-20.094505
-15.318681
-11.083516
-5.857143
-1.171429
2.162637
2.162637
-1.261538
-1.892308
-2.432967
-1.261538
0.630769
1.351648
3.334066
3.063736
4.865934
5.857143
8.470330
8.650549
9.821978
7.118681
4.235165
1.802198
2.252747
3.424176
6.848352
9.912088
10.362637
10.362637
7.839560
9.731868
8.920879
10.362637
11.353846
11.083516
9.371429
7.208791
8.560440
10.182418
12.705495
13.967033
14.687912
15.138462
15.228571
12.795604
10.182418
7.659341
6.848352
5.226374
8.560440
7.208791
7.569231
8.290110
8.200000
9.101099
9.281319
11.443956
14.237363
14.507692
15.048352
12.795604
10.362637
6.397802
3.243956
0.450549
2.162637
3.334066
2.432967
1.802198
2.793407
2.342857
3.964835
7.208791
10.362637
10.903297
11.534066
8.650549
5.496703
3.243956
1.712088
3.243956
5.947253
6.217582
5.767033
4.956044
3.874725
3.063736
3.874725
8.109890
13.065934
14.687912
15.048352
13.065934
9.461538
3.784615
3.784615
3.784615
3.153846
4.595604
5.857143
5.316484
4.685714
3.964835
5.947253
6.037363
7.839560
9.101099
8.920879
9.010989
6.037363
4.595604
3.153846
2.793407
5.136264
7.569231
12.885714
12.254945
12.615385
9.641758
5.496703
0.270330
-1.621978
-4.325275
-3.694505
-3.514286
-3.784615
-2.883516
-3.964835
-1.261538
0.450549
1.081319
1.261538
4.415385
5.046154
1.171429
-1.712088
-1.892308
-3.964835
-1.171429
0.180220
0.720879
-1.441758
-3.964835
-3.694505
-2.883516
0.901099
5.406593
10.903297
14.958242
14.057143
12.885714
10.002198
6.938462
3.874725
1.802198
0.991209
0.360440
3.334066
2.252747
1.892308
0.540659
-1.261538
-0.360440
1.531868
0.810989
-0.450549
-1.892308
-5.857143
-8.920879
-9.461538
-8.470330
-7.389011
-5.136264
-3.424176
-2.793407
-1.802198
-2.703297
0.630769
3.604396
4.415385
8.650549
8.290110
5.676923
2.613187
-2.162637
-7.929670
-8.740659
-9.191209
-8.920879
-2.883516
0.000000
4.235165
7.118681
8.200000
7.749451
8.200000
10.182418
10.632967
9.461538
7.749451
3.334066
0.540659
-4.145055
-5.767033
-7.659341
-9.191209
-11.083516
-11.173626
-9.731868
-8.380220
-2.973626
-1.171429
0.720879
3.424176
8.740659
11.263736
11.624176
10.362637
11.984615
10.813187
8.290110
8.290110
7.569231
4.505495
2.252747
-0.270330
0.901099
2.703297
-0.901099
-4.054945
-5.316484
-4.956044
1.712088
5.857143
6.397802
6.037363
4.595604
0.540659
-2.793407
-4.235165
-5.046154
-8.920879
-13.156044
-17.391209
-24.059341
-19.734066
-16.039560
-11.624176
-9.191209
-10.813187
-12.345055
-14.237363
-15.138462
-12.435165
-5.586813
-0.090110
5.226374
6.578022
6.578022
6.217582
5.406593
7.298901
12.795604
14.507692
12.074725
8.560440
7.118681
5.767033
3.334066
4.505495
6.397802
7.208791
7.298901
4.054945
1.171429
0.810989
0.180220
-0.270330
0.000000
-3.243956
-3.334066
-2.613187
-1.982418
-5.136264
-6.127473
-7.569231
-9.461538
-10.092308
-9.010989
-10.092308
-12.074725
-13.876923
-13.786813
-10.002198
-4.054945
1.802198
7.389011
9.371429
10.903297
9.010989
10.002198
10.452747
10.993407
10.903297
8.830769
3.334066
-1.712088
-5.857143
-9.731868
-9.461538
-6.668132
-3.153846
-2.613187
-3.424176
-9.281319
1.171429
2.613187
5.316484
5.676923
3.604396
-0.810989
-5.857143
-7.298901
-6.397802
-3.063736
1.171429
2.973626
0.810989
-0.630769
-1.261538
2.883516
2.342857
2.883516
2.342857
3.063736
2.613187
0.000000
1.892308
1.261538
3.153846
0.540659
2.613187
3.514286
5.496703
5.947253
3.604396
1.712088
0.810989
-1.261538
-2.342857
-0.450549
1.081319
0.270330
-1.982418
-2.523077
-4.595604
-4.685714
-0.630769
5.676923
12.435165
13.876923
11.894505
7.479121
4.235165
-0.540659
-0.090110
1.531868
4.325275
5.857143
4.505495
1.982418
-1.081319
-2.342857
0.090110
1.712088
3.604396
4.145055
-0.720879
-6.037363
-10.723077
-15.318681
-16.309890
-12.885714
-6.397802
-0.360440
1.982418
2.072527
2.613187
1.892308
0.901099
1.712088
1.712088
2.342857
-3.153846
-0.540659
-1.982418
-2.793407
-0.991209
1.712088
10.723077
18.832967
22.797802
21.356044
17.301099
7.749451
-1.621978
-4.865934
-9.191209
-8.920879
-6.217582
-2.793407
-0.720879
1.171429
0.450549
2.342857
2.883516
5.496703
2.523077
1.712088
0.000000
-3.694505
-3.243956
0.810989
4.235165
6.668132
7.839560
8.920879
8.380220
8.290110
12.254945
18.021978
21.716484
23.338462
16.309890
10.002198
1.531868
-6.848352
-15.048352
-19.734066
-23.879121
-25.951648
-24.239560
-19.643956
-17.661538
-16.580220
-16.400000
-13.516484
-13.336264
-13.065934
-15.498901
-16.309890
-19.193407
-22.257143
-21.265934
-19.103297
-17.030769
-13.426374
-13.967033
-11.353846
-11.624176
-8.019780
-8.470330
-7.118681
-8.290110
-8.830769
-11.083516
-14.057143
-15.228571
-13.786813
-12.705495
-10.272527
-10.272527
-7.659341
-10.632967
-11.353846
-15.228571
-13.696703
-14.237363
-15.589011
-13.156044
-11.714286
-16.670330
-17.030769
-18.021978
-16.850549
-13.786813
-6.938462
-1.351648
3.424176
6.848352
9.461538
11.714286
11.804396
11.894505
13.967033
10.632967
7.479121
5.676923
5.947253
6.938462
8.830769
12.164835
15.408791
15.679121
18.292308
16.039560
14.057143
16.670330
18.742857
19.013187
18.472527
18.923077
17.391209
21.175824
25.591209
30.276923
33.971429
32.980220
33.250549
31.178022
31.448352
29.736264
23.698901
18.923077
13.786813
11.534066
9.101099
8.290110
7.569231
9.191209
10.542857
10.542857
10.723077
12.795604
13.246154
16.580220
24.600000
28.294505
28.294505
29.465934
29.015385
30.547253
32.800000
37.756044
43.432967
49.200000
52.984615
52.624176
45.235165
37.035165
31.358242
23.789011
20.725275
17.661538
18.562637
22.707692
25.771429
32.079121
34.061538
33.971429
33.520879
32.079121
28.294505
25.681319
25.681319
25.951648
23.248352
22.707692
20.094505
18.923077
15.679121
14.597802
13.606593
11.534066
9.551648
6.758242
4.145055
2.973626
1.621978
-0.180220
-3.063736
-6.037363
-7.749451
-8.920879
-11.534066
-13.156044
-14.958242
-14.417582
-15.679121
-20.094505
-18.652747
-19.373626
-19.553846
-20.274725
-21.085714
-17.931868
-15.408791
-15.408791
-15.318681
-17.391209
-23.158242
-26.312088
-30.997802
-35.773626
-39.287912
-46.676923
-39.197802
-34.512088
-32.980220
-30.817582
-27.303297
-26.131868
-26.582418
-24.600000
-24.329670
-25.591209
-31.538462
-33.520879
-33.881319
-36.043956
-36.134066
-40.459341
-44.784615
-46.586813
-44.243956
-43.432967
-42.892308
-40.369231
-39.558242
-39.648352
-41.000000
-43.162637
-44.243956
-46.947253
-46.676923
-46.947253
-45.505495
-47.578022
-49.650549
-48.659341
-48.118681
-48.569231
-46.496703
-45.505495
-45.685714
-45.325275
-45.505495
-43.883516
-41.720879
-36.043956
-30.186813
-22.707692
-20.004396
-20.004396
-21.626374
-20.725275
-19.013187
-14.327473
-10.092308
-6.668132
-5.226374
-5.316484
-7.118681
-5.947253
-2.523077
3.964835
11.714286
13.876923
15.408791
17.120879
12.345055
11.804396
13.967033
16.670330
22.707692
25.681319
25.951648
24.149451
26.041758
27.934066
30.186813
34.331868
40.098901
42.531868
