12.604151
14.239805
15.683028
8.274481
17.895971
15.971673
15.779243
18.858120
20.493773
21.552137
22.610501
22.129426
18.665690
18.954335
21.263492
22.321856
18.665690
14.720879
9.044200
5.580464
2.886447
3.271306
4.618315
1.539438
-5.003175
-7.600977
-7.793407
-5.099389
-3.656166
-0.962149
-2.212943
-4.810745
-6.061538
-7.023687
-8.274481
-4.425885
-2.212943
3.175092
6.831258
3.078877
-1.924298
-3.175092
-3.752381
-4.329670
-1.250794
1.443223
0.962149
-1.347009
-2.790232
-3.271306
-1.924298
1.924298
8.466911
11.545788
12.315507
12.026862
13.566300
14.143590
13.566300
10.391209
9.717705
7.119902
1.347009
-4.425885
-6.927473
-6.735043
-7.600977
-5.003175
-2.116728
-1.828083
-1.347009
1.154579
4.810745
7.216117
7.889621
10.487424
11.834432
10.679853
6.350183
5.291819
4.137241
1.828083
3.656166
3.752381
2.982662
2.501587
4.329670
7.793407
10.679853
14.528449
12.507937
9.044200
7.216117
3.367521
-0.288645
-2.212943
-1.443223
-1.539438
-1.058364
-0.384860
0.192430
2.790232
2.501587
0.865934
0.865934
2.694017
0.384860
1.731868
2.694017
2.790232
1.731868
0.481074
0.192430
1.058364
-0.096215
0.000000
1.058364
1.250794
3.559951
3.559951
5.003175
5.195604
5.099389
1.347009
0.865934
2.405372
2.694017
3.175092
4.810745
8.563126
9.429060
8.370696
6.638828
4.233455
2.212943
-0.192430
-4.137241
-6.350183
-9.236630
-14.336020
-17.030037
-17.703541
-17.703541
-19.820269
-22.995360
-24.053724
-25.015873
-22.033211
-18.569475
-17.414896
-16.452747
-16.164103
-15.971673
-13.373871
-9.044200
-9.332845
-8.563126
-8.178266
-7.408547
-9.525275
-9.717705
-7.889621
-5.676679
-4.714530
-1.635653
-0.962149
0.481074
1.635653
1.347009
-8.178266
-0.384860
-3.848596
-4.329670
-4.522100
-4.906960
-2.116728
-1.250794
0.865934
-1.250794
-2.982662
-3.175092
-2.597802
1.154579
3.848596
2.982662
3.175092
2.694017
2.597802
3.752381
4.233455
3.752381
0.577289
-2.597802
-7.119902
-11.160928
-14.624664
-16.260317
-15.586813
-16.452747
-17.799756
-17.607326
-17.703541
-15.009524
-8.370696
-5.869109
-4.906960
-2.597802
-2.309158
-4.425885
-4.810745
-4.522100
-2.212943
0.000000
-0.096215
1.635653
2.597802
1.635653
2.212943
2.886447
4.329670
3.752381
1.250794
-2.309158
-4.906960
-4.425885
-1.347009
2.309158
6.157753
6.061538
5.291819
3.271306
4.522100
0.673504
-0.192430
0.000000
-0.192430
-0.962149
-0.288645
-1.250794
-1.443223
-2.212943
-4.233455
-5.580464
-6.253968
-7.408547
-7.216117
-6.927473
-5.965324
-8.178266
-8.178266
-10.776068
-11.160928
-10.776068
-9.621490
-11.545788
-7.600977
-4.906960
-2.116728
0.673504
2.405372
1.635653
2.790232
4.137241
4.810745
4.810745
0.192430
-6.446398
-5.869109
-4.137241
-1.347009
0.769719
2.597802
3.848596
7.504762
10.776068
14.239805
15.971673
11.930647
18.761905
21.648352
20.301343
21.744567
21.552137
19.531624
15.394383
12.700366
9.910134
9.429060
8.466911
9.525275
9.910134
13.277656
15.683028
17.992186
20.108913
21.744567
20.205128
19.050549
16.548962
14.239805
10.776068
7.985836
5.484249
4.906960
1.539438
1.539438
2.597802
4.522100
3.559951
3.752381
1.828083
-2.212943
-6.735043
-9.525275
-9.717705
-11.642002
-13.470085
-13.085226
-16.741392
-15.490598
-14.047375
-13.373871
-13.373871
-10.198779
-12.411722
-12.315507
-12.315507
-11.642002
-12.315507
-11.642002
-12.989011
-15.875458
-15.394383
-14.624664
-10.294994
-7.312332
-4.233455
-2.212943
-3.559951
-6.542613
-9.910134
-11.353358
-10.968498
-7.985836
-3.367521
-9.525275
-4.041026
-11.545788
-15.009524
-13.470085
-17.414896
-12.507937
-11.930647
-11.642002
-12.219292
-10.294994
-7.600977
-10.198779
-3.559951
7.023687
5.676679
1.347009
0.962149
-1.828083
0.096215
1.828083
5.580464
10.391209
11.545788
7.697192
4.137241
11.738217
9.044200
15.683028
19.627839
24.823443
27.709890
26.074237
26.170452
27.806105
27.998535
30.596337
33.001709
31.943346
30.403907
27.902320
25.208303
27.228816
27.998535
28.287179
26.555311
27.036386
28.383394
29.441758
31.366056
33.867643
34.252503
34.156288
33.482784
31.847131
28.768254
27.517460
23.668864
20.589988
21.359707
23.284005
24.534799
23.187790
19.627839
17.126252
15.875458
14.720879
13.662515
13.085226
11.353358
8.563126
7.312332
4.522100
2.020513
2.886447
5.291819
7.600977
11.257143
11.449573
9.236630
7.697192
5.965324
4.810745
8.370696
14.432234
16.260317
13.854945
9.910134
5.291819
3.367521
5.484249
5.772894
7.023687
-1.828083
2.405372
-1.924298
-3.078877
-3.752381
-5.099389
-6.831258
-7.023687
-6.061538
-9.044200
-13.470085
-16.356532
-21.263492
-20.012698
-11.449573
-2.886447
-0.096215
-4.714530
-10.198779
-11.449573
-11.642002
-11.738217
-12.700366
-13.566300
-12.026862
-11.160928
-12.507937
-18.377045
-24.342369
-27.998535
-30.115263
-27.806105
-22.706716
-15.490598
-13.758730
-13.277656
-16.164103
-18.280830
-20.108913
-21.167277
-21.167277
-18.954335
-18.569475
-16.645177
-16.356532
-16.645177
-16.260317
-16.067888
-17.511111
-18.280830
-20.205128
-22.995360
-28.287179
-30.403907
-28.575824
-24.631013
-21.936996
-24.246154
-27.036386
-31.173626
-33.001709
-33.867643
-33.867643
-32.135775
-29.249328
-28.094750
-31.077411
-31.654701
-33.482784
-32.424420
-31.366056
-27.998535
-21.071062
-17.607326
-15.490598
-16.356532
-17.511111
-15.779243
-11.834432
-6.735043
-3.656166
-2.790232
-2.982662
-5.676679
-6.061538
-6.157753
-3.367521
-1.058364
0.481074
-1.443223
-2.886447
-7.600977
-8.755556
-10.391209
-10.006349
-5.099389
-6.735043
-10.872283
-16.548962
-21.648352
-24.342369
-26.843956
-22.802930
-20.205128
-18.569475
-17.799756
-20.782418
-22.418071
-23.572650
-25.304518
-25.304518
-21.167277
-18.761905
-16.933822
-15.683028
-14.336020
-12.604151
-15.009524
-13.854945
-14.913309
-15.586813
-15.875458
-14.913309
-12.411722
-10.679853
-8.659341
-8.370696
-9.429060
-10.198779
-10.583639
-9.429060
-8.082051
-6.735043
-5.676679
-4.329670
-2.212943
-2.212943
-3.848596
-0.673504
5.003175
6.446398
8.755556
11.353358
12.604151
12.604151
14.720879
15.201954
14.720879
14.913309
15.971673
8.178266
15.394383
15.201954
15.105739
15.875458
15.971673
16.837607
16.356532
17.992186
18.954335
19.916484
21.167277
21.648352
19.627839
18.858120
18.377045
18.088400
19.242979
19.627839
18.377045
18.280830
18.761905
19.916484
18.569475
19.339194
19.050549
19.627839
20.301343
22.514286
23.284005
22.514286
23.187790
24.342369
26.651526
27.228816
29.056899
30.403907
33.386569
33.963858
33.097924
32.231990
34.060073
34.733578
33.482784
32.424420
31.558486
32.135775
32.135775
32.135775
32.135775
31.847131
29.345543
27.228816
25.304518
25.593162
25.785592
26.266667
25.593162
24.053724
24.053724
24.631013
25.015873
29.826618
31.077411
29.249328
26.651526
23.284005
22.706716
22.033211
23.476435
23.572650
23.091575
21.263492
19.724054
16.933822
15.683028
13.181441
12.700366
12.989011
9.332845
6.157753
3.175092
5.869109
6.542613
7.312332
9.332845
10.391209
8.755556
8.947985
5.965324
9.813919
11.834432
14.528449
14.624664
13.181441
12.123077
8.947985
9.140415
9.044200
10.391209
8.947985
7.793407
2.982662
1.443223
0.962149
-3.463736
-6.253968
-8.947985
-11.160928
-12.219292
-13.470085
-11.834432
-8.466911
-8.370696
-6.350183
-7.697192
-7.119902
-9.717705
-12.026862
-14.336020
-18.280830
-20.301343
-20.589988
-22.802930
-22.802930
-24.342369
-28.479609
-27.132601
-22.995360
-16.837607
-13.758730
-12.892796
-13.277656
-22.610501
-14.720879
-15.683028
-22.610501
-15.298168
-18.473260
-23.765079
-17.703541
-16.356532
-24.438584
-13.951160
-13.085226
-19.146764
-13.470085
-15.683028
-17.030037
-19.724054
-17.799756
-14.047375
-13.566300
-13.085226
-11.353358
-13.085226
-11.834432
-6.446398
-1.154579
0.384860
-2.405372
-5.484249
-8.659341
-6.638828
-2.212943
2.405372
8.274481
11.930647
10.583639
7.119902
3.463736
6.446398
5.772894
5.676679
4.041026
2.886447
-0.384860
-1.635653
-0.577289
0.962149
2.694017
3.656166
5.195604
4.041026
2.694017
3.175092
4.137241
2.597802
5.195604
5.484249
5.676679
4.714530
3.271306
2.020513
-0.673504
-1.250794
-1.443223
-1.443223
-2.790232
-4.618315
-6.350183
-10.487424
-9.525275
-9.429060
-7.889621
-11.834432
-17.895971
-22.802930
-25.304518
-26.843956
-24.631013
-22.899145
-21.648352
-20.397558
-22.418071
-25.400733
-26.555311
-23.957509
-18.665690
-13.566300
-9.525275
-4.137241
0.962149
1.250794
1.058364
2.501587
2.212943
2.212943
0.673504
-0.384860
-1.443223
-1.924298
-2.694017
-0.384860
3.559951
7.504762
9.525275
7.216117
3.463736
-0.481074
-1.828083
-1.443223
-2.790232
-2.309158
-4.137241
-5.003175
-6.927473
-7.119902
-5.676679
-3.463736
2.212943
3.367521
-7.408547
-2.790232
-7.504762
-10.006349
-10.487424
-9.525275
-8.082051
-4.329670
-1.058364
-0.577289
0.288645
0.288645
-0.673504
0.192430
1.635653
5.580464
11.642002
14.143590
15.490598
14.817094
15.586813
12.892796
9.429060
10.872283
11.353358
11.353358
11.160928
10.391209
10.776068
9.525275
11.545788
13.181441
12.411722
7.985836
4.425885
0.192430
-0.769719
1.347009
4.425885
8.659341
9.525275
9.813919
11.353358
12.989011
13.662515
9.813919
6.542613
0.865934
-1.154579
-2.212943
-5.099389
-4.810745
-3.752381
-3.656166
-4.425885
-5.676679
-7.119902
-10.102564
-10.391209
-8.466911
-7.408547
-7.697192
-6.061538
-2.982662
-2.116728
-5.580464
-7.600977
-9.332845
-10.487424
-9.621490
-9.813919
-7.600977
-5.195604
-2.212943
-1.443223
-0.962149
-2.212943
-5.003175
-5.965324
-7.119902
-5.772894
-6.831258
-8.851770
-8.659341
-6.350183
-5.676679
-5.869109
-4.522100
-5.388034
-4.714530
-1.154579
1.635653
5.003175
7.600977
9.525275
7.697192
5.195604
3.848596
0.481074
-4.329670
-8.082051
-6.831258
-7.312332
-10.102564
-12.411722
-10.776068
-12.315507
-11.449573
-12.507937
-12.026862
-13.085226
-12.219292
-10.583639
-9.621490
-7.600977
-5.965324
-6.061538
-3.559951
-2.309158
0.000000
0.962149
2.694017
5.580464
6.831258
6.831258
5.772894
4.137241
4.618315
0.481074
0.192430
2.020513
2.020513
2.982662
4.233455
4.233455
4.041026
2.982662
2.405372
1.924298
2.790232
2.597802
5.484249
6.831258
8.466911
12.507937
14.624664
15.298168
15.105739
13.854945
10.872283
6.157753
3.367521
3.944811
1.828083
2.790232
2.694017
2.694017
0.481074
0.865934
1.443223
1.443223
3.752381
4.906960
4.522100
1.539438
2.116728
-0.192430
0.000000
0.096215
0.865934
3.175092
2.982662
4.137241
0.865934
-0.865934
-1.250794
0.673504
0.384860
0.192430
-1.539438
-2.982662
-8.563126
-8.082051
-8.659341
-8.755556
-7.216117
-3.271306
-1.443223
-1.250794
-4.329670
-7.216117
-8.659341
-7.697192
-5.003175
-2.020513
-0.962149
-2.501587
-4.810745
-2.597802
-2.790232
0.288645
3.752381
6.927473
9.044200
5.965324
4.329670
2.597802
-1.539438
0.096215
1.731868
7.889621
10.872283
12.700366
13.277656
10.198779
6.446398
7.600977
12.989011
16.837607
15.201954
15.683028
15.394383
13.085226
11.834432
12.026862
13.373871
12.989011
10.583639
9.621490
9.525275
10.102564
10.102564
10.487424
11.642002
9.621490
6.735043
5.772894
4.906960
3.752381
0.865934
1.635653
5.580464
7.312332
6.253968
5.003175
4.041026
2.982662
0.865934
-1.924298
-2.020513
-2.694017
-5.676679
-9.140415
-12.604151
-13.662515
-14.239805
-13.662515
-10.776068
-8.947985
-9.140415
-9.332845
-12.219292
-12.604151
-13.373871
-9.813919
-5.676679
-1.731868
1.058364
2.212943
-1.154579
-1.731868
-1.635653
-2.212943
-2.501587
-2.020513
-0.288645
-0.962149
-2.982662
-5.388034
-4.714530
-2.212943
-3.367521
-3.463736
-2.212943
-1.635653
-3.463736
-3.271306
-4.618315
-3.752381
-5.195604
-7.119902
-5.099389
-5.291819
-5.003175
-6.157753
-6.157753
-8.082051
-10.006349
-9.429060
-7.408547
-7.889621
-8.563126
-7.793407
-5.195604
-5.195604
-2.405372
-0.384860
0.000000
-1.250794
0.288645
4.425885
3.848596
-0.288645
-2.501587
-5.676679
-5.580464
-6.542613
-6.542613
-5.195604
-4.425885
-4.522100
-3.463736
-1.250794
0.288645
3.656166
6.446398
4.906960
3.559951
2.886447
3.463736
4.618315
4.137241
4.618315
7.312332
6.831258
5.580464
7.119902
5.388034
3.463736
2.694017
1.154579
0.481074
0.000000
-1.635653
-6.061538
-9.332845
-9.525275
-10.679853
-12.123077
-8.755556
-8.082051
-7.985836
-6.446398
-6.157753
-4.041026
-12.604151
-0.096215
-0.481074
0.384860
0.288645
1.058364
2.405372
1.250794
3.367521
5.676679
7.216117
5.291819
5.772894
5.965324
5.003175
2.309158
1.828083
0.962149
-1.539438
-2.886447
-4.041026
-1.828083
1.731868
4.618315
6.927473
7.985836
8.659341
7.504762
5.003175
5.869109
4.329670
4.329670
3.271306
5.388034
6.927473
9.044200
12.411722
14.624664
16.356532
16.356532
14.817094
10.872283
9.621490
7.600977
7.600977
8.659341
7.985836
8.178266
10.294994
10.968498
8.466911
6.735043
7.793407
7.985836
7.985836
8.947985
8.370696
6.927473
5.291819
2.790232
-1.058364
-2.886447
-3.175092
-3.752381
-2.501587
-3.367521
-1.731868
-1.347009
0.577289
0.962149
0.000000
-0.673504
-0.769719
-2.982662
-5.099389
-4.522100
-5.580464
-6.831258
-8.755556
-9.621490
-7.504762
-7.889621
-6.735043
-5.291819
-6.253968
-6.638828
-6.542613
-8.274481
-7.697192
-8.947985
-7.408547
-8.659341
-8.563126
-8.947985
-10.968498
-12.411722
-10.006349
-8.466911
-6.253968
-7.023687
-5.676679
-5.869109
-5.772894
-6.350183
-7.408547
-9.717705
-11.064713
-10.776068
-11.545788
-12.219292
-13.854945
-12.315507
-12.123077
-11.160928
-10.776068
-10.583639
-12.604151
-12.411722
-12.796581
-12.219292
-10.583639
-8.851770
-10.198779
-9.140415
-7.889621
-6.927473
-9.044200
-8.466911
-9.525275
-10.872283
-9.910134
-9.140415
-9.140415
-8.466911
-8.082051
-7.600977
-8.851770
-9.717705
-8.563126
-8.178266
-6.446398
-3.944811
-6.446398
-8.082051
-7.119902
-7.023687
-5.772894
-2.405372
-0.673504
-2.982662
-2.309158
-1.731868
-1.635653
2.212943
3.944811
2.309158
1.347009
1.347009
2.309158
2.405372
2.212943
1.924298
0.673504
-0.288645
-4.618315
-7.408547
-8.178266
-7.312332
-2.790232
0.577289
4.041026
6.157753
3.656166
4.137241
5.003175
4.041026
5.676679
0.481074
10.198779
10.294994
11.738217
7.023687
2.116728
1.635653
2.694017
4.041026
6.735043
8.851770
8.851770
5.869109
2.309158
-2.116728
-2.501587
-8.659341
-2.309158
-4.041026
-5.965324
-6.927473
-7.793407
-6.638828
-4.233455
-3.944811
-4.137241
-3.463736
-3.463736
-5.291819
-4.906960
-4.137241
-1.443223
-0.481074
-1.058364
-1.443223
0.192430
0.481074
3.367521
5.291819
4.522100
3.944811
3.656166
6.638828
6.542613
7.312332
9.236630
10.391209
10.391209
10.102564
9.140415
8.947985
7.697192
7.889621
7.985836
9.621490
8.466911
9.044200
7.793407
9.813919
10.679853
10.391209
9.717705
11.930647
11.930647
14.143590
15.201954
17.030037
17.126252
19.050549
19.531624
19.627839
17.992186
16.741392
14.720879
14.720879
15.009524
15.683028
14.336020
12.892796
13.373871
12.411722
13.854945
12.123077
10.487424
9.332845
6.927473
5.580464
2.116728
-0.192430
-0.288645
-0.288645
0.577289
2.309158
3.271306
5.580464
6.350183
7.889621
9.813919
3.752381
10.776068
12.411722
14.624664
14.432234
8.466911
3.848596
2.309158
1.635653
4.329670
11.064713
14.143590
12.507937
7.600977
5.580464
7.504762
8.755556
13.181441
19.339194
21.936996
19.724054
15.298168
12.411722
12.796581
13.951160
16.260317
17.799756
15.298168
9.813919
4.329670
-1.154579
-3.944811
-4.714530
-0.673504
0.769719
-3.078877
-8.370696
-10.006349
-11.353358
-9.140415
-5.869109
-2.116728
-2.886447
-6.638828
-10.198779
-13.470085
-13.085226
-9.621490
-3.175092
1.828083
0.481074
-6.735043
-14.528449
-17.799756
-14.624664
-7.216117
-1.828083
-3.367521
-9.044200
-17.607326
-21.455922
-22.706716
-19.050549
-13.277656
-9.140415
-10.968498
-14.817094
-20.589988
-20.301343
-16.164103
-10.006349
-6.638828
-3.559951
-6.446398
-10.872283
-14.047375
-9.429060
-0.096215
6.157753
8.466911
6.831258
1.731868
-5.580464
-9.140415
-6.446398
-4.137241
-2.982662
-4.810745
-0.096215
-2.020513
-5.003175
-5.388034
-7.023687
-7.504762
-7.504762
-6.735043
-2.309158
-1.539438
-0.481074
1.058364
0.288645
-1.154579
-2.116728
-2.405372
-1.154579
1.443223
3.271306
3.175092
2.790232
2.020513
2.116728
2.212943
1.443223
1.443223
2.116728
-0.481074
-0.577289
-0.769719
0.769719
2.212943
5.099389
7.504762
7.600977
8.659341
8.947985
7.216117
7.793407
6.542613
9.717705
12.411722
10.968498
8.851770
6.831258
4.041026
0.865934
-1.250794
-3.656166
-3.559951
-3.078877
-3.848596
-5.388034
-5.869109
-6.253968
-6.253968
-4.906960
-5.676679
-7.600977
-13.277656
-4.810745
-4.714530
-4.329670
-2.886447
-1.539438
0.000000
2.116728
2.309158
2.886447
2.020513
-0.481074
-2.020513
-2.405372
-3.752381
-4.329670
-5.484249
-6.157753
-6.927473
-7.697192
-11.257143
-10.198779
-9.717705
-7.119902
-4.618315
-3.656166
-3.463736
-6.542613
-8.659341
-8.851770
-9.525275
-9.236630
-9.332845
-9.429060
-10.776068
-7.504762
-7.793407
-3.078877
-0.769719
1.250794
1.924298
4.522100
5.003175
4.522100
0.000000
-2.020513
-5.195604
-5.388034
-7.216117
-7.697192
-8.178266
-7.216117
-7.697192
-7.985836
-7.889621
-8.755556
-8.082051
-8.755556
-10.872283
-13.470085
-14.239805
-13.373871
-12.989011
-9.236630
-7.119902
-5.772894
-6.542613
-6.157753
-6.542613
-7.504762
-6.927473
-5.291819
-4.425885
-4.329670
-2.694017
-2.212943
-0.673504
-0.962149
-1.635653
-4.618315
-6.638828
-8.851770
-10.391209
-11.160928
-12.219292
-13.277656
-16.933822
-21.167277
-25.208303
-27.421245
-27.709890
-27.036386
-26.170452
-23.572650
-23.187790
-22.995360
-21.744567
-20.493773
-20.205128
-19.339194
-17.992186
-17.895971
-17.222466
-16.260317
-16.741392
-14.720879
-12.123077
-10.776068
-7.023687
-4.041026
-0.288645
3.463736
6.253968
8.466911
7.023687
4.233455
0.673504
-0.865934
-2.309158
-1.924298
-0.865934
-1.443223
-0.384860
0.673504
2.982662
5.676679
8.178266
10.968498
15.298168
18.858120
20.589988
23.476435
25.593162
25.112088
22.802930
23.091575
23.765079
22.225641
20.782418
19.242979
20.301343
20.397558
23.572650
25.304518
28.094750
28.479609
28.575824
25.593162
20.974847
15.971673
10.776068
8.370696
9.332845
8.755556
9.044200
9.621490
9.332845
11.545788
13.277656
11.834432
13.085226
13.566300
12.219292
10.294994
9.044200
4.618315
-2.020513
-8.274481
-11.353358
-12.989011
-15.586813
-9.236630
-6.735043
-7.408547
-9.717705
-10.583639
-11.064713
-9.429060
-6.831258
-3.559951
-1.828083
0.000000
1.347009
2.116728
1.731868
1.443223
3.752381
5.099389
8.082051
9.910134
9.813919
9.621490
9.525275
10.102564
12.411722
15.586813
15.586813
13.854945
11.545788
13.181441
13.758730
12.604151
16.452747
17.992186
17.222466
20.493773
20.782418
18.088400
20.108913
22.418071
25.400733
28.383394
30.884982
32.713065
33.578999
35.310867
36.273016
38.004884
39.640537
38.197314
37.042735
36.946520
35.118437
32.713065
32.039560
29.826618
29.537973
28.768254
26.843956
22.321856
20.974847
19.916484
19.242979
19.242979
17.030037
11.834432
5.965324
1.924298
0.000000
0.000000
-0.865934
-0.577289
0.769719
0.673504
0.096215
-2.982662
-6.446398
-5.388034
1.154579
4.329670
6.638828
5.195604
3.752381
2.694017
1.443223
1.443223
1.154579
-1.828083
-2.597802
-5.291819
-5.869109
-6.446398
-8.563126
-13.854945
-15.201954
-14.047375
-10.006349
-6.927473
-5.388034
-5.772894
-9.429060
-10.872283
-10.968498
-12.026862
-15.009524
-17.030037
-18.280830
-14.913309
-12.892796
-12.123077
-9.813919
-8.466911
-9.813919
-8.178266
-5.003175
-3.752381
-1.731868
1.058364
5.291819
8.851770
12.700366
14.047375
13.854945
13.373871
13.181441
11.064713
7.793407
4.329670
-0.192430
-3.463736
-5.965324
-7.023687
-9.621490
-14.047375
-19.339194
-20.397558
-20.012698
-20.782418
-23.091575
-24.149939
-26.074237
-26.940171
-26.555311
-29.056899
-31.366056
-32.039560
-31.943346
-29.056899
-25.015873
-21.263492
-19.820269
-20.686203
-20.589988
-22.225641
-22.321856
-22.514286
-18.473260
-13.181441
-8.947985
-5.869109
-4.906960
-6.253968
-7.312332
-5.195604
-2.020513
2.790232
6.061538
7.216117
6.638828
6.061538
6.927473
6.350183
7.504762
9.813919
10.294994
11.449573
13.373871
13.277656
15.009524
17.030037
19.435409
21.359707
20.012698
18.184615
14.817094
10.294994
9.140415
7.889621
6.061538
7.023687
9.332845
8.755556
7.889621
8.851770
8.274481
10.391209
13.662515
14.432234
13.662515
14.047375
16.548962
15.009524
15.683028
20.205128
20.782418
18.473260
15.201954
12.026862
9.332845
7.600977
5.484249
5.195604
3.175092
