5.253724
0.508425
1.779487
-1.779487
1.779487
-1.864225
0.508425
-3.813187
-1.779487
-6.948474
-4.745299
-7.372161
-6.440049
-6.778999
-1.610012
-1.948962
2.118437
-0.508425
3.474237
0.932112
6.185836
3.813187
6.863736
5.931624
8.643223
7.202686
11.609035
9.575336
10.676923
6.101099
9.490598
7.711111
10.253236
6.948474
5.253724
0.254212
0.847375
-3.050549
1.948962
0.423687
3.474237
0.677900
5.168987
0.000000
2.626862
-3.220024
-1.525275
-6.609524
-5.423199
-9.660073
-6.694261
-8.558486
-4.491087
-6.778999
-2.626862
-4.830037
-1.101587
-1.694750
2.542125
0.084737
3.050549
0.000000
1.864225
-0.423687
2.542125
-1.355800
1.779487
-0.169475
2.796337
2.118437
7.372161
5.507937
10.337973
7.287424
10.337973
4.067399
6.270574
0.169475
0.677900
-2.881074
3.050549
1.016850
5.084249
2.965812
5.168987
0.169475
6.185836
2.881074
6.355311
4.745299
8.219536
4.914774
9.490598
7.965324
13.642735
11.693773
15.845910
12.625885
13.303785
5.677411
6.016361
0.677900
5.677411
2.457387
7.033211
5.084249
7.541636
1.948962
2.203175
-3.050549
-4.406349
-6.355311
-7.202686
-14.574847
-13.812210
-17.794872
-16.100122
-15.761172
-11.609035
-10.168498
-4.491087
-8.558486
-6.778999
-10.931136
-3.813187
-6.609524
-0.423687
-0.593162
-0.423687
-6.016361
-6.185836
-12.117460
-8.643223
-8.558486
-1.610012
-2.711600
1.016850
-3.474237
-3.050549
-5.677411
0.762637
0.000000
3.304762
-2.457387
-5.423199
-13.303785
-16.184860
-18.726984
-13.896947
-14.574847
-9.151648
-9.999023
-8.812698
-12.117460
-7.711111
-9.405861
-3.474237
-8.982173
-7.372161
-13.134310
-10.761661
-19.828571
-18.557509
-21.777534
-14.829060
-19.404884
-12.795360
-16.608547
-13.727473
-17.032234
-12.371673
-13.473260
-5.846886
-9.321123
-10.253236
-15.083272
-13.219048
-17.286447
-16.947497
-17.455922
-11.863248
-13.219048
-10.761661
-15.930647
-11.863248
-14.235897
-9.066911
-9.575336
-2.965812
-6.270574
-6.609524
-10.337973
-8.134799
-12.456410
-11.015873
-14.574847
-10.592186
-9.490598
-0.847375
-3.897924
2.118437
1.186325
5.084249
1.864225
5.423199
4.830037
10.168498
6.948474
11.693773
11.015873
12.202198
9.321123
11.185348
4.575824
1.016850
-3.304762
3.304762
2.118437
6.440049
6.863736
9.066911
6.948474
10.422711
7.287424
11.185348
6.778999
7.456899
3.474237
6.016361
2.881074
3.474237
-1.694750
-4.491087
-8.558486
-3.220024
-3.050549
1.355800
3.643712
5.423199
5.762149
2.542125
1.271062
0.593162
-1.016850
0.254212
-1.864225
2.118437
3.304762
6.524786
5.677411
8.134799
7.033211
6.609524
5.677411
5.423199
3.897924
1.440537
1.101587
-1.440537
-2.203175
-5.677411
-3.813187
-2.711600
1.016850
0.254212
-0.677900
-4.406349
-2.711600
-5.846886
-6.778999
-10.168498
-12.880098
-14.744322
-12.964835
-11.863248
-11.609035
-13.049573
-10.676923
-10.676923
-9.999023
-9.829548
-8.897436
-8.389011
-5.338462
-4.575824
-3.982662
-4.660562
-3.135287
-2.711600
-0.847375
-1.610012
-1.271062
-1.694750
-2.626862
-4.660562
-2.287912
-0.762637
2.457387
3.897924
5.677411
7.626374
7.456899
7.711111
5.762149
2.626862
-1.016850
-4.830037
-7.795849
-8.304274
-9.744811
-11.015873
-12.880098
-12.710623
-10.592186
-10.422711
-8.897436
-7.626374
-8.473748
-8.134799
-9.236386
-9.490598
-12.710623
-10.422711
-13.134310
-10.168498
-10.253236
-7.287424
-7.541636
-8.050061
-4.575824
-4.236874
-7.033211
-6.778999
-9.829548
-8.643223
-8.982173
-5.507937
-4.406349
-2.287912
-3.982662
-3.982662
-8.050061
-5.592674
-4.575824
-0.254212
-0.338950
-1.779487
-6.270574
-4.745299
-4.152137
-0.084737
3.050549
8.304274
4.406349
14.913797
15.930647
18.388034
17.964347
15.337485
13.303785
12.795360
9.575336
10.761661
8.643223
9.829548
4.745299
-0.762637
-0.254212
2.033700
-1.355800
-0.084737
-0.932112
1.271062
-2.033700
-1.101587
-2.118437
1.525275
0.932112
2.118437
-0.254212
-1.101587
-1.694750
-1.610012
0.000000
6.863736
7.965324
11.609035
9.236386
10.592186
6.185836
9.321123
6.863736
10.083761
5.168987
4.152137
-4.999512
-4.491087
-7.287424
-1.864225
-0.677900
6.524786
7.202686
9.575336
1.864225
6.185836
5.762149
15.083272
16.862759
19.913309
13.303785
11.863248
7.202686
15.337485
18.303297
28.302320
24.997558
19.998046
9.660073
8.219536
4.745299
11.100611
13.812210
20.845421
16.523810
15.845910
9.575336
11.524298
8.982173
13.049573
15.506960
18.981197
14.405372
18.981197
19.150672
26.861783
28.810745
35.505006
35.843956
41.012943
38.470818
42.029792
40.250305
49.740904
51.605128
54.994628
54.231990
54.994628
51.350916
50.757753
49.063004
51.774603
50.588278
51.181441
48.300366
47.707204
43.894017
41.690842
36.521856
36.606593
30.844444
30.674969
24.319658
21.692796
12.964835
12.371673
5.507937
7.711111
2.965812
7.795849
-0.423687
-4.067399
-12.541148
-14.829060
-18.726984
-12.117460
-12.541148
-7.626374
-12.795360
-14.744322
-25.844933
-25.675458
-28.895482
-26.268620
-27.709158
-23.811233
-28.641270
-28.217582
-34.318681
-32.878144
-34.657631
-27.963370
-27.285470
-24.743346
-27.370208
-30.420757
-37.623443
-36.267643
-36.945543
-30.674969
-28.726007
-27.624420
-31.946032
-32.793407
-35.843956
-32.878144
-30.590232
-25.167033
-24.828083
-26.607570
-29.573382
-33.047619
-36.182906
-36.691331
-31.946032
-30.166545
-29.064957
-29.403907
-30.166545
-28.726007
-26.014408
-21.523321
-14.998535
-9.999023
-6.101099
-2.796337
-2.711600
-1.440537
0.254212
-1.610012
-1.864225
-2.626862
-2.626862
-6.778999
-4.914774
-5.931624
-2.881074
-3.220024
-0.508425
1.271062
4.321612
3.897924
6.016361
5.931624
8.558486
6.609524
6.948474
5.507937
7.541636
5.762149
9.236386
8.389011
8.050061
6.609524
6.440049
2.881074
4.914774
-0.508425
4.236874
3.220024
6.778999
6.863736
9.236386
9.236386
14.744322
14.490110
12.625885
4.830037
5.762149
1.864225
3.389499
-0.423687
1.525275
-5.846886
-7.541636
-9.744811
-2.626862
-3.813187
-2.203175
-3.897924
-1.948962
-5.423199
-2.965812
-5.253724
-3.389499
-7.372161
-4.660562
-7.965324
-3.813187
-6.778999
-4.660562
-7.541636
-2.203175
-3.135287
-0.762637
-6.524786
-5.168987
-10.168498
-7.541636
-10.168498
-5.507937
-8.643223
-7.287424
-11.863248
-10.253236
-14.913797
-12.964835
-16.608547
-12.880098
-14.320635
-10.507448
-13.727473
-12.371673
-19.489621
-19.235409
-27.878632
-19.659096
-19.489621
-14.490110
-15.252747
-10.422711
-13.812210
-10.761661
-13.557998
-9.151648
-8.812698
-3.897924
-8.050061
-6.694261
-7.965324
-5.846886
-10.168498
-6.948474
-9.066911
-7.117949
-9.151648
-7.202686
-14.066422
-7.287424
-9.829548
-9.999023
-8.050061
-2.796337
-3.728449
-3.474237
-7.880586
-8.050061
-11.693773
-11.609035
-14.490110
-12.964835
-15.422222
-13.219048
-15.422222
-12.032723
-13.303785
-6.778999
-3.474237
0.169475
-0.084737
2.881074
2.796337
4.236874
2.118437
4.745299
3.813187
7.795849
10.507448
13.134310
11.524298
13.642735
10.253236
12.541148
12.795360
16.947497
16.523810
16.523810
12.625885
12.202198
9.744811
12.541148
11.863248
12.625885
11.015873
9.405861
5.846886
7.541636
6.440049
4.999512
3.728449
7.033211
5.423199
2.457387
0.084737
2.203175
-0.762637
-0.338950
-3.897924
-2.796337
-4.491087
-3.304762
-5.762149
-4.914774
-6.863736
-6.778999
-9.321123
-9.405861
-9.744811
-7.795849
-9.999023
-8.473748
-7.880586
-5.846886
-9.066911
-7.795849
-8.897436
-5.338462
-4.745299
-0.677900
-0.084737
3.813187
4.152137
9.829548
11.524298
13.896947
8.897436
6.948474
2.372650
2.796337
-0.847375
0.847375
0.000000
1.186325
-1.271062
0.169475
-1.610012
0.677900
1.610012
4.999512
4.152137
5.423199
3.897924
2.881074
0.593162
0.593162
-0.932112
0.254212
0.762637
1.610012
0.932112
0.254212
1.440537
2.287912
4.067399
5.253724
4.830037
5.253724
3.813187
2.033700
2.965812
2.287912
2.626862
4.999512
4.830037
-0.847375
3.897924
4.491087
2.118437
3.050549
2.203175
0.254212
2.457387
4.745299
4.067399
4.660562
3.304762
2.203175
5.253724
2.965812
4.830037
4.321612
5.253724
5.338462
6.016361
4.321612
7.202686
5.762149
6.948474
4.999512
6.440049
2.457387
3.813187
2.796337
6.185836
6.524786
4.999512
6.101099
8.219536
7.372161
7.033211
8.304274
9.999023
7.795849
9.490598
6.694261
5.168987
1.016850
1.271062
1.440537
0.847375
0.677900
2.965812
2.287912
3.050549
1.525275
3.728449
2.203175
-2.626862
-2.542125
-4.236874
-6.185836
-4.236874
-4.660562
-5.338462
-6.355311
-4.660562
-5.762149
-4.914774
-5.677411
-4.660562
-3.897924
-2.542125
-5.846886
-5.846886
-11.609035
-9.236386
-11.609035
-9.066911
-10.931136
-6.270574
-8.897436
-4.406349
-4.406349
-0.508425
-0.423687
3.728449
4.067399
6.609524
3.474237
4.321612
1.694750
6.609524
3.220024
2.372650
-0.593162
-0.762637
0.000000
4.745299
6.270574
6.016361
2.796337
6.524786
3.220024
4.830037
2.033700
2.796337
1.694750
2.626862
1.948962
8.473748
8.727961
12.625885
6.948474
7.456899
4.406349
6.609524
6.270574
8.982173
6.355311
8.134799
8.219536
10.168498
6.355311
9.066911
7.372161
9.151648
7.456899
9.321123
6.185836
5.592674
4.491087
5.507937
4.321612
5.846886
5.338462
2.965812
-1.525275
-0.847375
-5.507937
-4.067399
-0.254212
0.423687
0.084737
0.084737
-2.287912
-3.304762
-3.050549
0.677900
5.592674
10.083761
9.151648
5.423199
1.440537
0.254212
0.169475
3.982662
6.609524
7.202686
5.762149
3.813187
2.626862
3.389499
5.168987
4.491087
4.406349
2.203175
0.847375
1.355800
1.779487
1.440537
2.033700
2.965812
1.864225
1.271062
-2.118437
-3.050549
-3.389499
-2.965812
-5.338462
-2.965812
-3.304762
-4.999512
-8.473748
-7.965324
-7.880586
-5.253724
-4.067399
0.423687
0.084737
-2.287912
-7.117949
-11.185348
-12.880098
-7.965324
-7.626374
-5.423199
-4.067399
-3.389499
-4.406349
-2.287912
-2.118437
1.694750
1.355800
0.593162
-5.507937
-7.965324
-11.354823
-10.676923
-10.931136
-6.016361
-4.406349
-3.050549
-4.067399
-4.914774
-7.626374
-4.406349
-5.338462
-1.694750
-0.254212
5.168987
4.914774
5.253724
1.864225
4.914774
-0.932112
-1.948962
-5.338462
-7.202686
-7.965324
-7.541636
-12.032723
-11.439560
-14.405372
-10.168498
-14.235897
-14.574847
-13.134310
-9.575336
-8.643223
-7.795849
-11.609035
-14.235897
-17.455922
-16.100122
-20.421734
-14.151160
-15.591697
-14.490110
-17.879609
-17.032234
-17.371184
-15.506960
-14.659585
-12.710623
-11.609035
-10.507448
-11.185348
-11.354823
-15.252747
-14.235897
-14.913797
-11.270085
-10.761661
-7.372161
-9.236386
-7.202686
-5.592674
-1.948962
-3.050549
-0.847375
-2.457387
-0.762637
-3.897924
-2.542125
-3.304762
0.169475
0.508425
6.355311
6.863736
8.897436
8.134799
10.253236
8.812698
11.015873
9.999023
10.931136
8.643223
10.253236
7.033211
9.321123
6.863736
10.761661
8.050061
6.101099
0.254212
0.000000
-5.507937
-3.813187
-5.168987
0.762637
2.203175
6.948474
7.287424
12.795360
13.388523
15.252747
10.253236
11.863248
8.727961
7.456899
4.491087
3.389499
-1.271062
-0.254212
-1.271062
-0.169475
-2.203175
-1.271062
-4.067399
-1.864225
-3.220024
0.762637
2.287912
4.830037
2.626862
5.423199
3.643712
4.830037
2.626862
2.796337
1.016850
2.372650
1.101587
3.982662
3.897924
7.880586
6.948474
11.270085
9.236386
9.405861
7.372161
8.727961
8.982173
11.863248
10.083761
11.947985
8.558486
9.151648
7.541636
8.643223
6.016361
7.287424
5.846886
5.592674
4.321612
8.304274
6.863736
11.100611
9.829548
11.524298
9.999023
11.270085
9.829548
10.168498
9.321123
11.015873
7.711111
10.846398
9.744811
12.371673
11.947985
12.117460
8.727961
8.897436
7.287424
9.405861
8.304274
4.660562
12.202198
13.303785
12.371673
14.490110
12.456410
15.591697
11.863248
11.778510
8.219536
7.541636
3.643712
2.287912
-3.474237
-3.050549
-9.066911
-4.745299
-11.524298
-10.083761
-13.642735
-9.829548
-13.303785
-10.846398
-14.320635
-13.303785
-13.727473
-11.015873
-12.880098
-11.015873
-13.134310
-11.947985
-22.794383
-10.846398
-12.710623
-10.168498
-12.202198
-9.321123
-9.490598
-9.236386
-10.337973
-9.914286
-12.541148
-12.625885
-19.743834
-19.828571
-23.811233
-20.675946
-21.777534
-21.014896
-21.269109
-19.489621
-22.963858
-21.523321
-22.540171
-21.777534
-20.845421
-18.303297
-15.845910
-12.880098
-12.202198
-9.660073
-8.558486
-9.321123
-9.490598
-11.863248
-11.185348
-10.761661
-9.744811
-9.236386
-7.372161
-5.253724
-2.372650
1.610012
2.881074
2.118437
2.118437
3.135287
0.423687
4.830037
7.033211
7.965324
7.287424
9.744811
13.303785
15.930647
15.761172
16.523810
17.455922
16.269597
14.490110
12.286935
11.354823
9.575336
10.253236
7.372161
7.372161
7.202686
5.846886
5.168987
5.677411
5.592674
4.152137
4.830037
4.236874
7.541636
7.880586
6.101099
5.168987
6.016361
2.711600
3.304762
3.135287
8.219536
7.795849
8.304274
10.846398
10.846398
7.626374
8.643223
6.863736
6.440049
5.762149
3.135287
1.016850
-2.457387
-3.389499
-0.932112
2.457387
2.033700
0.932112
-3.389499
-1.610012
-2.796337
-4.321612
-3.558974
-3.813187
-4.152137
-3.220024
-7.541636
-9.829548
-9.999023
-6.948474
-4.830037
-2.965812
0.338950
2.626862
5.084249
5.592674
5.253724
8.304274
11.185348
13.812210
15.168010
16.862759
17.371184
15.168010
9.575336
5.931624
2.287912
3.135287
6.778999
9.151648
6.355311
5.931624
-0.762637
-2.881074
-8.812698
-8.304274
-9.151648
-6.355311
-7.711111
-7.965324
-13.557998
-12.456410
-14.320635
-9.066911
-8.134799
-2.203175
-1.101587
1.186325
-2.203175
-1.610012
-6.524786
-8.219536
-13.812210
-13.303785
-15.676435
-14.913797
-17.540659
-14.320635
-14.998535
-13.219048
-14.320635
-12.456410
-11.863248
-8.389011
-7.965324
-5.677411
-6.948474
-5.507937
-6.524786
-5.592674
-6.440049
-7.287424
-8.558486
-8.473748
-9.999023
-8.727961
-6.948474
-7.287424
-5.423199
-4.321612
-3.050549
0.000000
-0.338950
3.220024
1.948962
0.762637
-1.186325
-0.508425
-0.847375
-0.847375
-1.864225
-1.101587
-2.796337
-1.779487
-5.338462
-3.304762
-5.592674
-4.830037
-8.389011
-8.982173
-10.337973
-9.151648
-6.524786
-1.101587
0.000000
2.965812
2.711600
2.287912
1.610012
1.525275
-0.338950
-2.542125
-4.914774
-1.610012
-4.236874
-2.626862
-2.965812
-0.084737
1.101587
2.203175
3.389499
6.948474
6.016361
7.965324
8.050061
10.422711
10.083761
11.439560
7.711111
9.575336
7.626374
7.033211
4.575824
4.999512
0.169475
0.084737
-1.101587
-0.254212
-0.169475
2.287912
1.610012
6.270574
6.778999
9.236386
6.863736
7.880586
4.914774
9.490598
8.389011
11.947985
9.999023
14.744322
15.337485
17.964347
15.168010
16.439072
11.693773
13.388523
3.897924
9.575336
6.270574
8.219536
7.626374
9.660073
5.507937
8.050061
4.321612
5.592674
2.372650
2.626862
-2.118437
-1.016850
-5.762149
-6.355311
-17.286447
-11.524298
-14.320635
-8.389011
-8.982173
-4.236874
-4.236874
0.932112
-0.254212
2.372650
3.982662
7.795849
2.796337
3.897924
-5.253724
-9.575336
-15.506960
-14.998535
-16.862759
-9.066911
-7.711111
-3.982662
-8.050061
-5.762149
-6.863736
-3.050549
-1.610012
5.592674
1.779487
3.474237
-2.881074
-0.338950
-0.762637
2.626862
0.508425
-3.728449
-0.254212
-0.423687
-6.440049
-7.626374
-11.185348
-10.168498
-10.931136
-6.355311
-9.829548
-5.762149
-8.982173
-6.185836
-7.965324
-2.118437
-0.677900
4.236874
1.948962
6.863736
3.135287
5.592674
0.847375
6.016361
2.118437
5.338462
2.965812
4.575824
0.677900
5.168987
0.762637
4.575824
4.660562
8.304274
4.914774
5.338462
1.610012
2.881074
-1.779487
3.728449
0.169475
3.813187
1.355800
5.423199
-1.186325
-0.169475
-4.745299
-1.864225
-3.813187
-3.050549
-5.592674
-2.881074
-4.321612
-0.677900
-2.203175
1.440537
-0.508425
0.169475
-5.846886
-4.999512
-11.947985
-11.947985
-16.523810
-13.557998
-13.219048
-10.253236
-10.083761
-5.338462
-5.592674
-6.016361
-8.473748
-6.694261
-6.778999
-1.271062
0.847375
4.914774
7.880586
12.541148
11.439560
11.524298
9.405861
12.371673
12.795360
14.574847
14.151160
13.812210
11.778510
13.896947
11.778510
13.896947
13.812210
14.066422
12.456410
11.270085
8.643223
10.083761
7.965324
11.354823
9.151648
9.660073
9.914286
11.354823
11.609035
16.862759
15.083272
16.269597
15.422222
17.710134
16.523810
14.659585
12.541148
14.320635
7.541636
10.931136
10.253236
12.202198
12.541148
14.744322
12.117460
13.049573
8.558486
6.185836
2.457387
2.796337
0.847375
2.711600
-1.948962
-4.406349
-8.389011
-8.558486
-10.168498
-3.389499
-1.948962
0.000000
-7.711111
-11.354823
-16.100122
-14.151160
-10.676923
-5.846886
-4.321612
-5.338462
-10.253236
-12.117460
-11.863248
-8.050061
-4.660562
-4.152137
-0.847375
-4.660562
-6.185836
-5.168987
-5.507937
-3.643712
-3.135287
-5.592674
-8.982173
-14.151160
-14.998535
-18.557509
-16.778022
-14.066422
-8.897436
-7.626374
-6.440049
-8.643223
-10.168498
-11.185348
-8.134799
-8.050061
-2.881074
-5.168987
-4.575824
-6.185836
-4.999512
-5.677411
-3.897924
-2.457387
-0.169475
-0.169475
-6.185836
4.745299
9.575336
10.168498
15.083272
14.998535
17.794872
16.354335
18.472772
15.422222
15.930647
11.693773
13.557998
12.371673
15.845910
13.642735
13.981685
10.253236
6.185836
-0.338950
1.355800
0.847375
3.982662
2.796337
3.135287
-0.847375
-2.542125
-8.897436
-10.083761
-15.761172
-13.219048
-17.455922
-15.676435
-18.218559
-17.371184
-25.421245
-25.336508
-29.742857
-26.014408
-26.268620
-21.014896
-22.116484
-21.099634
-25.844933
-27.963370
-31.776557
-26.522833
-27.793895
-22.031746
-22.963858
-19.150672
-23.895971
-22.116484
-28.556532
-27.963370
-31.183394
-27.370208
-31.013919
-27.115995
-32.115507
-31.522344
-36.267643
-34.911844
-36.776068
-34.064469
-35.505006
-30.420757
-32.454457
-27.454945
-31.098657
-28.980220
-31.437607
-28.471795
-30.420757
-24.573871
-24.828083
-18.049084
-16.693284
-9.405861
-10.676923
-6.524786
-10.846398
-9.236386
-11.185348
-8.727961
-11.524298
-5.762149
-6.694261
-3.982662
-6.101099
-3.474237
-5.677411
-3.558974
-4.830037
-1.694750
-2.118437
1.948962
2.626862
6.101099
6.185836
8.134799
6.948474
9.405861
8.134799
11.185348
9.066911
10.337973
8.304274
11.947985
9.999023
15.506960
12.710623
14.744322
14.659585
17.371184
15.761172
14.998535
17.286447
18.981197
20.845421
21.184371
22.370696
22.540171
23.811233
22.709646
22.285958
23.048596
23.048596
22.540171
23.811233
26.014408
26.014408
24.404396
23.218071
19.065934
19.743834
17.455922
18.811722
19.828571
19.150672
15.337485
14.998535
12.117460
10.507448
8.304274
7.372161
6.778999
8.219536
7.033211
4.152137
0.762637
2.203175
1.271062
2.372650
1.948962
2.796337
2.542125
3.813187
1.355800
0.593162
-1.101587
1.101587
0.000000
0.847375
-0.508425
1.016850
-2.457387
-2.033700
-5.931624
-5.084249
-8.219536
-5.762149
-5.507937
-2.118437
-2.118437
1.186325
-1.016850
1.525275
0.847375
3.389499
3.897924
7.795849
4.067399
4.745299
4.406349
6.694261
6.524786
11.185348
10.507448
15.083272
14.490110
17.964347
13.727473
13.303785
11.354823
13.473260
10.592186
8.812698
10.507448
13.896947
12.964835
18.642247
14.998535
14.405372
11.015873
12.032723
9.660073
11.100611
6.778999
10.337973
5.338462
7.117949
4.914774
9.575336
6.524786
9.151648
3.813187
6.778999
1.779487
5.423199
2.965812
8.897436
7.372161
10.083761
7.033211
8.727961
5.762149
12.456410
10.422711
15.083272
14.574847
20.336996
17.116972
19.150672
14.066422
15.252747
12.625885
13.219048
9.066911
12.964835
10.083761
14.151160
11.270085
12.795360
7.372161
10.761661
8.134799
11.354823
10.846398
12.032723
10.931136
14.151160
13.134310
16.269597
13.642735
5.592674
8.727961
8.558486
1.779487
-0.508425
-3.897924
-4.830037
-9.405861
-7.456899
-9.490598
-6.270574
-9.236386
-5.846886
-9.066911
-7.626374
-10.592186
-6.948474
-8.982173
-7.541636
-12.202198
-10.253236
-14.235897
-13.473260
-14.235897
-9.151648
-8.389011
-6.355311
-8.050061
-4.067399
-7.880586
-3.643712
-2.711600
2.203175
4.067399
5.423199
0.762637
-0.084737
-4.067399
0.084737
1.610012
5.084249
4.914774
5.677411
5.253724
4.660562
3.982662
4.491087
5.423199
6.270574
2.626862
2.203175
-8.982173
0.084737
-2.287912
-1.016850
-3.813187
-6.016361
-10.676923
-12.456410
-11.524298
-6.270574
-5.253724
-2.542125
-4.067399
-3.558974
-6.016361
-5.168987
-3.304762
-0.338950
2.118437
1.355800
-2.372650
-2.542125
-6.609524
-4.660562
-2.796337
3.050549
4.745299
4.491087
-2.881074
-6.185836
-11.270085
-8.727961
-10.676923
-6.863736
-8.643223
-4.575824
-11.609035
-12.032723
