0.254212
6.863736
-2.203175
4.067399
-3.050549
4.406349
-2.542125
1.101587
-4.660562
-3.558974
-10.846398
-2.965812
-8.304274
-4.660562
-7.033211
-2.203175
-7.880586
-0.338950
-4.999512
1.694750
-1.610012
1.355800
-5.084249
1.101587
-4.491087
-1.355800
-7.626374
-3.050549
-5.168987
2.203175
-9.066911
-6.016361
-11.439560
-0.593162
-2.372650
2.626862
-1.101587
2.118437
-8.558486
-4.660562
-9.660073
-0.932112
-6.778999
-0.254212
-3.982662
1.948962
-3.304762
1.271062
-4.914774
2.203175
0.847375
5.423199
-3.474237
-0.762637
-2.881074
2.796337
-3.728449
2.372650
0.254212
5.592674
1.610012
6.355311
3.389499
11.100611
3.389499
5.677411
4.067399
6.270574
-1.864225
-0.338950
-2.033700
3.813187
1.440537
7.372161
2.626862
2.457387
-0.677900
0.847375
0.000000
1.016850
-4.745299
3.220024
3.304762
2.033700
0.338950
8.558486
9.744811
9.490598
2.796337
3.813187
3.982662
6.185836
3.220024
4.575824
2.287912
5.084249
2.965812
6.694261
7.626374
6.355311
-2.033700
2.542125
-5.253724
10.507448
9.151648
14.998535
12.456410
13.557998
7.287424
8.812698
2.203175
9.744811
2.626862
4.575824
-0.677900
3.813187
2.033700
6.863736
2.372650
4.321612
-2.033700
4.491087
2.457387
10.168498
4.152137
6.355311
0.508425
6.440049
0.847375
5.931624
-2.203175
2.965812
-4.999512
0.084737
-3.135287
5.338462
0.677900
2.542125
-7.541636
-1.864225
-3.135287
4.745299
1.694750
10.083761
8.643223
14.913797
6.440049
12.371673
9.914286
14.490110
3.897924
-1.440537
-7.117949
3.643712
0.593162
7.456899
-3.389499
2.542125
-7.711111
-0.847375
-10.337973
-3.558974
-9.236386
-2.796337
-2.033700
2.542125
-3.474237
-4.152137
-10.761661
-5.592674
-9.914286
-1.610012
-1.948962
2.118437
-4.660562
-2.372650
-4.914774
4.660562
3.050549
7.711111
-0.423687
-0.677900
-7.117949
-2.203175
-2.203175
2.118437
-1.016850
1.525275
-2.457387
2.033700
1.864225
6.016361
-1.779487
5.931624
4.575824
8.389011
3.558974
6.863736
3.050549
4.067399
5.677411
5.677411
4.830037
3.813187
6.185836
9.829548
4.321612
6.609524
7.626374
8.304274
7.965324
2.542125
1.101587
0.423687
2.203175
5.846886
8.050061
4.321612
-0.338950
-0.762637
-0.169475
-3.643712
2.626862
-0.847375
-0.847375
-3.304762
-1.186325
1.440537
2.457387
-0.932112
-4.914774
-6.270574
-4.830037
-2.203175
-1.016850
-1.948962
0.932112
-0.254212
2.033700
0.508425
7.372161
8.982173
12.032723
8.982173
7.202686
2.203175
0.084737
-0.423687
1.186325
0.000000
-0.084737
-1.186325
-2.457387
-1.779487
-4.236874
-5.507937
-0.593162
-5.253724
-1.779487
-1.948962
3.135287
-1.101587
0.847375
0.847375
1.694750
1.694750
3.474237
0.254212
2.626862
0.847375
-2.711600
-4.660562
0.169475
-0.423687
4.660562
1.440537
-0.254212
-2.118437
2.033700
-3.897924
-3.474237
-9.914286
-3.728449
-3.135287
-3.135287
-6.185836
-2.118437
-3.982662
-2.881074
-5.507937
-4.745299
-8.643223
-1.525275
-5.253724
-2.118437
-7.287424
-1.525275
0.593162
7.287424
-2.796337
0.508425
-5.846886
0.677900
-3.135287
-0.762637
-8.643223
-5.846886
-7.372161
1.694750
-4.575824
2.457387
0.169475
5.338462
-4.067399
2.203175
-3.558974
1.440537
-0.169475
7.202686
3.643712
7.541636
2.287912
3.304762
-4.575824
0.169475
-3.558974
3.474237
0.169475
3.389499
-0.593162
3.643712
-0.508425
-1.948962
-7.456899
-2.203175
-3.050549
1.016850
0.847375
-1.440537
-8.982173
-8.389011
-5.931624
-2.711600
-2.965812
-2.287912
-6.440049
-2.711600
0.762637
-0.762637
-0.423687
-1.525275
-1.779487
-4.406349
-2.965812
-2.033700
0.677900
3.389499
6.440049
1.186325
2.203175
-1.101587
3.982662
-2.881074
-0.677900
-7.626374
-2.796337
-4.660562
4.660562
0.847375
4.321612
-4.236874
-1.355800
-7.456899
-2.457387
-6.524786
-1.186325
-7.202686
-0.169475
-3.474237
-0.338950
-4.406349
-1.440537
-4.999512
0.932112
-2.457387
2.965812
-0.847375
4.660562
-1.271062
1.186325
-2.796337
1.694750
-3.050549
0.254212
-2.118437
1.271062
4.406349
6.609524
8.389011
7.456899
2.881074
0.677900
-2.457387
-4.745299
-4.491087
-4.999512
-3.050549
-5.423199
-2.457387
-3.304762
-0.847375
-4.830037
1.440537
-2.626862
0.423687
-3.813187
2.372650
-5.762149
-2.118437
-9.744811
-3.813187
-10.846398
-6.270574
-9.660073
-2.542125
-5.168987
2.796337
-1.186325
3.050549
-2.542125
-1.694750
-10.168498
-6.185836
-7.880586
1.016850
-3.389499
5.253724
0.000000
3.897924
-2.711600
-0.169475
-4.745299
1.016850
-3.220024
0.932112
-1.440537
3.643712
-0.847375
2.796337
-2.457387
-6.016361
-11.947985
-8.134799
-8.727961
-3.220024
-9.066911
-5.846886
-2.457387
1.101587
0.169475
-1.610012
-5.423199
-6.270574
-7.202686
-2.626862
-1.525275
-2.287912
-0.762637
-1.016850
-1.355800
-5.846886
-7.033211
-13.219048
-5.677411
-5.592674
1.271062
-1.864225
2.372650
0.423687
2.965812
-1.016850
2.033700
2.542125
8.812698
6.863736
10.592186
7.880586
14.913797
7.033211
8.812698
0.932112
7.541636
3.304762
8.812698
0.423687
6.524786
-0.423687
3.897924
1.779487
7.117949
1.864225
6.778999
-0.932112
-0.254212
-4.236874
-0.423687
-4.067399
0.338950
-2.033700
4.745299
1.864225
4.236874
3.220024
3.474237
2.118437
0.677900
-0.847375
-3.135287
-2.372650
-3.813187
-1.101587
-2.626862
-2.796337
-2.796337
-0.338950
-2.203175
-0.762637
-5.423199
-1.694750
-3.304762
0.677900
-2.033700
-0.762637
-6.524786
-0.338950
-2.796337
0.762637
-5.931624
-0.677900
-4.406349
2.965812
-5.423199
-0.593162
-8.389011
-1.525275
-6.609524
-4.745299
-10.168498
-4.406349
-5.931624
-0.762637
-2.881074
3.304762
-2.372650
4.914774
-0.593162
1.525275
-3.813187
-1.440537
-4.236874
1.948962
-1.525275
3.304762
1.355800
2.881074
-1.016850
0.338950
-2.287912
-2.203175
-4.067399
-2.118437
-4.491087
-3.558974
-3.389499
0.677900
0.677900
-2.203175
-2.203175
-3.389499
-4.914774
-7.287424
-2.118437
-1.779487
1.355800
-4.830037
-1.525275
-1.525275
4.236874
2.372650
5.931624
2.965812
5.592674
-1.101587
6.270574
2.542125
7.202686
4.575824
12.625885
8.473748
13.727473
9.066911
11.354823
2.372650
5.168987
1.016850
6.355311
2.372650
6.270574
1.101587
4.575824
-2.203175
1.016850
-4.745299
0.000000
-4.321612
2.033700
-0.847375
4.067399
-1.016850
1.355800
-3.558974
-2.711600
-9.236386
-5.592674
-6.863736
-5.677411
-3.474237
-2.287912
-3.982662
-2.118437
-1.271062
0.508425
3.135287
5.931624
8.558486
9.151648
6.440049
4.152137
1.694750
1.610012
2.881074
-3.558974
-2.118437
-3.474237
-2.542125
-4.152137
-2.203175
-3.813187
-3.304762
-9.236386
-9.660073
-10.931136
-10.083761
-11.524298
-8.812698
-9.744811
-5.168987
-6.694261
-1.779487
-2.033700
0.932112
-2.033700
3.813187
-1.016850
3.897924
-5.338462
-0.677900
-7.033211
-5.338462
-7.965324
-3.220024
-4.830037
0.762637
-6.609524
-2.965812
-4.999512
0.762637
0.423687
3.982662
-2.287912
1.016850
-3.050549
3.558974
0.338950
4.660562
-2.542125
1.525275
-1.948962
0.338950
-2.203175
5.084249
0.508425
5.084249
-1.610012
2.372650
-1.864225
1.440537
-4.491087
1.948962
-3.050549
1.186325
-2.203175
1.355800
-2.796337
2.711600
-0.084737
3.474237
1.016850
2.796337
0.762637
0.338950
-1.186325
1.440537
-0.847375
1.101587
0.932112
1.779487
-1.271062
0.593162
-2.372650
-2.118437
-7.795849
-3.389499
-0.254212
-2.542125
-0.338950
-2.118437
-1.948962
-4.745299
-3.474237
-2.203175
-0.593162
-2.711600
-0.932112
-3.389499
-2.287912
-5.507937
-4.575824
-6.355311
-5.338462
-8.897436
-3.050549
-5.507937
-0.932112
-4.491087
1.101587
0.254212
4.067399
-2.203175
2.118437
-8.389011
0.338950
-0.508425
6.778999
2.033700
7.202686
2.457387
6.524786
1.440537
3.813187
-3.304762
-1.355800
-5.168987
0.677900
-6.101099
-0.508425
-4.575824
-1.016850
-9.999023
-2.711600
-6.948474
-2.203175
-7.880586
-3.304762
-7.372161
-2.965812
-4.067399
1.948962
-0.169475
2.881074
-4.067399
2.372650
-1.271062
2.542125
-0.932112
3.728449
-3.813187
-1.016850
-1.948962
2.287912
-1.016850
1.440537
-3.220024
-1.440537
-5.592674
-0.677900
-3.220024
-2.457387
-3.050549
2.796337
1.016850
1.440537
1.694750
1.101587
1.271062
-0.593162
-2.118437
1.186325
0.423687
-0.677900
-2.033700
0.932112
-2.457387
-2.203175
-1.016850
-3.050549
-6.016361
-4.406349
-3.474237
-2.626862
-5.338462
-3.304762
-4.321612
-1.694750
-5.677411
-1.779487
-1.355800
1.355800
-0.677900
0.423687
-1.016850
-0.508425
-1.186325
0.847375
-5.168987
-1.525275
-2.203175
1.186325
2.626862
3.135287
2.626862
4.406349
-0.169475
0.932112
-1.694750
2.203175
-0.847375
5.762149
0.169475
3.304762
1.610012
6.524786
5.677411
9.490598
5.084249
7.626374
2.203175
0.847375
0.338950
7.965324
2.965812
2.203175
3.474237
6.863736
5.592674
10.253236
5.762149
4.914774
-2.542125
-1.101587
-1.948962
1.355800
1.948962
3.813187
3.474237
5.423199
4.236874
6.016361
-0.084737
3.220024
3.643712
6.694261
9.914286
12.286935
8.982173
8.304274
5.592674
8.304274
7.711111
5.931624
3.558974
2.457387
5.253724
6.016361
4.999512
2.626862
7.033211
9.236386
9.999023
5.677411
3.474237
4.152137
5.677411
3.728449
4.236874
2.033700
2.372650
1.186325
5.592674
3.474237
5.592674
0.508425
-1.525275
-2.965812
5.168987
3.982662
7.541636
1.864225
1.864225
-1.948962
-0.423687
-3.643712
1.016850
-0.084737
0.508425
-1.271062
-0.423687
-3.389499
0.338950
-4.067399
0.254212
-4.236874
-0.847375
-1.694750
3.220024
1.779487
-0.593162
-6.185836
-5.168987
-5.762149
0.508425
-0.084737
3.982662
1.186325
1.694750
-1.355800
0.847375
-2.711600
-1.016850
-0.847375
-0.169475
-4.914774
0.000000
1.101587
8.134799
3.304762
3.220024
-3.643712
-1.610012
-0.338950
4.321612
-0.423687
-2.287912
-5.507937
0.762637
-2.796337
-3.813187
-6.609524
-6.185836
-6.948474
-0.254212
-0.847375
0.254212
-2.287912
-2.287912
-3.474237
-2.457387
-3.897924
-3.389499
-3.135287
-0.677900
-2.118437
-0.847375
-0.169475
2.287912
2.033700
1.186325
-1.440537
-2.796337
-0.677900
0.677900
0.000000
5.338462
3.982662
6.101099
6.185836
3.813187
0.254212
-2.796337
-2.965812
-2.711600
-1.186325
0.423687
-0.423687
-1.948962
0.423687
-2.796337
-4.491087
-7.795849
-6.016361
-4.491087
-0.932112
-1.101587
0.084737
-2.542125
-0.508425
-7.202686
-1.525275
-6.694261
-3.558974
-8.727961
-2.033700
-6.863736
-2.457387
-6.270574
-0.593162
-4.999512
-0.254212
-6.101099
1.016850
-5.338462
2.287912
-3.474237
2.203175
-2.118437
3.897924
-0.847375
1.525275
-4.236874
-0.169475
-4.999512
1.016850
-2.203175
1.016850
-1.948962
6.440049
2.118437
4.914774
1.948962
1.864225
-1.610012
0.423687
1.525275
0.847375
-0.593162
0.169475
2.542125
1.355800
1.186325
1.525275
2.965812
1.610012
1.779487
0.932112
3.050549
-1.016850
1.186325
-4.914774
0.593162
-2.711600
4.575824
-3.813187
0.677900
-1.779487
3.135287
-4.236874
1.694750
-1.864225
4.914774
3.982662
8.982173
1.694750
4.745299
0.677900
7.795849
-1.525275
5.168987
0.677900
5.592674
0.000000
4.067399
-0.847375
4.321612
0.169475
4.914774
-0.593162
4.152137
-0.423687
4.914774
-2.626862
2.118437
-3.982662
0.508425
-4.830037
-3.389499
-3.474237
3.474237
0.423687
-0.169475
-1.525275
1.016850
-3.304762
-1.101587
-1.694750
1.610012
0.423687
0.084737
-1.525275
1.101587
0.932112
-3.474237
-2.287912
-1.694750
2.372650
0.508425
-2.542125
-13.303785
-11.609035
-4.914774
1.440537
0.169475
-5.338462
-4.067399
-2.542125
-7.202686
3.474237
0.847375
5.253724
1.525275
4.067399
0.254212
3.982662
2.287912
6.440049
-1.016850
-0.932112
-10.337973
0.762637
-1.186325
10.592186
5.423199
7.965324
1.440537
5.677411
-0.593162
8.897436
1.440537
6.948474
3.813187
10.931136
8.558486
14.659585
14.744322
11.270085
0.338950
0.084737
-4.575824
0.084737
0.508425
3.304762
4.575824
7.711111
3.982662
5.168987
0.762637
1.779487
2.203175
-0.423687
0.423687
1.016850
7.287424
8.897436
7.202686
1.610012
1.101587
-0.762637
3.474237
4.236874
5.762149
-0.508425
7.287424
5.423199
6.948474
0.677900
2.372650
-0.338950
2.457387
-4.067399
0.677900
-4.830037
1.440537
-2.711600
0.932112
-1.186325
2.796337
-0.593162
2.457387
-5.423199
-1.948962
-4.236874
0.254212
-7.033211
-2.287912
-5.253724
-2.287912
-8.389011
-6.609524
-8.389011
-4.575824
-3.389499
1.186325
0.169475
-2.372650
-7.202686
-5.846886
-2.965812
-3.897924
-2.711600
0.338950
0.677900
-0.508425
-1.864225
0.084737
1.186325
-1.101587
0.762637
-6.185836
-2.796337
-3.982662
1.271062
-2.372650
6.185836
-4.830037
-3.389499
-9.236386
-2.626862
-4.491087
1.186325
-2.626862
1.355800
-4.830037
2.287912
-5.931624
-4.321612
-14.659585
-1.610012
-5.592674
-3.220024
-8.982173
-6.524786
-7.711111
-4.491087
-5.762149
1.186325
0.000000
1.271062
-0.423687
3.813187
3.220024
6.948474
1.186325
-3.643712
-6.524786
-8.134799
-8.219536
-2.542125
2.881074
0.593162
3.897924
0.508425
-0.423687
-5.762149
-3.474237
-8.219536
-3.474237
-5.931624
-3.558974
-7.711111
0.254212
-1.610012
2.372650
-2.881074
1.186325
-6.185836
1.694750
-3.813187
3.304762
0.932112
7.287424
0.169475
1.525275
-3.897924
2.118437
-4.321612
-2.796337
-5.592674
4.660562
-3.643712
-1.271062
-4.406349
2.287912
-2.287912
1.440537
-5.846886
-0.254212
-4.914774
-2.542125
-12.032723
-1.440537
-2.287912
6.270574
-0.677900
1.694750
-5.677411
-1.948962
-7.965324
-3.728449
-13.727473
-6.778999
-10.168498
-4.575824
-7.965324
0.254212
-2.626862
-2.965812
-8.727961
-6.440049
-5.168987
-7.795849
-3.813187
-2.965812
-5.846886
-8.389011
-10.253236
-8.050061
-8.134799
-6.694261
-5.338462
-2.372650
-0.254212
-2.881074
-3.389499
-8.982173
-3.474237
-3.728449
1.016850
-1.440537
-0.169475
-4.830037
-0.847375
-1.610012
2.372650
-6.355311
-4.575824
-4.914774
2.287912
-4.660562
-0.762637
-4.491087
2.711600
-3.643712
0.254212
-7.202686
-6.101099
-13.219048
-3.728449
-3.982662
-1.525275
-3.389499
2.626862
-0.254212
4.914774
-1.271062
1.186325
-5.507937
-2.372650
-5.931624
0.593162
1.779487
4.999512
-1.271062
-2.542125
-6.694261
-1.101587
3.220024
5.762149
2.372650
4.999512
-0.677900
2.457387
0.762637
0.423687
-0.338950
0.084737
3.304762
7.033211
3.050549
-2.796337
-4.491087
0.508425
3.643712
1.016850
-1.355800
-1.186325
2.033700
-1.355800
0.762637
0.169475
4.660562
-1.355800
2.542125
0.338950
-0.338950
-6.440049
-0.508425
0.084737
4.830037
1.271062
2.881074
-4.745299
-2.796337
-8.473748
-3.728449
-9.236386
-6.270574
-10.761661
-4.575824
-5.762149
0.847375
-4.406349
-1.948962
-3.050549
2.287912
-3.050549
2.287912
-2.796337
1.610012
-4.830037
0.847375
-4.575824
1.525275
-1.016850
5.338462
0.169475
3.813187
-0.508425
5.592674
-1.271062
2.033700
-4.491087
0.508425
-1.779487
2.118437
0.423687
1.186325
-2.203175
0.762637
-0.593162
1.779487
1.355800
2.033700
-1.271062
-3.220024
-7.372161
-8.812698
-9.236386
-3.813187
-1.101587
2.287912
1.525275
-1.186325
-2.118437
-0.423687
1.101587
-0.254212
0.169475
-3.897924
-4.745299
-5.592674
-1.440537
0.254212
5.338462
5.253724
9.066911
8.473748
8.473748
2.457387
5.253724
3.050549
5.762149
1.948962
3.728449
3.135287
4.491087
3.135287
6.440049
4.830037
8.134799
5.846886
7.456899
5.338462
4.745299
3.050549
2.711600
1.779487
4.152137
3.813187
4.575824
1.948962
2.203175
2.203175
1.355800
0.762637
1.271062
-1.271062
-0.508425
-5.677411
-4.745299
-0.593162
-0.254212
-2.626862
-10.083761
-5.762149
-4.575824
-3.643712
-3.558974
-7.965324
-3.389499
-5.931624
-1.610012
-4.830037
-3.389499
-9.151648
-2.796337
-3.558974
-0.593162
-7.117949
-1.101587
-4.999512
1.271062
-1.101587
4.406349
3.558974
8.473748
2.796337
3.897924
-7.372161
-3.728449
-6.440049
2.457387
-3.813187
1.355800
-4.999512
-0.169475
-4.745299
-1.016850
-5.507937
-0.677900
-4.321612
3.135287
-4.999512
-2.372650
-5.084249
1.864225
1.525275
6.778999
1.186325
6.101099
-0.423687
5.168987
-2.965812
3.220024
-2.626862
1.779487
-0.593162
3.982662
-1.610012
10.507448
6.694261
11.524298
7.033211
9.236386
4.067399
2.711600
3.897924
6.863736
0.677900
5.677411
0.762637
2.372650
2.711600
7.711111
5.507937
11.609035
2.118437
4.660562
-1.186325
2.542125
-4.321612
-0.169475
-5.592674
-1.864225
-4.999512
4.575824
-2.457387
3.474237
-1.610012
7.626374
3.304762
8.219536
2.457387
7.033211
0.169475
4.999512
0.254212
6.185836
2.542125
2.457387
-4.830037
0.593162
-5.507937
-1.016850
-6.863736
-0.423687
-6.524786
-1.525275
-4.575824
-0.593162
-9.829548
-4.236874
-5.253724
-1.355800
-7.287424
-1.016850
-1.016850
5.507937
0.169475
4.830037
-1.610012
-0.847375
-5.253724
-1.271062
-7.287424
-1.864225
-4.321612
0.847375
-5.253724
-2.287912
-3.728449
2.203175
-2.118437
5.253724
1.101587
4.321612
-4.236874
-2.203175
-4.152137
1.355800
-6.355311
2.118437
1.694750
5.507937
-3.643712
0.508425
-4.575824
1.694750
-0.677900
3.558974
-1.186325
4.660562
-2.033700
5.931624
3.643712
6.694261
0.847375
6.948474
2.372650
7.880586
0.762637
6.863736
5.338462
10.592186
3.643712
6.270574
0.593162
0.338950
-3.897924
2.118437
0.084737
6.948474
6.016361
11.693773
4.406349
6.948474
0.762637
3.813187
-0.423687
3.050549
0.254212
3.728449
1.101587
3.135287
0.338950
1.355800
-5.168987
-9.490598
-14.998535
-8.897436
-7.626374
-2.542125
-2.287912
-3.220024
-4.999512
-9.999023
-6.948474
-6.101099
-6.778999
-7.202686
-7.965324
-7.372161
-3.474237
-4.152137
-0.423687
1.355800
4.406349
2.965812
2.626862
-0.254212
2.203175
3.389499
3.050549
0.847375
0.084737
-1.779487
3.304762
1.694750
4.914774
4.660562
7.711111
4.660562
3.643712
-1.610012
0.847375
-1.948962
-1.355800
-3.474237
-0.423687
-3.389499
-0.169475
-3.897924
-2.965812
-7.541636
-5.423199
-4.745299
-0.084737
-1.271062
1.610012
0.762637
4.152137
-0.762637
1.016850
-3.474237
-2.033700
-10.083761
-9.744811
-11.100611
-7.033211
-9.321123
-4.999512
-7.033211
-1.101587
-4.914774
-0.084737
-4.406349
0.677900
-2.203175
2.033700
-2.372650
2.118437
-0.593162
5.846886
1.525275
3.474237
-3.389499
2.118437
-1.355800
3.643712
-0.338950
7.711111
5.762149
12.541148
4.491087
6.948474
-0.423687
3.897924
-2.711600
4.321612
-2.372650
-4.236874
-10.592186
-3.643712
-9.490598
1.186325
-2.711600
5.423199
-2.965812
2.965812
-3.389499
0.677900
-6.524786
-2.711600
-8.134799
-3.135287
-3.643712
-5.168987
-8.982173
-6.948474
-7.372161
-4.914774
-6.355311
-1.610012
-3.050549
1.101587
-0.593162
-0.762637
-4.660562
-5.423199
-5.338462
1.186325
2.542125
3.220024
4.575824
8.473748
6.101099
3.643712
3.558974
3.813187
6.440049
4.236874
-1.271062
6.185836
8.982173
6.694261
3.558974
3.050549
4.236874
1.186325
1.948962
1.440537
2.881074
1.016850
4.830037
4.152137
8.219536
2.965812
2.796337
-3.304762
1.864225
0.084737
3.474237
-0.762637
2.881074
0.169475
1.440537
-4.067399
2.796337
-1.271062
4.321612
-1.271062
2.542125
-3.813187
0.762637
-1.694750
4.236874
-1.694750
0.338950
-6.440049
0.508425
-4.321612
1.948962
-2.287912
4.321612
-4.152137
1.186325
-5.592674
0.762637
-4.152137
1.016850
-3.304762
1.864225
-2.372650
3.050549
1.610012
7.541636
-0.423687
3.304762
2.033700
5.846886
1.101587
2.881074
0.423687
2.965812
2.881074
1.948962
2.203175
0.762637
-0.423687
-1.779487
-0.932112
-1.016850
1.610012
0.084737
-1.016850
-3.813187
-3.813187
-3.474237
-5.931624
-8.643223
-9.914286
-12.964835
-13.896947
-15.761172
-13.134310
-15.337485
-11.270085
-7.880586
1.016850
1.864225
2.372650
-0.254212
3.558974
-2.118437
0.847375
-3.220024
-2.626862
-9.575336
-4.152137
-7.626374
-2.457387
-4.914774
0.423687
-2.881074
1.864225
-2.203175
3.050549
-0.084737
6.101099
-0.169475
4.067399
1.355800
8.050061
3.050549
4.914774
-2.626862
2.881074
-4.406349
0.847375
-4.067399
0.593162
-2.796337
4.830037
-1.779487
3.135287
-3.389499
3.050549
0.169475
2.965812
-3.643712
0.762637
-2.457387
0.169475
-13.219048
2.287912
-1.694750
3.558974
3.897924
12.371673
12.117460
16.015385
9.066911
12.710623
6.355311
9.066911
3.982662
3.558974
-0.677900
-0.508425
-0.084737
0.338950
-0.169475
