1.953602
-2.051282
-2.539683
-1.172161
0.586081
1.758242
0.293040
2.051282
5.274725
4.981685
-0.293040
-3.614164
-5.372405
-3.907204
-2.442002
-2.442002
-4.493284
-3.516484
-4.981685
-3.614164
-6.935287
-3.028083
-4.786325
-4.884005
-3.125763
-4.102564
-5.763126
-4.004884
-5.567766
-6.935287
-7.326007
-6.739927
-8.400488
-12.112332
-10.647131
-7.032967
-2.637363
0.488400
-1.855922
2.735043
3.028083
1.758242
3.028083
0.879121
0.293040
0.390720
-2.735043
-2.246642
-5.665446
-4.590965
-4.004884
-5.763126
-9.474969
-5.567766
-8.302808
-3.418803
-4.981685
-6.153846
-4.981685
-5.372405
-8.205128
-9.279609
-6.935287
-4.786325
-4.004884
-2.246642
-1.074481
-0.195360
0.097680
2.051282
4.981685
1.562882
-3.125763
-1.367521
-3.711844
-6.056166
-1.074481
-0.390720
0.195360
-3.321123
-3.418803
-2.637363
0.000000
-4.786325
-4.395604
0.488400
-0.097680
0.683761
-1.367521
-1.367521
-4.102564
-4.786325
-8.302808
-7.814408
-6.837607
-6.837607
-8.888889
-3.809524
-6.642247
-8.009768
-4.297924
-6.544567
-8.693529
-9.181929
-6.349206
-4.493284
-4.590965
-3.614164
-0.976801
-1.074481
-1.465201
-0.586081
-5.567766
-7.423687
-6.837607
-7.423687
-8.693529
-7.130647
-7.032967
-4.884005
-6.642247
-6.935287
-7.619048
-7.521368
-7.032967
-4.395604
-5.079365
-10.647131
-7.814408
-8.693529
-11.037851
-8.302808
-4.102564
-4.981685
-5.665446
-5.860806
-9.279609
-8.693529
-11.819292
-10.061050
-5.372405
-4.102564
-5.079365
-5.665446
-6.739927
-6.935287
-11.135531
-9.572650
-3.418803
-2.637363
-3.028083
-4.297924
-4.688645
-2.832723
-1.367521
-0.781441
-2.051282
-0.488400
1.953602
3.907204
-2.246642
-0.293040
0.488400
-2.832723
-0.586081
0.781441
-5.763126
-4.688645
0.000000
-2.344322
-8.107448
-1.660562
2.344322
-3.907204
-13.186813
-8.693529
-1.758242
-2.051282
-4.004884
-3.907204
0.879121
0.195360
-5.470085
-7.716728
-6.837607
-4.590965
-4.981685
-5.470085
-3.614164
-5.958486
-6.251526
-4.395604
-1.562882
-2.832723
-4.297924
-1.758242
-2.637363
-4.590965
-5.274725
-8.986569
-7.032967
-7.912088
-5.665446
-2.246642
-1.367521
-1.855922
-1.758242
0.586081
-6.544567
-9.377289
-1.953602
-4.590965
-7.814408
-8.595849
-2.930403
-2.735043
-5.763126
-1.367521
-2.930403
-6.153846
-7.032967
-6.153846
-5.665446
-5.763126
-6.251526
-4.395604
-2.832723
-0.390720
-0.293040
-0.488400
-2.246642
-4.004884
-6.056166
-2.832723
-4.786325
-5.079365
-0.293040
-4.297924
-3.907204
0.683761
0.586081
-2.344322
-0.976801
-1.562882
-4.004884
-0.976801
-6.056166
-3.809524
-0.683761
-2.246642
-1.172161
-1.269841
0.976801
-1.855922
-1.269841
-1.172161
-1.269841
4.200244
-2.051282
-2.832723
1.953602
1.660562
2.051282
-3.321123
-0.390720
-1.269841
1.562882
3.516484
0.097680
1.855922
1.660562
1.465201
-2.344322
-0.293040
0.879121
1.269841
3.809524
0.293040
3.516484
0.879121
2.735043
3.321123
1.367521
0.781441
0.683761
-0.195360
3.907204
5.470085
9.572650
7.716728
8.498168
11.916972
10.940171
6.349206
5.567766
2.442002
-0.488400
0.390720
5.860806
1.367521
-4.004884
-3.125763
-0.976801
3.418803
3.321123
1.953602
2.051282
1.172161
-1.465201
-5.567766
-1.758242
4.493284
6.153846
4.493284
6.642247
5.372405
5.274725
5.763126
0.390720
0.683761
2.539683
3.516484
5.079365
4.102564
6.251526
5.860806
6.544567
5.372405
7.130647
5.470085
4.981685
9.474969
7.032967
5.372405
2.930403
1.660562
1.855922
3.809524
4.786325
1.562882
2.637363
4.297924
2.051282
0.097680
2.539683
2.148962
2.148962
0.683761
2.637363
2.442002
3.614164
2.735043
0.000000
-0.976801
0.879121
-4.884005
-2.344322
-0.683761
-0.390720
-2.930403
-3.125763
-2.832723
-7.130647
-2.246642
1.172161
3.321123
1.855922
-0.976801
-0.195360
0.000000
-2.637363
-4.102564
-2.148962
3.418803
1.660562
1.562882
1.758242
-1.660562
1.367521
0.390720
0.097680
1.367521
3.907204
-0.195360
-3.907204
0.097680
-0.976801
-0.488400
4.200244
1.660562
1.953602
3.028083
3.907204
1.855922
-0.781441
-1.758242
0.879121
-1.562882
0.097680
1.953602
1.660562
1.269841
4.297924
1.855922
1.269841
0.879121
-0.976801
-0.976801
-2.832723
-2.051282
-2.637363
-3.418803
-0.976801
-1.953602
0.195360
-2.442002
-1.074481
-0.390720
-2.832723
-3.125763
-4.395604
-1.855922
-2.051282
-1.172161
-3.028083
-4.004884
-3.809524
-3.711844
-4.590965
-5.567766
-0.683761
-3.711844
-0.976801
-0.976801
0.586081
1.367521
0.976801
0.586081
2.148962
1.465201
-2.735043
-3.125763
-2.148962
-4.297924
0.976801
-1.562882
-4.590965
-2.344322
-1.660562
-1.269841
-3.907204
1.074481
0.097680
2.735043
0.976801
-3.516484
-1.465201
-2.246642
-1.367521
-3.418803
-3.516484
-0.976801
-4.590965
-3.223443
-1.953602
-4.297924
-3.907204
1.172161
-3.516484
-5.177045
-2.735043
0.390720
-4.786325
-6.642247
-8.302808
-9.181929
-7.521368
-5.372405
-3.125763
-1.074481
3.418803
3.711844
4.688645
5.177045
0.879121
4.004884
1.172161
0.781441
-1.855922
2.539683
2.442002
-0.488400
-1.269841
6.446886
3.223443
0.683761
4.395604
3.614164
-0.683761
-0.683761
2.344322
-0.976801
1.172161
2.539683
2.930403
0.976801
-5.177045
-3.614164
0.683761
0.000000
-5.079365
-0.781441
4.004884
-1.660562
-4.688645
2.344322
5.372405
-3.223443
-2.735043
3.418803
3.125763
-5.177045
-4.004884
2.735043
0.586081
0.195360
1.465201
2.930403
0.390720
1.855922
-1.074481
-0.781441
-2.246642
-3.516484
-5.470085
-6.446886
-2.735043
-2.539683
-4.297924
-3.809524
0.293040
-2.442002
-0.390720
2.442002
-1.855922
-0.488400
4.200244
0.879121
-3.321123
3.028083
2.442002
-2.246642
-7.032967
0.195360
2.539683
-3.028083
-1.269841
0.683761
-1.465201
-0.488400
0.879121
1.855922
-1.855922
-1.074481
1.953602
-0.488400
1.269841
-2.442002
-2.051282
2.246642
3.614164
1.269841
2.148962
4.884005
3.809524
4.004884
4.786325
7.619048
7.032967
5.274725
9.377289
5.274725
5.372405
5.274725
4.590965
4.493284
4.102564
3.614164
0.390720
3.809524
3.223443
1.172161
1.465201
5.665446
1.465201
1.562882
2.344322
-0.976801
-3.028083
-1.758242
0.000000
-0.586081
1.660562
5.860806
4.786325
4.200244
1.660562
3.223443
-0.683761
-0.976801
0.000000
-0.293040
-0.781441
-1.074481
-3.614164
-3.125763
-0.781441
3.418803
-0.293040
3.614164
3.418803
0.097680
-0.293040
2.051282
-2.344322
-4.004884
-1.172161
-2.637363
-1.758242
0.390720
3.028083
-0.976801
1.367521
1.074481
-2.051282
-1.660562
-0.097680
0.000000
0.097680
-0.976801
-2.442002
-1.074481
0.195360
3.223443
0.195360
1.074481
0.683761
-0.195360
-3.614164
-2.637363
-1.660562
-1.562882
0.879121
3.809524
3.907204
4.786325
3.614164
5.372405
4.590965
1.367521
-1.953602
2.344322
1.660562
-1.562882
3.809524
2.442002
0.293040
2.539683
2.246642
-1.172161
-1.660562
2.148962
-0.390720
-3.418803
-0.293040
0.488400
4.590965
6.935287
5.372405
1.562882
2.637363
1.660562
-3.809524
0.683761
5.372405
8.400488
3.516484
6.153846
4.493284
5.274725
5.372405
2.637363
4.493284
3.321123
2.637363
1.074481
4.004884
3.223443
1.562882
2.637363
4.004884
2.246642
1.269841
6.837607
4.297924
-1.855922
-0.097680
2.051282
1.269841
-2.148962
0.488400
-2.832723
-1.953602
0.293040
-0.195360
-1.367521
-2.442002
-1.269841
-3.223443
-0.976801
-0.976801
0.488400
0.390720
4.004884
-3.223443
-3.516484
0.097680
-1.660562
-5.958486
-3.907204
-1.758242
-5.763126
-7.326007
-3.321123
-4.786325
-5.763126
1.074481
2.246642
-1.660562
0.683761
2.930403
0.097680
-2.246642
0.390720
-1.758242
-1.074481
-0.781441
0.000000
-0.586081
-0.781441
-0.976801
-2.735043
-5.470085
-4.688645
-2.735043
-6.056166
-3.907204
-1.758242
-4.786325
-8.107448
-10.256410
-10.451770
-8.400488
-8.302808
-7.032967
-3.028083
-1.758242
-3.321123
-5.372405
-5.372405
-5.470085
-2.051282
-0.781441
-1.855922
-3.223443
-1.269841
1.953602
-0.781441
-1.660562
2.344322
1.269841
3.125763
3.223443
0.586081
-0.097680
3.711844
0.976801
-2.832723
0.879121
5.763126
-2.246642
-2.832723
3.125763
3.321123
-0.293040
-0.293040
0.879121
-0.586081
-2.246642
1.367521
5.372405
-0.293040
-3.223443
2.051282
1.953602
2.148962
-1.172161
0.683761
-1.367521
-3.321123
-1.562882
-1.367521
-3.614164
-2.735043
0.488400
-4.297924
-2.344322
1.269841
-3.907204
-5.665446
-4.102564
-2.735043
-2.539683
-0.390720
1.855922
-3.028083
-0.097680
1.660562
2.246642
1.660562
6.153846
5.079365
3.907204
4.493284
0.683761
-1.367521
0.000000
4.395604
-0.097680
-1.172161
-3.809524
-3.418803
-3.125763
1.660562
-0.683761
-4.688645
-5.274725
-4.786325
-4.590965
-7.326007
-4.004884
-1.367521
-2.832723
-1.953602
-2.442002
-3.125763
-5.177045
-3.125763
-8.888889
-9.279609
-6.251526
-0.683761
-4.493284
-4.884005
-0.976801
-4.102564
-5.860806
2.539683
3.125763
-4.884005
-4.884005
0.293040
-1.269841
-1.562882
-0.683761
3.125763
-2.051282
-4.786325
-1.269841
-0.195360
-2.637363
1.465201
7.228327
7.814408
5.763126
2.637363
3.516484
1.367521
-1.172161
1.172161
-0.781441
-3.321123
-0.976801
2.442002
2.344322
3.028083
2.442002
4.981685
2.148962
3.418803
2.442002
2.148962
-3.321123
0.195360
-1.172161
-0.976801
-0.390720
4.102564
3.223443
2.051282
2.637363
2.637363
4.200244
4.297924
6.056166
3.907204
2.442002
4.590965
2.735043
4.981685
2.735043
-4.786325
-6.544567
-0.976801
-4.590965
-0.781441
-0.195360
6.153846
3.516484
2.051282
5.958486
5.958486
1.074481
2.344322
2.735043
0.683761
-3.907204
3.907204
5.079365
-0.390720
-2.344322
-0.976801
-0.097680
-3.223443
2.442002
2.051282
-0.683761
1.465201
3.321123
3.028083
1.758242
4.884005
1.269841
0.879121
-2.637363
-0.781441
-1.660562
2.148962
2.344322
-0.097680
0.293040
4.395604
5.860806
1.465201
-0.683761
-0.976801
-4.004884
-2.735043
-5.177045
1.269841
-2.442002
-1.074481
2.246642
4.786325
1.269841
3.614164
4.493284
4.395604
6.349206
2.051282
-0.683761
-0.683761
1.465201
0.683761
-0.097680
3.809524
2.246642
4.884005
2.930403
2.246642
2.148962
3.418803
5.860806
2.637363
1.465201
4.590965
1.562882
4.493284
3.418803
3.516484
0.976801
2.051282
0.781441
2.442002
0.488400
2.246642
-0.390720
-0.781441
0.586081
-1.367521
0.293040
-0.488400
0.000000
-0.488400
0.781441
1.953602
2.051282
4.493284
-0.097680
-1.465201
-0.586081
-0.976801
-2.344322
-1.465201
0.879121
3.711844
-0.781441
0.000000
2.051282
0.488400
-0.683761
-1.074481
-0.683761
-0.293040
-4.102564
-5.567766
-4.200244
-5.665446
-4.200244
-4.200244
-4.786325
-3.125763
-4.786325
-6.837607
-5.763126
-4.981685
-4.688645
-3.321123
-5.567766
-8.498168
-8.693529
-4.786325
-6.935287
-11.037851
-7.130647
-5.860806
-7.130647
-6.056166
-7.326007
-4.688645
-7.521368
-8.986569
-7.130647
-2.344322
-3.418803
-5.079365
-6.739927
-5.372405
-1.660562
-3.125763
-6.251526
-4.493284
-7.032967
-8.009768
-1.953602
1.269841
1.758242
-0.293040
-2.051282
-5.177045
-3.223443
-0.195360
0.097680
0.293040
-0.488400
-0.390720
0.781441
-2.051282
-2.246642
-4.200244
-3.711844
-2.735043
-2.442002
-2.051282
0.000000
-1.465201
0.293040
-0.879121
-2.051282
-1.074481
0.195360
0.586081
-0.390720
0.683761
0.097680
1.562882
-2.930403
-0.976801
-0.390720
2.832723
1.172161
-0.488400
-3.516484
-1.269841
-3.809524
-2.637363
-0.195360
0.000000
-3.614164
-1.562882
1.172161
1.074481
-2.930403
-0.195360
1.953602
-5.860806
-4.297924
-2.442002
-3.418803
-6.739927
-4.200244
-3.321123
-6.153846
-7.326007
-2.148962
-3.907204
-5.177045
-1.660562
-1.465201
-4.297924
-4.688645
-2.832723
-4.102564
-4.688645
-2.930403
-1.367521
-5.274725
-4.688645
-4.884005
-7.326007
-6.544567
-3.614164
-4.493284
-5.470085
-0.976801
-0.195360
1.074481
2.930403
3.809524
2.344322
-1.172161
3.614164
-1.953602
-2.344322
-3.418803
0.097680
1.465201
0.781441
-0.781441
-1.758242
0.195360
0.293040
-0.097680
-2.539683
-2.051282
-2.539683
-2.832723
-1.660562
-5.372405
-2.051282
-0.976801
2.344322
-0.976801
-0.390720
2.930403
0.097680
0.976801
3.125763
5.274725
3.418803
2.832723
6.837607
5.860806
5.079365
6.446886
6.056166
1.855922
2.442002
4.102564
6.056166
7.130647
7.814408
8.498168
4.590965
3.516484
3.028083
1.562882
1.660562
0.781441
4.981685
2.442002
1.172161
4.688645
1.855922
-0.293040
-1.660562
-1.172161
-2.442002
-1.562882
-3.028083
-3.711844
-3.809524
-5.177045
-7.912088
-8.888889
-6.642247
-1.269841
0.390720
-1.758242
0.195360
-0.586081
0.390720
-2.051282
-2.442002
-1.855922
-0.488400
-0.390720
1.562882
-1.465201
-5.665446
-4.590965
-6.739927
-5.860806
-4.786325
-1.660562
-3.223443
1.172161
1.660562
1.465201
0.195360
-3.028083
-2.539683
-5.665446
-5.177045
-4.004884
-5.860806
-5.958486
-3.028083
-1.562882
-5.763126
-8.595849
-5.274725
-4.297924
-3.809524
-4.981685
-2.832723
-2.930403
-0.097680
-1.660562
-3.028083
-2.442002
-1.172161
-3.711844
-3.614164
0.683761
-1.074481
-6.056166
-3.809524
3.516484
3.614164
1.953602
4.590965
-1.562882
0.195360
-3.907204
-5.860806
-8.009768
-2.539683
0.781441
-0.195360
0.293040
-0.683761
2.051282
0.976801
-2.051282
2.442002
2.051282
2.930403
-0.488400
0.097680
1.953602
-1.269841
-1.367521
-2.148962
-2.246642
-5.372405
-5.567766
-6.446886
-4.297924
-4.590965
-2.539683
-0.781441
3.028083
6.935287
3.711844
2.344322
-1.465201
-2.539683
-5.372405
-4.786325
-9.768010
-4.884005
-3.614164
-1.855922
-1.172161
1.660562
1.172161
3.418803
3.321123
3.321123
2.832723
0.879121
1.660562
0.293040
-3.418803
-4.395604
-5.274725
-5.079365
-0.293040
0.683761
-1.562882
0.293040
3.516484
1.855922
-0.683761
2.148962
3.418803
3.711844
-0.097680
0.000000
0.195360
-2.246642
-5.274725
-1.465201
-1.172161
-2.246642
0.390720
4.200244
5.567766
8.205128
7.619048
8.888889
7.912088
6.544567
1.758242
-0.976801
1.855922
0.293040
-0.781441
-1.367521
0.195360
-2.246642
-3.125763
1.269841
-0.195360
-2.148962
-1.953602
7.326007
10.256410
7.130647
6.642247
9.181929
6.251526
2.832723
0.195360
1.758242
2.051282
2.832723
2.832723
4.395604
5.763126
7.716728
4.786325
2.148962
7.619048
9.768010
7.521368
9.279609
6.056166
4.981685
2.735043
-1.367521
-6.056166
-5.763126
-5.763126
-4.493284
-2.344322
-2.442002
0.586081
-0.097680
2.148962
1.074481
2.735043
2.442002
-0.488400
-1.562882
-2.051282
-5.470085
-8.009768
-7.228327
-9.084249
-6.739927
-6.446886
-4.884005
-4.102564
-1.367521
-0.586081
0.976801
3.223443
3.907204
1.367521
0.976801
0.195360
-1.172161
-0.586081
-1.660562
-1.758242
-0.488400
-2.930403
-4.102564
-4.297924
-0.293040
0.390720
4.981685
0.195360
-0.976801
3.418803
0.976801
-2.637363
-3.418803
-3.614164
-3.711844
-7.130647
-4.102564
-10.256410
-9.670330
-6.739927
-7.716728
-5.567766
-1.367521
-0.781441
-1.660562
-3.907204
-1.562882
-4.102564
-5.665446
-1.660562
-0.195360
-3.614164
-3.614164
-0.683761
-3.614164
-6.642247
-0.586081
0.390720
1.269841
-0.195360
1.855922
0.195360
-4.884005
-1.367521
-4.297924
-2.930403
-3.711844
-4.200244
-1.269841
-0.683761
3.028083
3.809524
3.125763
3.614164
6.349206
1.562882
0.586081
3.711844
4.590965
2.344322
4.200244
7.814408
-0.586081
0.000000
2.344322
-0.683761
-3.125763
-1.465201
0.781441
0.390720
0.879121
-1.562882
-2.637363
-4.884005
-7.326007
-9.572650
-8.205128
-13.089133
-13.577534
-12.600733
-9.377289
-8.693529
-7.912088
-3.223443
-1.465201
-2.051282
-2.344322
-4.395604
-4.590965
-6.544567
-5.763126
-6.056166
-4.981685
-5.567766
-3.907204
-1.269841
-0.781441
-0.195360
0.683761
1.660562
2.344322
0.293040
-4.590965
-6.251526
-4.590965
-5.274725
-7.814408
-4.493284
-0.781441
-5.860806
-5.860806
-3.907204
-4.395604
-6.056166
-2.344322
-5.665446
-6.153846
-3.418803
-1.562882
-2.148962
-1.465201
-5.177045
-3.125763
-5.763126
-2.637363
-1.953602
-1.562882
-3.321123
-2.051282
-3.614164
-5.665446
-3.907204
-3.125763
0.000000
-1.269841
-0.488400
-4.004884
-2.148962
-3.614164
-5.470085
-3.321123
-5.177045
0.000000
-0.976801
-1.367521
-1.172161
-1.758242
3.028083
0.488400
-0.488400
3.125763
1.367521
1.074481
-0.097680
1.562882
-0.390720
-0.781441
-3.223443
-1.758242
-0.976801
-0.683761
-2.930403
-2.051282
0.097680
0.195360
-0.293040
-1.855922
-3.125763
-4.688645
-3.223443
-5.763126
-7.912088
-3.418803
-3.907204
-4.688645
-6.739927
-3.223443
-5.567766
-5.860806
-4.590965
-4.102564
-4.297924
-1.562882
-0.488400
-0.976801
-0.781441
1.367521
0.293040
1.855922
-1.465201
-2.148962
-5.470085
-2.344322
-2.442002
-1.855922
-1.953602
0.195360
0.390720
-0.781441
1.367521
1.562882
-0.976801
-0.293040
0.390720
0.683761
-0.293040
-1.758242
-4.297924
-2.442002
-5.665446
-3.809524
-0.195360
-2.442002
-4.786325
-4.981685
-2.930403
-4.786325
-4.981685
-4.981685
-1.367521
-2.637363
-3.711844
-2.148962
-5.372405
1.269841
1.758242
4.004884
3.028083
3.321123
5.665446
3.223443
2.344322
1.465201
-0.683761
-6.544567
-5.274725
-1.562882
-0.488400
-0.586081
-0.976801
1.074481
-0.390720
1.855922
1.660562
3.907204
1.172161
2.148962
2.246642
5.470085
3.028083
2.735043
3.321123
4.102564
4.395604
2.246642
5.079365
6.446886
4.688645
6.446886
11.330891
9.963370
6.056166
6.446886
7.423687
5.665446
3.125763
4.395604
3.711844
2.442002
3.125763
5.274725
3.223443
1.562882
-2.148962
-5.958486
-5.177045
-5.274725
-1.367521
0.488400
3.223443
1.758242
0.293040
-1.269841
-3.907204
-1.953602
-2.637363
-2.930403
-1.758242
-3.125763
-1.562882
-1.172161
-2.539683
-2.637363
-5.470085
-6.251526
-2.735043
-1.758242
-2.735043
-2.344322
2.344322
3.418803
-1.660562
-4.786325
-7.032967
-12.796093
-9.865690
-7.130647
-5.177045
-4.200244
-2.442002
-3.711844
-2.442002
-5.274725
-6.056166
-5.958486
-9.181929
-7.521368
-10.451770
-10.842491
-10.256410
-10.451770
-7.521368
-3.321123
-2.637363
-2.344322
-5.665446
-5.860806
-4.493284
-5.860806
-4.493284
-4.786325
-0.976801
-2.832723
-3.516484
-5.958486
-8.595849
-8.009768
-8.498168
-7.423687
-4.688645
-2.442002
-0.488400
-0.390720
-0.976801
0.781441
1.953602
-0.976801
2.539683
1.855922
-0.586081
-0.781441
-1.758242
-4.590965
-2.148962
-2.246642
-2.539683
-3.223443
-0.976801
2.735043
0.293040
-0.683761
-2.344322
-0.781441
-0.976801
-2.637363
-3.516484
-4.297924
-3.907204
-1.465201
-2.051282
-1.074481
-3.125763
-4.493284
-3.321123
-1.758242
-0.390720
-1.660562
0.586081
3.614164
2.148962
-4.493284
0.000000
0.293040
0.781441
-4.493284
-2.735043
-0.390720
-0.976801
0.390720
-2.344322
-6.251526
-3.028083
2.735043
-2.344322
-5.567766
-2.539683
-2.539683
4.688645
1.855922
-2.442002
-2.246642
0.390720
-0.781441
-1.465201
-2.832723
-1.953602
-0.195360
-3.614164
-3.907204
-2.344322
-4.200244
-7.814408
-6.349206
-5.079365
-2.442002
-0.488400
-0.195360
1.758242
3.614164
2.735043
3.223443
-2.148962
-5.665446
-3.321123
-1.172161
-0.488400
1.172161
2.930403
1.367521
0.586081
0.586081
-4.493284
-5.860806
-3.907204
-4.297924
-1.758242
1.074481
3.321123
2.735043
0.293040
-1.172161
1.465201
3.125763
1.953602
3.223443
4.004884
-0.976801
-0.976801
-0.293040
1.172161
-2.246642
3.125763
5.274725
2.148962
3.907204
3.614164
2.735043
2.442002
2.930403
-1.367521
-0.097680
2.344322
2.344322
1.758242
1.074481
1.758242
-0.976801
-1.758242
-1.758242
-3.711844
-5.372405
-3.028083
0.195360
1.562882
-0.488400
-0.976801
-0.586081
1.367521
1.367521
-0.195360
1.953602
-2.539683
-0.586081
1.172161
-0.586081
-0.195360
-1.758242
0.097680
-2.246642
-2.735043
-4.200244
-5.079365
-2.246642
3.223443
-2.442002
-8.302808
-4.688645
-6.153846
-7.716728
-6.837607
-10.256410
-9.865690
-7.326007
-6.446886
-6.446886
-3.321123
-1.758242
-2.930403
-0.781441
0.879121
-0.976801
-0.976801
-3.711844
-2.930403
0.293040
-0.195360
-0.976801
0.293040
2.344322
7.521368
1.758242
2.051282
2.832723
2.930403
-1.758242
-0.976801
-3.711844
-5.860806
-5.274725
-3.907204
-3.125763
-3.418803
-7.326007
-2.637363
-0.586081
-0.976801
-2.442002
-0.586081
-0.390720
-1.172161
-2.442002
-2.246642
0.488400
-0.390720
2.148962
3.321123
2.735043
4.688645
3.223443
4.004884
5.177045
5.079365
2.344322
3.223443
5.958486
4.493284
4.688645
5.274725
4.004884
3.321123
6.642247
3.125763
-0.683761
