-4.810745
-3.656166
-2.886447
-4.906960
-5.676679
-0.384860
3.367521
2.886447
0.577289
-0.577289
-1.443223
-3.944811
-4.906960
-5.965324
-7.697192
-6.253968
-6.446398
-8.274481
-9.621490
-10.391209
-7.985836
-7.697192
-6.253968
-8.082051
-5.099389
-2.886447
-1.635653
0.865934
0.769719
1.828083
3.944811
5.580464
6.061538
4.329670
1.731868
0.769719
-0.481074
-0.769719
-4.329670
-4.618315
-6.253968
-4.425885
-3.656166
-1.154579
-1.924298
-1.635653
0.769719
-1.539438
-3.367521
-4.137241
-3.367521
-1.443223
-3.559951
-3.175092
-0.769719
-1.058364
-2.886447
-4.329670
-4.137241
0.288645
1.154579
1.635653
2.212943
2.020513
4.137241
3.463736
2.886447
1.924298
0.384860
0.000000
1.539438
4.425885
4.137241
5.195604
5.388034
5.772894
4.810745
5.580464
3.559951
4.041026
5.965324
5.580464
4.522100
2.886447
1.347009
1.635653
-7.985836
1.347009
1.731868
2.886447
6.061538
4.714530
1.828083
-0.192430
-0.865934
-1.924298
-0.962149
0.673504
2.982662
5.580464
5.388034
5.291819
1.539438
0.288645
0.865934
-0.865934
0.288645
1.731868
1.731868
4.522100
3.752381
2.020513
0.192430
0.962149
4.137241
6.831258
2.694017
0.096215
3.271306
4.425885
0.481074
-2.597802
1.828083
4.233455
3.463736
3.559951
2.982662
0.865934
1.539438
-0.481074
-2.116728
-3.078877
-2.597802
-4.041026
-3.559951
-1.154579
-0.962149
-1.058364
0.384860
3.944811
6.446398
5.388034
3.848596
1.539438
-1.539438
-0.673504
2.501587
4.810745
6.638828
6.831258
5.003175
5.772894
5.484249
3.271306
3.367521
3.271306
4.041026
2.597802
2.020513
0.962149
-0.769719
-1.058364
-0.769719
1.924298
0.384860
-2.116728
-0.962149
2.020513
-0.673504
-3.559951
-3.175092
-0.962149
-2.020513
-0.384860
1.250794
1.443223
0.384860
2.020513
1.347009
-1.539438
-2.309158
3.656166
7.600977
6.253968
4.041026
0.288645
-1.924298
-2.116728
-0.962149
1.443223
2.790232
3.944811
3.944811
2.597802
1.154579
1.539438
-1.443223
-5.580464
-2.309158
-1.250794
1.347009
3.559951
4.233455
2.982662
5.099389
5.772894
5.676679
4.714530
4.425885
1.539438
-0.673504
-1.731868
-2.790232
-2.309158
-1.731868
-3.463736
-2.212943
0.481074
5.099389
2.790232
-0.962149
0.769719
2.405372
1.828083
2.982662
3.559951
4.906960
5.580464
3.848596
0.192430
-2.020513
-2.116728
-2.694017
-3.078877
-0.769719
-1.347009
-0.769719
0.192430
0.384860
0.962149
0.288645
0.384860
2.309158
4.714530
5.291819
0.962149
1.443223
1.635653
3.656166
-1.828083
-3.752381
-5.965324
-7.504762
-9.429060
-5.676679
-4.618315
-5.676679
-3.271306
-0.962149
-1.347009
-1.828083
0.481074
0.865934
0.962149
0.577289
3.848596
4.329670
7.408547
6.350183
6.446398
3.656166
-0.192430
1.154579
3.175092
0.865934
0.000000
2.405372
2.886447
3.752381
2.212943
2.020513
0.384860
-0.384860
0.577289
2.597802
2.405372
1.828083
0.192430
1.828083
0.865934
2.886447
3.848596
3.848596
2.405372
1.731868
2.694017
3.175092
3.752381
3.752381
1.154579
-2.309158
-1.924298
0.384860
-0.769719
-3.175092
-3.271306
-2.982662
-2.694017
-0.673504
3.078877
1.539438
-1.828083
-1.539438
-3.944811
-1.539438
-3.463736
-2.982662
-2.982662
-4.618315
-3.944811
-7.504762
-6.638828
-5.003175
-5.003175
-5.388034
-5.195604
-4.329670
-5.003175
-3.463736
-4.041026
-1.924298
-0.192430
0.000000
-1.250794
-1.635653
-1.058364
-2.405372
-1.924298
0.673504
1.058364
1.058364
1.539438
1.539438
2.020513
1.731868
0.288645
-1.924298
-0.962149
-2.694017
-3.463736
1.058364
-0.192430
0.577289
-0.769719
-0.481074
0.192430
1.250794
1.828083
1.828083
3.944811
4.137241
3.271306
2.501587
4.522100
2.694017
1.154579
0.769719
1.058364
0.096215
-1.154579
-0.096215
1.058364
-0.769719
-4.329670
-4.618315
-2.405372
-0.865934
-1.443223
-0.481074
2.116728
3.848596
5.965324
2.597802
-0.096215
0.288645
6.446398
9.717705
7.600977
5.099389
4.233455
4.810745
1.250794
-5.676679
-4.329670
-11.449573
-1.154579
0.384860
4.810745
7.023687
8.274481
5.291819
1.828083
-0.096215
0.192430
-0.769719
-2.694017
-0.577289
4.522100
7.216117
4.425885
0.865934
-1.731868
-3.367521
-2.020513
0.288645
2.116728
-1.924298
-1.924298
-1.924298
0.577289
0.481074
-2.597802
-0.577289
0.962149
0.769719
-1.058364
0.000000
-0.288645
-1.635653
-2.212943
-3.271306
-4.425885
-3.271306
-3.463736
-5.580464
-5.676679
-6.157753
-6.253968
-2.501587
-0.865934
0.000000
1.731868
1.539438
0.577289
-0.769719
-2.309158
-2.020513
0.481074
5.388034
5.869109
-0.481074
-4.233455
-2.405372
2.020513
5.772894
2.309158
-5.965324
-8.755556
-4.714530
-1.058364
-0.962149
-2.501587
0.000000
4.137241
1.250794
1.731868
-0.096215
-0.288645
2.020513
4.041026
0.769719
-1.347009
-1.443223
-2.790232
-0.962149
-1.635653
0.769719
1.828083
1.250794
-1.828083
-3.656166
-6.061538
-2.694017
-0.288645
2.309158
0.000000
-1.250794
-3.078877
-2.982662
0.000000
-0.673504
-2.982662
-4.522100
-3.656166
0.096215
4.137241
4.522100
1.828083
-1.635653
-6.542613
-8.082051
-5.099389
-1.443223
-1.635653
-1.635653
-3.463736
-2.982662
-1.731868
1.924298
2.116728
-0.384860
-2.886447
-5.388034
-2.982662
-1.731868
-0.192430
0.192430
0.577289
-1.058364
-1.828083
-2.501587
-2.405372
-5.291819
-7.985836
-7.985836
-5.869109
-5.195604
-4.137241
-5.676679
-7.504762
-6.735043
-6.542613
-7.600977
-8.851770
-5.003175
-3.463736
-2.694017
-2.694017
-3.271306
-4.137241
-3.463736
-3.752381
-4.522100
-3.271306
-3.752381
-5.965324
-7.408547
-6.157753
-6.927473
-6.350183
-5.195604
-6.446398
-2.982662
0.769719
-0.096215
-0.769719
-0.865934
4.522100
2.405372
0.192430
-1.250794
-0.769719
2.405372
6.446398
2.597802
0.577289
2.212943
5.676679
7.600977
6.638828
3.175092
4.522100
7.216117
8.659341
3.848596
3.463736
5.676679
6.446398
3.944811
-0.288645
-2.309158
3.175092
13.470085
14.432234
12.507937
8.370696
4.425885
3.367521
7.312332
6.542613
7.985836
9.813919
7.889621
6.446398
5.869109
8.370696
5.195604
1.539438
1.058364
0.962149
3.463736
5.484249
4.906960
1.539438
1.828083
-1.347009
-1.443223
-3.367521
2.790232
6.446398
4.810745
-0.096215
-0.096215
1.443223
3.752381
4.714530
4.522100
0.577289
-1.347009
-0.096215
2.982662
1.443223
0.384860
-2.790232
-5.676679
-5.965324
-6.638828
-4.329670
-4.714530
-2.405372
-3.848596
-3.367521
-5.195604
-5.676679
-3.848596
-3.656166
-6.253968
-7.889621
-9.044200
-8.082051
-8.755556
-7.985836
-7.312332
-7.312332
-8.370696
-12.892796
-14.239805
-13.854945
-8.466911
-6.831258
-8.082051
-10.487424
-14.336020
-10.872283
-8.178266
-7.119902
-10.006349
-12.123077
-8.947985
-4.810745
0.000000
0.962149
-3.175092
-4.041026
-3.559951
1.443223
2.694017
2.694017
3.078877
3.656166
8.947985
10.776068
11.449573
10.198779
11.353358
12.604151
9.621490
6.350183
2.405372
4.425885
6.253968
4.906960
2.790232
0.962149
-0.192430
-1.924298
-0.192430
-1.924298
-2.790232
-0.192430
-3.078877
-1.635653
1.924298
4.425885
1.058364
-0.288645
-2.020513
2.020513
3.367521
4.329670
3.848596
-11.064713
-2.116728
0.192430
0.096215
0.481074
0.192430
2.020513
1.347009
-1.635653
-9.140415
-11.930647
-12.507937
-11.642002
-11.353358
-10.968498
-6.350183
-6.446398
-5.965324
-4.233455
0.192430
-3.078877
-6.061538
-10.198779
-10.391209
-7.408547
-5.291819
-1.347009
-2.790232
-5.099389
-3.463736
-1.058364
-3.367521
-1.058364
0.096215
2.501587
2.405372
3.848596
3.656166
-1.924298
-2.116728
2.694017
4.810745
-0.577289
-6.157753
-10.006349
-11.545788
-9.525275
-3.271306
1.828083
2.694017
3.656166
2.212943
0.000000
-0.096215
2.405372
4.714530
2.116728
-1.731868
-4.906960
-2.886447
1.443223
4.714530
5.869109
3.848596
2.597802
2.886447
0.865934
1.635653
2.982662
3.175092
2.116728
-1.347009
0.769719
3.559951
5.965324
7.504762
10.679853
9.332845
8.755556
4.906960
2.694017
3.944811
3.848596
2.982662
3.559951
7.408547
10.776068
9.525275
9.813919
5.291819
3.175092
3.367521
4.233455
5.195604
4.329670
3.175092
4.329670
5.003175
6.638828
3.656166
-1.347009
0.288645
4.522100
8.178266
6.350183
5.580464
2.309158
-1.443223
-2.790232
-1.154579
0.384860
0.865934
-0.192430
0.096215
0.096215
1.635653
2.116728
2.020513
-0.673504
-0.384860
1.731868
4.425885
6.542613
8.178266
4.714530
-0.384860
-2.309158
-3.752381
-0.769719
4.137241
0.288645
4.618315
0.481074
-2.790232
-2.886447
1.731868
3.367521
2.116728
2.501587
1.828083
2.597802
2.309158
0.384860
-2.405372
0.769719
3.463736
3.752381
4.329670
2.982662
5.580464
8.851770
5.388034
5.388034
6.061538
7.119902
9.621490
3.752381
2.982662
5.484249
6.446398
3.848596
1.443223
2.405372
2.694017
4.425885
6.253968
5.003175
4.233455
5.484249
7.023687
7.119902
4.522100
1.154579
1.539438
1.924298
3.175092
2.886447
2.212943
1.058364
1.828083
3.559951
4.041026
6.253968
7.216117
5.772894
2.116728
0.481074
-0.481074
1.731868
5.099389
5.388034
0.865934
0.000000
1.828083
2.212943
0.481074
-2.020513
0.096215
3.752381
5.772894
0.000000
-4.041026
-4.714530
-1.058364
0.000000
-2.886447
-1.828083
0.000000
2.405372
0.769719
-2.982662
-5.099389
-3.656166
2.116728
4.906960
1.250794
-2.405372
-3.848596
-3.656166
-4.810745
-1.828083
-4.714530
-5.676679
-3.271306
2.982662
3.559951
-1.154579
-6.927473
-11.642002
-8.755556
-4.137241
0.769719
0.096215
-0.192430
-3.656166
-6.927473
-9.813919
-11.257143
-8.659341
-3.367521
-5.195604
-5.965324
-2.982662
-3.367521
-1.250794
2.405372
6.735043
2.886447
0.000000
-6.350183
-5.772894
-3.175092
-2.790232
-1.058364
0.481074
-2.116728
-0.962149
1.058364
4.137241
2.982662
4.906960
6.253968
3.944811
0.192430
-0.769719
0.384860
1.058364
1.924298
2.886447
1.828083
4.810745
6.253968
2.694017
4.137241
7.504762
5.195604
2.116728
2.982662
0.384860
0.000000
0.481074
2.694017
3.944811
1.731868
0.865934
0.384860
-1.828083
-1.058364
0.096215
0.000000
-2.309158
-0.962149
-0.769719
0.673504
-0.192430
-2.694017
-1.539438
-4.329670
-5.484249
-3.559951
0.192430
2.694017
-0.192430
0.962149
-4.233455
-4.137241
-1.443223
0.865934
-0.577289
-2.694017
-4.329670
-2.886447
-1.828083
0.673504
0.000000
-1.347009
-4.041026
-5.676679
-9.140415
-4.906960
-1.154579
-0.769719
-4.810745
-5.003175
-2.886447
-2.694017
-2.886447
-1.058364
-2.212943
-4.041026
-3.367521
2.405372
3.271306
0.096215
-2.694017
-0.865934
0.288645
5.099389
8.851770
10.294994
2.982662
-1.058364
-2.212943
-1.539438
-0.769719
-1.731868
-0.481074
2.020513
4.906960
3.463736
2.116728
0.577289
1.058364
-1.539438
-0.384860
1.731868
5.388034
3.752381
0.000000
0.481074
-0.577289
0.577289
-2.212943
-0.769719
1.731868
3.944811
3.752381
6.638828
4.714530
3.078877
2.212943
2.405372
2.116728
1.828083
2.020513
2.886447
2.405372
4.137241
6.061538
4.618315
2.309158
2.405372
0.769719
0.962149
0.096215
0.288645
-0.288645
2.116728
3.559951
4.618315
3.656166
1.635653
1.250794
0.096215
-2.212943
-2.212943
-1.347009
-2.116728
-3.367521
-2.501587
-3.944811
-0.962149
-0.384860
0.481074
-0.481074
-2.020513
-5.099389
-3.752381
-3.752381
-4.810745
-7.216117
-6.061538
-4.714530
-1.347009
1.731868
-1.250794
-5.388034
-6.446398
-3.078877
0.000000
-2.309158
-5.195604
-5.388034
-1.635653
3.175092
3.078877
0.962149
-1.731868
-0.384860
-2.309158
-4.041026
-3.175092
-2.886447
-4.233455
-5.003175
-7.119902
-5.965324
-5.099389
-3.656166
-4.618315
-5.195604
-2.116728
2.790232
4.522100
0.673504
-4.329670
-6.542613
-6.253968
-6.735043
-4.425885
-5.195604
-3.367521
0.384860
3.078877
2.405372
1.443223
-3.463736
-3.752381
-1.731868
2.886447
4.714530
4.618315
1.731868
0.288645
0.288645
3.944811
3.656166
3.656166
4.522100
4.041026
2.694017
2.694017
-1.058364
-1.154579
-1.828083
-1.924298
-0.288645
2.982662
4.522100
0.096215
1.154579
1.828083
1.539438
2.405372
0.865934
-0.481074
0.962149
5.388034
6.157753
6.061538
2.309158
0.962149
2.790232
3.463736
3.656166
5.388034
5.195604
4.329670
-2.309158
-3.752381
-1.443223
2.405372
3.656166
0.962149
-0.865934
-1.539438
-1.250794
-0.288645
-0.769719
0.096215
-0.192430
-1.443223
-0.769719
-0.481074
-1.828083
-3.463736
-2.501587
-1.731868
-2.405372
-3.078877
-2.982662
-0.865934
-1.250794
-5.676679
-6.157753
0.096215
0.865934
-1.058364
0.865934
2.212943
0.673504
-0.096215
2.501587
0.384860
0.000000
0.962149
3.271306
3.271306
-0.384860
-0.769719
-2.501587
-3.175092
-4.906960
1.924298
4.522100
2.790232
4.906960
6.253968
3.559951
0.865934
-1.924298
-0.384860
2.212943
6.061538
6.735043
3.752381
1.924298
1.924298
4.137241
3.463736
1.154579
-2.694017
-2.405372
-1.828083
1.443223
5.484249
6.157753
2.309158
-3.559951
1.443223
2.597802
1.347009
1.731868
4.233455
5.291819
6.350183
4.522100
5.965324
4.618315
7.889621
6.542613
4.329670
2.501587
4.137241
6.253968
5.580464
5.965324
4.810745
0.769719
2.982662
4.522100
2.790232
2.982662
2.405372
3.559951
4.137241
4.041026
-0.769719
-3.656166
-4.233455
-1.924298
1.443223
1.828083
0.096215
-1.250794
-0.865934
0.865934
-1.731868
-4.329670
-2.886447
-1.828083
-3.752381
-6.542613
-3.656166
-0.865934
-1.058364
-2.405372
-3.752381
-4.618315
-1.058364
-2.597802
-1.539438
1.250794
-0.673504
-1.058364
-2.212943
-1.539438
-2.790232
-0.769719
-1.347009
-2.020513
-1.731868
-1.058364
-0.962149
-2.501587
0.577289
1.443223
-3.175092
-3.752381
-0.577289
1.250794
0.096215
0.577289
0.384860
-2.694017
-1.058364
0.000000
1.347009
1.058364
-1.635653
-3.463736
-2.982662
-1.924298
-1.635653
-2.790232
-2.886447
-2.886447
-4.810745
-6.061538
-3.944811
-0.384860
-2.886447
-3.559951
-5.099389
-5.195604
-4.425885
-3.463736
-2.501587
-3.175092
-0.096215
0.000000
-1.731868
-2.020513
0.962149
1.058364
0.865934
2.501587
3.271306
1.347009
2.212943
-0.096215
3.175092
5.388034
9.332845
9.910134
5.003175
3.559951
0.577289
0.096215
2.501587
8.178266
-2.020513
0.962149
-3.463736
-1.731868
3.078877
6.350183
4.714530
-2.694017
-7.216117
-3.656166
-1.828083
0.192430
1.250794
1.250794
-2.501587
-4.425885
-2.309158
-1.250794
2.405372
-3.656166
-2.790232
-7.023687
-5.869109
-4.329670
-4.137241
-5.484249
-4.137241
-4.714530
-5.965324
-4.329670
-0.288645
0.384860
0.577289
-1.154579
-1.154579
-7.023687
0.192430
0.769719
1.539438
-0.769719
0.096215
-0.962149
1.828083
2.309158
-1.250794
-4.137241
-5.291819
-5.195604
-0.577289
-1.828083
-2.212943
-4.906960
-7.119902
-5.484249
-2.501587
-2.501587
-2.982662
-4.522100
-5.580464
-5.772894
-5.291819
-4.233455
-3.078877
-1.250794
1.828083
2.982662
-0.865934
-2.597802
-2.694017
0.192430
2.405372
4.810745
5.580464
3.559951
1.443223
-2.405372
-2.501587
-2.116728
0.000000
0.192430
1.828083
1.731868
1.731868
2.405372
4.425885
6.831258
4.425885
0.769719
-0.384860
1.731868
4.522100
5.965324
4.714530
3.559951
1.731868
2.790232
6.061538
4.618315
2.597802
3.752381
6.061538
8.370696
8.659341
5.388034
4.041026
2.405372
-1.154579
-0.481074
0.481074
-1.058364
-0.096215
0.288645
0.192430
-0.384860
0.481074
0.000000
0.865934
2.982662
1.443223
-2.597802
-3.559951
-6.253968
-6.735043
-3.944811
-0.769719
3.175092
0.962149
-1.058364
-2.309158
1.058364
4.714530
2.501587
-4.329670
-7.889621
-6.831258
-4.137241
-2.020513
-0.769719
-4.233455
-6.927473
-8.947985
-9.332845
-7.600977
-6.061538
-2.116728
2.597802
0.288645
-4.618315
-3.078877
0.000000
-0.769719
-1.250794
-6.927473
-9.621490
-11.930647
-11.545788
-1.347009
1.347009
2.694017
1.250794
-0.096215
-0.577289
1.250794
4.137241
5.965324
6.927473
4.618315
5.676679
6.831258
4.041026
3.463736
3.848596
3.559951
2.020513
3.944811
3.752381
6.831258
-0.192430
6.831258
3.078877
-0.481074
-0.769719
-0.962149
-0.288645
-1.347009
-4.329670
-5.388034
-2.212943
-0.288645
3.078877
5.869109
6.446398
6.157753
5.003175
4.522100
3.656166
2.982662
2.020513
0.865934
1.731868
1.828083
2.790232
4.714530
3.367521
2.886447
5.003175
4.906960
4.041026
-5.388034
2.790232
3.078877
0.769719
-1.250794
-2.116728
-3.367521
-2.405372
-2.020513
-1.347009
-1.347009
0.384860
0.769719
0.096215
-3.463736
-1.539438
1.731868
1.731868
3.559951
4.714530
0.769719
-1.058364
-2.694017
-0.673504
-2.501587
-1.443223
-3.175092
-5.580464
-5.388034
-5.484249
-2.020513
0.288645
0.481074
0.865934
-1.635653
-2.309158
-4.137241
-4.233455
-4.618315
-2.116728
0.288645
2.501587
3.271306
0.865934
1.828083
-2.982662
-5.676679
-4.714530
-7.119902
-5.772894
-6.061538
-2.790232
-3.944811
-1.635653
-1.635653
-3.656166
-6.638828
-5.099389
-4.425885
-1.539438
-0.096215
-0.384860
-0.865934
-1.539438
-1.250794
-1.731868
-2.597802
-2.886447
-2.790232
-3.367521
-2.309158
-1.828083
-1.828083
-2.405372
-0.865934
-1.154579
-2.597802
0.000000
-1.539438
3.175092
2.597802
0.481074
0.192430
2.116728
6.157753
6.735043
5.580464
2.309158
-2.212943
-3.078877
-4.233455
-0.288645
0.481074
0.962149
2.309158
4.522100
4.618315
1.250794
1.347009
1.347009
-0.865934
-1.731868
-3.463736
-0.962149
1.828083
4.522100
2.116728
-0.384860
-0.288645
1.443223
2.597802
1.154579
-0.384860
-0.192430
-0.384860
0.000000
2.790232
2.405372
2.790232
1.058364
-0.481074
0.865934
1.539438
-1.443223
0.962149
1.347009
-0.288645
-0.673504
2.020513
2.790232
0.769719
0.481074
0.865934
1.635653
0.288645
1.058364
-3.078877
0.000000
-1.058364
1.058364
0.962149
1.058364
4.137241
5.965324
5.869109
3.752381
3.656166
4.041026
3.656166
1.828083
1.924298
0.673504
1.250794
2.982662
1.828083
2.212943
1.154579
1.347009
1.828083
1.924298
2.501587
1.443223
0.577289
0.481074
-0.192430
-2.212943
0.288645
2.694017
1.828083
-1.539438
-1.443223
-2.790232
-2.020513
-2.309158
-0.865934
-0.481074
0.577289
4.233455
8.082051
8.755556
7.119902
3.752381
2.405372
0.384860
1.347009
2.886447
2.020513
1.250794
2.982662
5.869109
10.294994
9.044200
7.504762
6.253968
6.446398
3.752381
-0.192430
-1.347009
0.962149
1.539438
3.175092
0.577289
0.288645
-1.828083
-2.597802
-3.656166
-2.886447
-3.463736
-2.790232
-1.250794
0.865934
0.000000
-1.443223
0.000000
0.673504
0.000000
-0.192430
-2.405372
-2.212943
0.673504
3.944811
2.597802
0.192430
-1.924298
-2.309158
2.309158
1.250794
-0.481074
-0.673504
-3.367521
-7.793407
-5.772894
1.539438
5.003175
1.924298
-2.694017
-5.676679
-7.312332
-4.522100
-2.212943
-2.020513
-2.212943
-1.539438
0.288645
0.192430
-1.828083
-5.772894
-3.271306
-2.790232
-2.116728
-2.309158
-0.962149
0.000000
1.731868
5.484249
4.329670
3.944811
2.405372
1.347009
1.154579
1.347009
1.828083
0.481074
-0.673504
-2.982662
-1.731868
0.865934
0.577289
-0.192430
-1.828083
-1.924298
-0.288645
0.865934
1.058364
0.384860
0.962149
1.443223
3.078877
4.522100
3.367521
0.000000
-0.769719
-0.769719
-0.481074
0.384860
1.924298
1.250794
2.790232
0.673504
0.481074
0.288645
0.481074
-0.962149
0.673504
2.501587
4.714530
8.659341
12.315507
8.274481
6.253968
3.752381
-0.384860
-1.154579
-1.443223
-0.481074
0.577289
-1.250794
-2.501587
-1.058364
-3.559951
-4.137241
-2.309158
-1.828083
-0.288645
-0.962149
-1.635653
-2.212943
0.192430
-1.828083
-1.924298
-2.405372
-1.924298
-2.405372
-0.384860
0.577289
-7.697192
-0.865934
-2.116728
-2.886447
-1.347009
-2.116728
-2.597802
-3.367521
-2.982662
-2.116728
-1.443223
-1.828083
-0.962149
-2.597802
-6.253968
-9.332845
-8.947985
-7.408547
-7.889621
-10.391209
-7.793407
-5.580464
-5.003175
-4.329670
-4.425885
-3.078877
-2.694017
-3.559951
-5.388034
-3.559951
-2.405372
-1.635653
-2.982662
-0.673504
2.020513
-0.673504
-1.250794
-3.175092
-7.504762
-4.137241
-3.559951
-3.944811
-5.869109
-5.291819
-5.676679
-7.504762
-4.810745
-3.367521
-3.463736
-5.580464
-4.522100
-3.367521
-2.309158
-2.597802
-0.962149
0.288645
0.769719
0.096215
1.635653
0.673504
0.000000
0.096215
0.000000
-0.096215
4.041026
4.810745
3.271306
-0.192430
3.175092
1.924298
0.481074
-2.886447
-5.003175
-4.618315
-4.329670
