-0.593162
4.914774
4.067399
4.067399
-3.897924
-2.457387
-4.999512
-2.033700
-2.881074
-0.932112
1.694750
6.185836
4.575824
6.185836
2.542125
3.220024
0.423687
0.593162
1.016850
1.186325
-3.135287
-2.457387
-3.135287
0.508425
-2.287912
-1.864225
-5.168987
-4.236874
-8.643223
-6.440049
-5.931624
-3.474237
-3.813187
-1.355800
0.338950
-1.271062
1.610012
7.202686
6.016361
8.134799
4.236874
2.626862
2.881074
1.271062
-2.118437
-1.186325
-3.728449
-5.168987
-6.778999
-1.355800
2.203175
0.084737
2.711600
1.948962
-1.948962
-2.203175
-3.982662
-2.711600
-3.304762
-0.932112
0.677900
2.965812
4.406349
9.151648
5.084249
4.575824
6.101099
8.134799
6.524786
7.372161
2.881074
-0.423687
-1.101587
2.881074
0.932112
2.626862
1.948962
3.304762
2.626862
1.440537
0.084737
2.372650
3.643712
3.982662
1.440537
1.864225
-0.338950
2.796337
2.542125
1.016850
1.610012
2.457387
1.440537
6.270574
0.254212
-2.711600
0.000000
5.846886
6.101099
7.965324
8.473748
7.965324
4.236874
2.457387
8.558486
9.490598
7.626374
4.321612
1.948962
1.440537
-0.169475
2.711600
4.914774
7.117949
5.084249
7.117949
8.982173
9.321123
6.355311
4.067399
3.389499
1.525275
-1.948962
-1.610012
-0.423687
4.830037
8.897436
7.202686
4.067399
2.203175
-3.304762
-6.270574
-5.677411
-5.168987
-5.338462
-7.372161
-4.491087
-3.728449
0.338950
1.948962
2.118437
-0.338950
1.610012
-4.321612
-3.982662
-3.643712
-1.864225
-0.169475
6.270574
3.982662
5.338462
6.440049
4.236874
3.220024
2.881074
2.965812
6.863736
4.660562
1.440537
-2.033700
-1.271062
-3.813187
-2.203175
-3.304762
0.084737
-0.169475
0.593162
-2.542125
-0.423687
-2.881074
0.000000
-4.914774
-1.440537
-3.389499
-1.864225
-3.728449
-0.508425
-2.542125
-8.134799
-0.677900
2.287912
-8.219536
4.152137
4.491087
1.694750
-2.372650
-4.236874
-8.304274
-4.152137
-4.914774
-4.660562
-2.881074
-1.186325
3.728449
5.592674
7.117949
4.575824
1.355800
0.762637
0.169475
1.440537
0.847375
3.389499
3.643712
2.457387
1.525275
2.203175
0.000000
-0.169475
-1.610012
-2.372650
-1.101587
0.084737
-0.677900
-1.610012
-0.677900
2.711600
5.592674
4.321612
4.321612
3.643712
2.203175
3.389499
3.304762
3.643712
1.779487
1.016850
5.338462
5.084249
3.897924
4.406349
1.864225
-3.897924
0.084737
2.796337
3.389499
1.101587
0.254212
1.948962
6.609524
5.084249
4.321612
3.220024
-0.593162
-5.338462
-3.304762
-0.084737
2.711600
1.525275
2.626862
-0.423687
-3.813187
-4.575824
-3.982662
-3.050549
-4.830037
-4.575824
-1.694750
-3.389499
-3.050549
-1.440537
-2.542125
-4.152137
-2.287912
-3.135287
1.440537
2.033700
3.220024
-0.338950
-1.271062
-4.491087
-5.592674
-2.965812
1.355800
2.372650
-3.389499
3.643712
4.321612
1.948962
0.932112
0.338950
0.847375
1.355800
0.847375
-0.084737
4.236874
4.406349
3.728449
1.864225
5.084249
0.254212
-0.932112
-4.152137
-2.626862
-0.677900
3.643712
4.914774
8.050061
3.728449
2.542125
-0.254212
0.338950
-2.457387
-0.423687
-0.677900
1.948962
4.321612
6.270574
2.965812
6.948474
5.423199
2.118437
-4.830037
-2.542125
0.423687
3.982662
2.372650
4.830037
3.474237
3.135287
1.440537
3.220024
2.118437
2.287912
-1.525275
0.932112
1.101587
2.033700
0.677900
0.847375
-2.457387
-1.694750
-3.474237
-2.796337
-4.236874
-2.626862
-2.965812
1.186325
0.677900
0.508425
-3.220024
-2.542125
-5.084249
-5.338462
-6.609524
-5.168987
-7.033211
-3.897924
-0.593162
-0.338950
-2.711600
-2.457387
-5.507937
-6.355311
-6.694261
-7.287424
-7.202686
-3.474237
-0.169475
-0.847375
-5.507937
-7.202686
-5.168987
-3.220024
-4.236874
-6.524786
-4.406349
-3.389499
1.271062
-0.508425
-0.169475
2.457387
2.033700
2.711600
0.932112
-8.389011
-13.219048
-11.100611
-2.711600
4.067399
10.253236
12.541148
11.354823
5.507937
-0.932112
-4.067399
-2.796337
-4.152137
-7.033211
-5.168987
1.694750
1.525275
2.033700
0.932112
1.101587
-1.440537
-1.864225
-4.914774
-7.033211
-11.693773
-11.439560
-5.677411
1.864225
4.067399
4.745299
-0.423687
-0.084737
0.338950
4.914774
0.932112
-1.186325
-2.881074
-3.982662
-9.236386
-5.592674
-6.355311
-0.338950
0.508425
0.762637
0.847375
-0.169475
-3.643712
1.355800
-10.253236
-2.711600
-5.507937
-5.507937
-9.405861
-7.202686
-1.948962
-0.593162
-4.152137
-7.795849
-8.050061
-4.406349
-3.643712
-3.220024
-5.168987
-3.050549
-4.575824
-2.965812
-6.101099
-4.575824
-6.948474
-4.491087
-4.236874
-5.762149
-11.185348
-10.931136
-10.846398
-8.389011
-7.033211
-5.084249
-8.897436
-8.643223
-7.795849
-2.457387
1.186325
3.728449
0.847375
-2.033700
-4.660562
-1.186325
1.779487
7.117949
7.033211
2.118437
-1.440537
-1.525275
-4.321612
-4.660562
-1.864225
0.423687
1.271062
4.067399
5.423199
8.812698
7.372161
8.389011
4.406349
6.694261
9.151648
8.304274
3.643712
1.271062
-1.186325
1.101587
7.711111
11.015873
12.710623
10.761661
3.220024
-2.965812
2.203175
2.965812
5.338462
5.084249
5.762149
2.542125
-0.254212
1.948962
4.745299
2.372650
3.982662
3.389499
9.575336
8.050061
5.762149
0.593162
-0.508425
-1.355800
-0.423687
-0.084737
-1.101587
-3.897924
-3.135287
0.508425
1.694750
-2.711600
-3.220024
-2.965812
-1.864225
-1.101587
-1.610012
-6.101099
-4.745299
1.779487
5.084249
5.507937
6.609524
1.525275
0.338950
-4.152137
-5.084249
-11.693773
-2.965812
-1.948962
0.847375
-0.677900
2.881074
4.236874
4.406349
0.338950
-3.558974
-7.372161
-3.897924
-4.830037
-1.101587
0.677900
4.999512
6.440049
7.033211
2.711600
2.203175
-1.610012
-0.847375
-0.847375
4.745299
2.033700
-1.525275
-7.626374
-5.592674
-3.474237
5.677411
4.999512
1.525275
-8.643223
-12.371673
-11.947985
-1.440537
2.372650
3.050549
-2.287912
-3.389499
-6.524786
-2.711600
0.932112
1.610012
1.610012
1.355800
-1.186325
0.000000
-1.016850
2.711600
4.830037
4.660562
0.084737
-2.881074
-9.066911
-7.117949
-4.236874
-2.287912
-2.033700
-0.847375
-2.711600
-1.864225
-4.321612
-3.813187
-5.423199
-0.508425
0.932112
0.338950
-0.508425
1.864225
-0.169475
-2.372650
-6.185836
-7.202686
-6.778999
-2.287912
-3.304762
-0.847375
-4.236874
-3.813187
-0.593162
2.796337
3.304762
5.507937
3.643712
2.118437
-3.220024
-4.660562
-8.982173
-4.406349
-3.389499
-4.236874
-4.067399
1.525275
-2.203175
-0.423687
-2.542125
-0.254212
-1.271062
-1.016850
-1.440537
0.254212
-1.610012
-1.271062
-2.881074
-6.524786
-6.101099
-10.846398
-0.254212
2.457387
4.491087
7.033211
3.050549
1.016850
-0.254212
2.711600
-0.423687
-1.525275
-2.626862
-0.169475
-1.610012
2.965812
8.558486
6.948474
3.897924
4.491087
4.321612
2.881074
-0.169475
2.626862
4.067399
0.847375
-0.423687
0.932112
1.271062
4.406349
4.745299
3.813187
1.610012
-3.558974
-4.745299
-2.796337
4.152137
10.253236
8.982173
6.016361
3.220024
-2.626862
-8.134799
-8.897436
-3.389499
-1.525275
-0.084737
0.423687
-1.948962
-2.881074
1.440537
3.304762
4.575824
3.389499
5.931624
3.728449
2.881074
-2.626862
-3.389499
0.932112
6.948474
10.676923
13.134310
7.202686
1.525275
-3.897924
-7.965324
-8.643223
0.847375
11.270085
17.116972
8.389011
-0.169475
-4.830037
0.338950
4.660562
6.524786
6.694261
5.592674
0.338950
-2.965812
-7.372161
-5.507937
-5.253724
-2.372650
-0.593162
5.423199
1.440537
-2.203175
-4.321612
-1.101587
-0.338950
1.355800
-0.423687
0.169475
-1.694750
0.169475
-1.016850
2.457387
0.423687
0.423687
0.423687
2.796337
0.084737
0.169475
-6.609524
-11.693773
-13.473260
-12.202198
-8.473748
-1.271062
-3.220024
-1.779487
-2.203175
-3.135287
-3.050549
1.525275
0.677900
-4.830037
-11.524298
-5.253724
-1.610012
6.440049
5.084249
4.830037
-2.372650
-7.202686
-10.253236
-5.507937
0.000000
6.101099
1.271062
0.169475
-0.847375
0.508425
-0.847375
1.440537
0.423687
-3.135287
-7.711111
-3.897924
-1.779487
2.881074
4.999512
8.304274
4.830037
-0.338950
-4.914774
-5.338462
-9.405861
-1.271062
-1.948962
0.169475
-2.033700
-1.186325
-1.948962
0.084737
0.000000
4.830037
2.542125
2.033700
-1.440537
0.169475
-2.457387
-2.372650
-2.287912
-2.881074
-3.558974
-4.152137
-2.287912
-3.135287
-2.033700
-0.847375
4.152137
5.084249
3.558974
-4.406349
-5.931624
-7.711111
-6.185836
-4.067399
3.220024
5.168987
7.202686
4.660562
3.135287
-0.169475
0.508425
0.000000
-1.694750
-4.914774
-3.389499
-1.186325
1.101587
4.491087
8.050061
4.575824
2.287912
0.847375
-3.643712
-7.880586
-9.151648
-8.134799
0.169475
2.118437
5.677411
0.762637
-1.101587
-8.982173
-5.507937
-4.999512
-1.610012
0.000000
3.389499
-0.338950
-1.694750
-3.474237
0.338950
1.610012
3.558974
6.778999
7.117949
3.643712
1.440537
1.525275
4.660562
6.101099
7.287424
5.423199
4.575824
7.202686
8.558486
11.185348
9.490598
6.355311
3.982662
5.592674
7.456899
9.490598
11.947985
13.134310
7.541636
0.423687
3.050549
7.456899
7.372161
8.134799
10.337973
13.642735
11.270085
2.965812
4.575824
8.643223
7.795849
7.626374
5.846886
6.101099
0.338950
-1.271062
-5.168987
-0.254212
3.050549
1.694750
-2.965812
-2.711600
-4.067399
-2.457387
-6.863736
-7.456899
-8.050061
-5.423199
-7.711111
-2.542125
-1.948962
-3.474237
-6.016361
-4.067399
-4.660562
-1.864225
-4.067399
-3.220024
-4.575824
-3.220024
-5.762149
-7.880586
-6.524786
-1.101587
0.593162
1.694750
0.847375
1.948962
-3.135287
-6.863736
-17.455922
-2.287912
-0.423687
4.406349
-1.948962
-4.999512
-7.880586
-6.270574
-4.152137
0.593162
1.440537
0.084737
-5.084249
-7.033211
-8.643223
-4.999512
-4.914774
-2.287912
-5.507937
-6.016361
-8.473748
-10.168498
-12.541148
-7.965324
-7.965324
-6.524786
-9.236386
-6.440049
-6.185836
-0.423687
-1.186325
-4.406349
-7.287424
-6.948474
-8.219536
-6.101099
-8.304274
0.508425
2.372650
2.711600
-1.864225
-3.220024
-3.050549
-1.694750
2.457387
3.897924
-1.101587
-5.592674
-4.575824
0.338950
2.118437
4.575824
3.389499
4.406349
3.135287
-0.254212
-1.355800
-4.830037
-4.745299
-0.423687
0.508425
0.169475
2.203175
5.762149
9.321123
4.406349
-0.084737
-3.728449
-4.830037
-5.168987
-5.338462
-5.423199
-4.999512
-7.033211
-7.202686
-4.575824
-0.762637
0.338950
2.457387
-0.677900
0.423687
2.033700
3.220024
-2.118437
-3.220024
-1.694750
3.135287
3.982662
4.236874
-1.016850
-0.338950
-3.050549
-2.542125
-3.813187
-1.948962
-3.558974
-3.220024
-3.220024
0.762637
0.847375
4.406349
3.813187
3.813187
-0.169475
0.423687
-1.864225
-3.135287
-6.270574
-4.321612
-3.389499
-0.084737
0.677900
-2.457387
-2.881074
-1.610012
-1.610012
-0.593162
-0.762637
-3.813187
-4.914774
-3.643712
-1.355800
-2.118437
-5.423199
-1.779487
2.372650
1.948962
3.474237
1.440537
3.813187
3.813187
2.372650
0.000000
0.423687
0.169475
-3.813187
-5.846886
-6.101099
-8.643223
-8.304274
-4.406349
1.101587
1.440537
-0.338950
-4.067399
-5.338462
-3.813187
-1.101587
-1.694750
0.338950
-2.881074
-4.321612
-6.948474
-2.372650
2.287912
4.236874
4.236874
6.185836
3.389499
2.881074
-0.338950
2.033700
1.355800
0.847375
0.508425
7.456899
8.219536
7.372161
-1.016850
-2.287912
-4.491087
-0.423687
6.101099
9.490598
0.423687
-3.220024
-2.881074
1.948962
4.830037
7.456899
3.474237
2.287912
-0.508425
2.965812
4.660562
6.609524
4.406349
1.440537
0.169475
1.948962
1.271062
2.033700
-1.948962
-0.677900
-2.965812
0.677900
-1.355800
-3.728449
-5.592674
-0.084737
3.389499
7.372161
6.948474
3.813187
0.508425
-0.762637
-2.372650
-3.135287
-2.881074
-0.762637
-2.711600
-5.762149
-5.253724
-5.846886
-5.084249
-3.050549
-1.271062
-4.575824
-4.406349
-5.253724
-5.677411
-2.881074
-1.440537
0.423687
-3.050549
-6.778999
-7.711111
-6.016361
-0.932112
-0.508425
1.525275
-1.355800
-0.593162
-1.948962
4.152137
2.881074
3.474237
-0.932112
-1.016850
-3.813187
-1.779487
-0.084737
7.033211
9.151648
1.948962
0.677900
-4.321612
-6.948474
-0.593162
1.610012
4.830037
2.372650
0.169475
-2.457387
1.779487
1.101587
3.982662
0.762637
-1.016850
-2.796337
-2.203175
-2.118437
3.728449
2.711600
-0.932112
-5.762149
-6.185836
-5.592674
-2.372650
-2.626862
0.677900
1.525275
2.711600
0.084737
3.474237
6.778999
7.795849
3.474237
4.406349
-1.355800
1.271062
-1.016850
4.321612
6.355311
7.117949
5.677411
5.423199
3.220024
3.220024
2.457387
2.711600
0.254212
1.948962
-0.338950
-0.423687
-8.897436
-0.254212
1.864225
4.321612
1.610012
0.508425
-0.169475
0.338950
0.677900
2.033700
2.881074
-0.084737
-0.932112
2.796337
3.813187
6.948474
7.287424
4.660562
2.372650
0.423687
0.593162
2.203175
2.626862
1.525275
-1.101587
-2.711600
-0.932112
-2.287912
-2.881074
-2.118437
-3.050549
-5.338462
-2.033700
-2.796337
-2.796337
-5.253724
-4.745299
-6.609524
-9.151648
-6.355311
-4.660562
-5.084249
0.762637
0.423687
2.372650
-0.762637
-1.779487
-2.881074
0.254212
0.762637
2.033700
-2.626862
-1.440537
-0.338950
1.271062
1.864225
1.440537
-2.881074
-4.830037
-2.457387
-0.677900
-1.101587
-0.762637
-4.321612
-3.050549
-7.117949
-8.389011
-5.592674
1.610012
0.254212
-2.711600
-5.592674
-2.965812
-3.304762
3.728449
0.677900
-0.508425
-7.372161
-7.372161
-6.101099
0.423687
0.000000
1.101587
-2.118437
-2.965812
-5.423199
-4.152137
-6.185836
-3.643712
-5.507937
-4.660562
-3.220024
-0.423687
-3.389499
-3.304762
-6.524786
-0.677900
-5.084249
-0.677900
-2.457387
-0.847375
-2.118437
-0.338950
-1.186325
-0.338950
-5.762149
-3.135287
-1.779487
0.000000
-1.016850
1.694750
-1.271062
-1.271062
-4.914774
-1.948962
0.000000
5.507937
2.203175
-0.338950
-5.931624
-4.914774
-3.813187
-1.525275
-0.423687
0.508425
1.779487
-0.169475
-4.914774
-4.321612
-3.643712
-1.779487
-3.220024
0.254212
0.254212
1.101587
-4.999512
-5.762149
-8.727961
-4.406349
-5.423199
-1.016850
0.847375
4.999512
2.542125
-2.033700
-3.897924
-2.881074
-1.694750
-2.626862
1.694750
5.677411
4.067399
6.185836
3.728449
6.694261
7.541636
6.440049
3.813187
4.660562
3.728449
1.694750
0.084737
4.406349
1.440537
4.067399
2.287912
1.948962
-1.525275
1.694750
2.457387
5.338462
4.236874
1.355800
-1.271062
3.474237
3.813187
6.948474
4.745299
3.897924
0.593162
-1.271062
-2.965812
0.847375
-1.186325
4.575824
3.558974
4.236874
0.847375
3.220024
3.813187
2.711600
-0.762637
-0.423687
-1.779487
-0.677900
-1.101587
1.948962
3.558974
7.033211
5.423199
3.558974
-0.677900
-2.626862
-6.524786
-2.711600
-3.135287
-2.881074
-5.084249
-3.728449
-6.016361
-3.389499
-3.897924
-1.525275
-1.948962
-0.338950
1.694750
5.423199
4.067399
4.660562
1.355800
1.610012
-0.169475
-1.779487
-5.338462
-2.965812
-1.864225
0.762637
0.677900
2.626862
0.000000
0.508425
-2.881074
0.084737
2.287912
3.474237
3.389499
3.474237
-2.881074
-2.287912
-1.271062
-3.558974
3.389499
3.728449
2.203175
2.033700
0.932112
4.830037
5.762149
5.931624
1.864225
2.542125
2.542125
4.067399
0.593162
1.779487
1.779487
8.558486
10.083761
8.304274
-0.084737
-4.491087
-10.507448
-3.982662
0.762637
8.304274
6.609524
3.813187
-1.440537
-3.050549
-8.304274
-8.643223
-10.846398
-7.456899
-9.575336
-5.507937
-7.456899
-5.677411
-2.965812
2.626862
1.948962
1.948962
-2.965812
-0.847375
-10.168498
-10.507448
-5.762149
2.626862
3.474237
5.592674
0.593162
-0.762637
-1.440537
1.016850
-2.118437
-1.694750
-6.270574
-7.541636
-11.354823
-7.287424
-2.033700
7.117949
5.168987
7.202686
5.762149
5.762149
2.626862
1.864225
0.338950
-1.779487
0.508425
4.067399
2.203175
3.813187
6.016361
7.795849
6.440049
7.117949
6.185836
5.423199
5.084249
3.558974
-0.084737
-0.423687
-0.593162
-0.423687
2.881074
2.457387
0.423687
-2.118437
-4.660562
-2.796337
-5.168987
-7.287424
-2.796337
0.338950
2.118437
3.643712
3.135287
1.355800
0.423687
-1.864225
-2.711600
-4.321612
-4.575824
-2.457387
0.932112
5.507937
5.677411
0.677900
0.508425
1.440537
1.694750
1.779487
3.643712
2.203175
2.881074
4.152137
7.033211
6.185836
4.491087
3.728449
4.745299
6.863736
3.813187
5.846886
6.185836
6.185836
4.491087
3.220024
3.728449
1.948962
-0.338950
-5.507937
0.677900
-0.847375
-7.033211
0.508425
-0.762637
-5.338462
0.677900
0.932112
4.491087
3.982662
4.321612
1.779487
2.796337
0.762637
2.203175
2.626862
4.067399
5.338462
3.728449
2.287912
3.897924
0.423687
1.694750
4.152137
5.338462
1.271062
2.881074
0.677900
-0.847375
-2.965812
-5.507937
-7.202686
-3.135287
-1.101587
0.677900
1.186325
0.423687
-3.050549
-1.694750
0.254212
0.254212
-0.338950
3.643712
1.610012
-1.610012
-6.524786
-6.185836
-6.609524
-2.796337
-1.016850
-3.050549
-3.982662
-0.847375
-7.117949
2.711600
4.660562
6.016361
-0.423687
-4.067399
-7.795849
-3.558974
-1.779487
-2.033700
4.406349
3.389499
-1.525275
-3.897924
-0.932112
5.338462
4.321612
2.881074
-7.117949
-1.525275
-1.355800
5.168987
8.389011
14.235897
11.947985
6.270574
1.101587
1.271062
0.932112
1.864225
0.338950
3.220024
5.507937
2.203175
-0.508425
0.423687
-1.355800
1.186325
3.220024
4.406349
4.321612
6.185836
5.084249
7.372161
4.660562
4.067399
0.677900
2.881074
1.271062
1.016850
-4.575824
-2.796337
-3.813187
-2.626862
-5.762149
-6.863736
-8.304274
-6.948474
-4.914774
-7.287424
-7.117949
-7.626374
-8.134799
-9.405861
-4.660562
-0.338950
-1.016850
-5.084249
-4.914774
-3.897924
-2.881074
-3.643712
-1.948962
-2.711600
-2.711600
-1.610012
0.847375
1.610012
-0.254212
-1.101587
-0.423687
-1.355800
-3.220024
-3.389499
-2.287912
-2.965812
-1.271062
-5.084249
-4.406349
-4.999512
-3.643712
-5.423199
-4.152137
-6.609524
-6.863736
-9.999023
-9.660073
-9.999023
-10.253236
-12.625885
-10.676923
-3.474237
1.694750
-5.762149
-2.881074
-5.507937
-3.643712
-2.965812
3.050549
3.558974
5.592674
0.677900
0.423687
-0.169475
2.626862
1.864225
-0.423687
-0.677900
0.254212
-2.033700
-3.304762
-6.948474
-3.813187
-4.660562
-2.457387
-4.406349
-2.372650
-0.593162
3.558974
3.728449
4.575824
0.508425
-1.186325
-6.524786
-6.694261
-4.236874
-1.694750
-4.152137
-4.406349
-7.456899
-2.118437
-0.423687
0.508425
0.254212
1.355800
-3.813187
-1.525275
-1.355800
1.271062
3.813187
3.474237
0.000000
-2.287912
-3.728449
-1.355800
-2.287912
-3.304762
-2.372650
-2.796337
-3.474237
-3.643712
-10.676923
-4.067399
-2.965812
-2.796337
-3.135287
-4.406349
-6.694261
-10.676923
-9.490598
-6.101099
-1.271062
-0.254212
3.558974
1.948962
-6.948474
-15.506960
-14.998535
-12.880098
-5.762149
1.101587
8.897436
9.151648
5.592674
-1.101587
0.932112
-2.118437
-2.542125
-2.372650
-0.593162
-4.406349
-4.914774
-6.185836
-1.694750
-1.355800
-1.186325
-4.321612
-2.711600
-4.914774
-2.626862
-2.033700
1.271062
0.254212
-3.897924
-6.863736
-5.846886
-6.016361
-2.881074
-2.965812
-2.033700
-2.287912
1.016850
-1.525275
0.000000
4.152137
8.134799
3.558974
0.338950
-2.457387
-1.355800
-2.542125
0.762637
-3.643712
-10.168498
-0.169475
-0.169475
-1.948962
0.254212
9.999023
15.252747
12.625885
11.609035
8.558486
3.135287
2.118437
3.474237
3.813187
3.474237
2.542125
3.050549
5.423199
5.338462
7.626374
3.135287
1.186325
-5.592674
-4.152137
-2.203175
4.830037
4.491087
5.762149
2.457387
-0.169475
-2.203175
0.677900
-1.694750
0.593162
-2.711600
-0.593162
-4.491087
-1.016850
1.440537
4.067399
-1.271062
0.423687
-2.118437
0.508425
0.932112
-0.084737
-2.626862
-2.542125
-1.440537
1.610012
0.169475
-2.542125
-3.135287
0.423687
1.525275
1.948962
3.728449
3.389499
-2.287912
-3.304762
-4.745299
-4.406349
-5.338462
-2.965812
3.558974
4.999512
4.830037
0.762637
-0.593162
-3.643712
-2.372650
-1.355800
-0.338950
-2.118437
-3.389499
-5.592674
-1.525275
-1.271062
2.203175
3.050549
3.558974
3.389499
0.000000
-1.610012
-2.626862
-3.304762
0.000000
-0.423687
0.169475
-1.016850
-0.254212
-3.304762
-2.372650
-5.846886
-6.016361
-6.185836
-2.033700
-5.762149
-5.168987
-5.084249
0.677900
2.033700
-0.677900
0.847375
1.440537
-2.542125
0.000000
-1.186325
0.677900
-3.389499
-1.864225
-1.355800
-1.610012
-1.779487
0.847375
4.491087
6.948474
6.694261
6.440049
7.372161
6.270574
4.999512
7.287424
