-8.851770
-9.910134
-8.370696
-5.580464
-4.618315
-2.982662
-4.810745
-10.776068
-13.566300
-12.411722
-9.717705
-5.388034
-2.886447
-5.676679
-10.487424
-11.064713
-8.082051
-5.965324
-4.906960
-3.752381
-5.195604
-10.198779
-9.332845
-6.542613
-6.831258
-6.638828
-5.772894
-7.600977
-5.965324
-0.577289
-0.192430
-0.096215
-3.752381
-5.003175
-6.061538
-8.274481
-3.367521
-1.635653
-2.309158
-1.828083
-5.099389
-6.735043
-3.944811
-0.673504
-2.020513
-1.635653
-4.618315
-5.484249
-3.175092
-4.041026
-1.443223
0.962149
2.501587
0.577289
-2.886447
-4.329670
-5.195604
-3.367521
-0.962149
-0.192430
-0.481074
-1.443223
-2.982662
-4.425885
-4.810745
-4.714530
-4.137241
-3.559951
-4.618315
-8.082051
-10.102564
-11.257143
-6.542613
-3.463736
-2.886447
-3.078877
-5.195604
-9.621490
-10.872283
-10.102564
-7.408547
-5.388034
-2.212943
0.000000
0.096215
-2.790232
-4.522100
-5.869109
-14.336020
-0.577289
2.597802
2.501587
-1.731868
-4.714530
-8.274481
-11.160928
-9.236630
-8.755556
-5.676679
-3.271306
-0.865934
2.309158
3.271306
1.731868
-2.597802
-5.772894
-5.869109
-4.810745
-8.947985
-12.507937
-15.875458
-12.219292
-7.023687
-4.425885
-4.041026
-3.848596
-3.752381
-6.735043
-13.277656
-13.277656
-10.391209
-5.291819
-2.212943
-0.962149
0.000000
0.288645
-3.175092
-5.484249
-6.061538
-3.559951
-1.731868
0.000000
-2.501587
-2.790232
-1.924298
0.962149
4.906960
4.714530
2.020513
1.443223
3.944811
2.405372
1.731868
-1.539438
1.250794
3.078877
5.291819
3.848596
3.559951
1.635653
-2.309158
-5.388034
-3.078877
0.000000
0.192430
0.288645
-0.577289
-1.828083
-7.697192
-10.487424
-7.312332
-4.618315
-1.924298
-2.694017
-0.384860
-5.676679
-8.178266
-8.082051
-7.793407
-9.044200
-4.810745
-2.501587
-2.597802
-3.463736
-3.463736
-1.924298
-0.962149
-4.329670
-5.580464
-7.985836
-7.600977
-0.384860
3.656166
4.425885
4.810745
0.673504
-1.924298
-3.559951
-1.731868
0.673504
3.752381
3.656166
1.154579
-4.233455
-5.003175
-1.154579
4.137241
5.003175
3.848596
3.367521
-2.597802
-5.388034
-4.810745
-0.577289
5.003175
6.542613
0.962149
-3.078877
-2.309158
-4.522100
0.288645
4.714530
5.772894
2.212943
-2.116728
-1.539438
-1.635653
1.731868
3.559951
3.271306
0.000000
-0.962149
-2.405372
-0.577289
-1.154579
-2.790232
-2.405372
-2.886447
-2.982662
-5.195604
-3.271306
-1.154579
2.309158
1.443223
-2.116728
-3.078877
-0.288645
2.501587
0.769719
0.384860
0.288645
-1.539438
-3.175092
-2.886447
-0.962149
5.388034
7.793407
6.638828
-3.559951
-10.583639
-12.989011
-9.236630
-4.618315
-0.962149
-1.443223
0.481074
-3.367521
-4.906960
0.481074
6.061538
7.889621
5.580464
4.137241
2.309158
-5.003175
-8.370696
-10.968498
-8.274481
-3.367521
0.096215
1.539438
0.192430
-1.924298
0.192430
-0.096215
-1.058364
-3.752381
-3.559951
-7.216117
-3.944811
2.020513
3.848596
0.769719
-3.078877
-3.463736
-2.020513
-12.411722
-0.481074
2.694017
2.212943
4.906960
2.597802
-5.388034
-13.854945
-14.720879
-9.044200
-5.291819
-2.309158
-0.096215
3.848596
7.119902
9.429060
5.388034
2.790232
0.673504
0.000000
-0.481074
-1.058364
-1.443223
-4.714530
-2.501587
2.694017
9.429060
13.470085
14.239805
9.140415
0.865934
-4.810745
-5.676679
-6.061538
-2.597802
1.924298
4.137241
4.425885
6.061538
2.982662
0.962149
-2.116728
-3.944811
-1.924298
1.347009
3.559951
2.020513
-4.618315
-8.274481
-3.752381
-0.481074
-1.924298
-4.233455
-3.078877
-2.405372
2.309158
4.329670
7.697192
5.965324
1.924298
-1.154579
-0.577289
1.443223
0.288645
0.192430
3.271306
8.274481
10.487424
9.332845
5.484249
2.309158
2.405372
4.041026
1.250794
0.000000
1.539438
4.522100
5.676679
7.408547
6.831258
5.772894
4.137241
3.175092
1.635653
-0.962149
-0.288645
-1.828083
-1.250794
-0.865934
3.271306
9.429060
10.294994
5.965324
1.539438
-2.597802
-2.309158
0.481074
3.271306
8.466911
9.044200
7.408547
6.735043
1.250794
-0.192430
2.982662
7.216117
8.851770
8.274481
8.755556
6.638828
6.831258
6.735043
6.735043
7.023687
7.216117
5.580464
4.233455
1.731868
0.577289
3.078877
7.504762
9.140415
7.023687
3.848596
2.309158
2.694017
2.405372
5.003175
4.233455
2.212943
2.405372
2.982662
1.828083
0.865934
-1.539438
-0.384860
0.673504
-0.384860
-0.769719
-1.539438
-1.154579
-0.384860
3.752381
7.216117
3.175092
-2.020513
-1.154579
-0.577289
-2.597802
-4.137241
-0.384860
0.192430
0.096215
0.000000
4.906960
5.388034
1.443223
-2.501587
-2.982662
-2.309158
1.443223
5.099389
2.212943
-4.618315
-7.119902
-5.869109
-6.350183
-3.752381
-3.271306
-2.597802
-0.288645
2.212943
2.309158
2.501587
0.769719
-1.347009
0.769719
1.731868
1.154579
1.058364
3.271306
3.175092
-0.673504
1.539438
4.618315
4.137241
4.137241
2.694017
3.752381
2.886447
1.924298
1.539438
3.463736
4.137241
4.522100
3.656166
0.000000
1.347009
2.886447
5.965324
7.889621
9.621490
8.851770
7.793407
3.463736
-2.212943
-1.828083
0.096215
5.676679
7.504762
3.944811
2.790232
1.250794
-1.924298
-0.288645
-0.481074
0.384860
-0.577289
1.250794
2.116728
0.577289
-2.886447
-3.752381
-2.790232
-1.443223
2.405372
6.446398
5.676679
1.924298
-3.463736
-6.542613
-3.078877
-10.679853
-5.291819
0.673504
6.253968
10.102564
3.752381
-2.597802
-3.175092
-1.731868
0.192430
0.288645
-0.769719
-0.673504
-1.058364
-1.635653
-2.694017
0.865934
2.212943
3.944811
5.003175
7.793407
3.944811
-1.347009
-2.405372
-1.154579
1.154579
3.656166
5.195604
2.694017
0.769719
-4.137241
-4.425885
-0.577289
-1.154579
-0.577289
0.000000
1.058364
2.405372
2.886447
3.463736
5.772894
7.119902
6.831258
5.484249
1.539438
-1.250794
-3.752381
-4.329670
-1.443223
-1.924298
7.793407
9.140415
10.198779
8.466911
5.195604
5.869109
6.735043
8.851770
11.353358
11.930647
9.910134
9.429060
6.638828
2.212943
0.096215
0.577289
2.212943
1.635653
3.078877
3.078877
4.714530
7.985836
5.003175
-1.058364
-5.965324
-8.466911
-7.504762
-1.154579
-0.192430
0.096215
4.618315
7.600977
5.003175
0.481074
-1.347009
1.828083
7.119902
9.525275
6.927473
3.271306
1.154579
-0.865934
-1.058364
-4.714530
-8.370696
-10.487424
-6.542613
-0.673504
1.347009
0.577289
0.481074
-1.731868
0.192430
-0.288645
-1.443223
-5.003175
-5.772894
-7.793407
-4.522100
-3.944811
-3.463736
-4.329670
-3.271306
-1.924298
0.577289
2.886447
3.078877
-0.192430
-6.831258
-10.102564
-5.291819
-4.329670
0.000000
4.906960
7.504762
5.003175
0.481074
-1.443223
2.982662
7.023687
8.082051
5.003175
1.250794
3.752381
4.233455
4.714530
-0.384860
-0.865934
-0.769719
0.865934
3.078877
3.656166
4.522100
-5.965324
-0.096215
0.962149
-2.020513
-5.291819
-5.676679
-3.559951
-0.481074
-0.769719
-4.137241
-4.810745
-2.020513
-3.559951
-2.309158
1.635653
1.443223
-3.078877
-6.831258
-7.504762
-7.985836
-4.041026
-0.769719
0.865934
1.731868
1.347009
-0.288645
-3.944811
-4.618315
-2.116728
-4.329670
-6.157753
-4.425885
-5.195604
-3.848596
-2.694017
-1.347009
0.192430
0.962149
2.694017
4.137241
3.656166
0.192430
-5.965324
-9.621490
-5.099389
-3.656166
-1.347009
2.020513
3.367521
-0.096215
-4.233455
-3.944811
-1.635653
1.443223
2.501587
-1.347009
-7.697192
-12.026862
-10.391209
-5.195604
1.828083
10.968498
8.178266
7.697192
0.384860
-7.985836
-11.642002
-9.429060
-5.003175
-3.175092
-0.481074
2.309158
0.384860
-2.597802
-0.577289
0.000000
1.154579
-0.577289
-2.501587
-3.175092
-3.271306
0.192430
2.309158
2.886447
3.271306
4.810745
2.309158
-2.309158
-3.656166
-3.848596
-2.790232
2.694017
4.810745
4.425885
1.635653
0.962149
0.673504
-0.384860
0.096215
2.405372
2.982662
1.924298
2.309158
2.790232
2.405372
-2.309158
-5.003175
-4.041026
-2.309158
-1.058364
-0.769719
0.481074
0.096215
-0.384860
0.481074
1.828083
2.405372
2.405372
3.752381
2.982662
5.195604
2.982662
-3.271306
-3.175092
-1.539438
1.154579
1.347009
3.559951
1.347009
1.250794
-0.865934
0.865934
4.233455
7.600977
8.659341
6.927473
3.944811
3.752381
7.408547
7.985836
7.600977
6.061538
6.061538
3.367521
1.731868
1.250794
0.384860
2.116728
3.463736
2.212943
1.924298
0.192430
-1.443223
-1.058364
-1.539438
-2.982662
0.192430
2.597802
2.212943
0.481074
0.577289
-2.020513
-1.828083
-0.577289
1.924298
2.694017
1.347009
-0.192430
-2.309158
-2.597802
2.597802
7.312332
10.776068
9.621490
9.717705
9.332845
8.563126
-0.577289
-5.291819
-8.274481
-5.772894
-0.865934
0.288645
2.597802
2.116728
1.539438
1.250794
-2.212943
-2.694017
-2.886447
-8.659341
0.288645
2.020513
2.116728
3.656166
3.944811
1.828083
-3.656166
-4.906960
-2.886447
0.673504
3.944811
1.347009
-0.481074
-1.154579
-0.481074
0.769719
1.347009
0.577289
0.865934
0.288645
1.443223
4.810745
3.848596
3.175092
3.271306
2.020513
0.481074
1.250794
0.288645
2.116728
3.944811
5.003175
4.233455
2.309158
-0.192430
-0.096215
0.865934
2.020513
1.731868
-1.731868
-2.116728
0.673504
0.577289
2.309158
1.635653
-0.577289
-1.828083
-0.192430
2.982662
2.597802
1.539438
-0.481074
-2.020513
-1.635653
-2.982662
-2.405372
-2.405372
-0.577289
-1.347009
-1.443223
-1.443223
-2.886447
-0.288645
1.058364
-1.828083
-3.752381
-2.212943
0.096215
-0.288645
0.384860
0.577289
2.501587
3.944811
1.154579
-2.694017
-2.212943
-2.886447
-2.597802
-0.384860
-0.288645
0.865934
2.982662
4.810745
3.656166
2.212943
3.656166
4.522100
3.271306
1.058364
0.962149
-1.443223
0.673504
-0.673504
-1.250794
-1.058364
-1.539438
-1.058364
-1.539438
0.962149
0.384860
0.481074
-0.673504
2.790232
1.635653
0.577289
-2.694017
-7.793407
-5.291819
0.192430
3.559951
2.309158
-2.405372
-3.848596
-3.752381
-2.597802
-1.924298
-0.096215
3.463736
5.676679
5.580464
2.212943
0.000000
1.731868
5.003175
6.446398
4.137241
3.848596
5.099389
4.906960
4.714530
6.061538
7.600977
9.429060
6.253968
1.250794
-1.250794
-1.828083
0.000000
3.271306
4.810745
3.463736
1.058364
0.865934
-0.384860
-2.212943
-1.828083
-1.154579
0.000000
0.962149
0.673504
-1.154579
-2.694017
-3.656166
-6.831258
-3.559951
-2.309158
-5.965324
-7.600977
-3.656166
-0.865934
-0.288645
-0.865934
-2.982662
-3.271306
-3.944811
-4.714530
-5.291819
-6.157753
-3.367521
-0.673504
-1.250794
-1.443223
-3.078877
-3.367521
-0.384860
0.384860
1.828083
0.288645
0.481074
-0.096215
0.769719
0.384860
-5.003175
-6.735043
-5.869109
-4.233455
-2.020513
1.058364
-0.384860
-4.425885
-5.580464
-8.659341
-10.679853
-9.044200
-5.484249
-5.195604
-6.446398
-4.329670
-2.694017
-2.212943
-4.137241
-5.388034
-7.216117
-9.429060
-8.659341
-7.216117
-7.985836
-4.618315
-4.137241
-2.982662
-1.250794
0.000000
0.962149
-0.096215
-2.501587
-1.539438
-0.673504
-1.828083
-1.250794
-0.673504
4.041026
5.772894
5.772894
1.635653
2.309158
1.443223
3.559951
4.714530
2.982662
0.000000
1.731868
-2.886447
-0.577289
1.154579
5.484249
4.522100
2.982662
2.309158
4.425885
3.463736
3.175092
3.078877
2.405372
0.384860
-0.481074
-1.731868
-1.731868
-2.020513
-0.096215
1.828083
0.096215
-2.790232
-0.673504
0.384860
1.154579
-2.212943
-3.848596
-2.116728
-2.790232
-0.384860
-0.192430
-2.597802
-1.347009
-0.673504
2.597802
2.212943
0.192430
-4.329670
-5.195604
-5.195604
-7.600977
-7.119902
-4.233455
-5.580464
-7.697192
-7.985836
-6.831258
-4.618315
-4.041026
-4.425885
-4.329670
-1.154579
-1.539438
0.481074
-0.384860
-2.790232
-5.291819
-5.869109
-2.886447
-1.924298
-0.192430
-0.962149
-3.078877
-5.195604
-3.752381
-2.212943
-5.195604
-7.408547
-5.484249
-3.175092
-0.384860
-0.288645
0.577289
-0.192430
-8.178266
-3.752381
-4.329670
-14.624664
-3.752381
-7.023687
-5.772894
-2.020513
-2.212943
-3.271306
-3.944811
-3.752381
-1.058364
2.020513
4.522100
4.233455
2.020513
1.828083
0.096215
1.058364
3.656166
7.216117
5.965324
-0.577289
-8.178266
-5.484249
0.096215
4.522100
8.082051
6.061538
3.944811
-1.058364
-2.309158
0.769719
3.656166
2.501587
2.790232
1.828083
1.443223
-0.192430
-0.673504
-0.577289
-2.309158
0.673504
2.405372
3.367521
0.192430
-2.886447
-2.020513
-0.481074
0.000000
0.769719
1.154579
0.288645
-0.577289
-3.175092
-0.865934
2.020513
6.253968
4.810745
0.865934
-3.559951
-2.886447
-1.635653
-1.539438
2.116728
1.635653
0.673504
-3.944811
-4.522100
-1.347009
2.982662
4.425885
2.982662
0.384860
-4.041026
-4.618315
-3.367521
-2.886447
-3.271306
-0.577289
-0.962149
-5.291819
-8.466911
-10.391209
-9.621490
-4.810745
-0.192430
0.962149
-0.769719
-1.250794
-3.175092
-5.003175
-4.906960
-0.288645
6.253968
6.638828
5.869109
4.522100
3.944811
-3.367521
-6.927473
-8.082051
-4.425885
0.096215
4.714530
5.869109
2.694017
0.000000
-0.673504
2.212943
9.140415
10.391209
6.350183
3.367521
4.906960
4.425885
-0.384860
2.405372
6.735043
9.429060
12.123077
11.834432
9.717705
4.522100
-1.058364
-5.099389
0.192430
5.965324
8.466911
8.659341
8.466911
8.659341
9.332845
9.910134
6.157753
2.694017
0.288645
-0.962149
0.962149
2.790232
3.175092
5.003175
7.312332
7.023687
4.329670
-1.058364
-4.233455
-4.425885
-5.772894
-3.367521
-3.078877
-0.769719
1.443223
2.790232
3.367521
5.099389
2.116728
-0.962149
-4.522100
-7.600977
-6.831258
-5.965324
-6.927473
-9.813919
-10.776068
-6.927473
-7.504762
-5.099389
-2.694017
-1.828083
-1.539438
-0.865934
1.539438
0.865934
1.347009
4.618315
4.137241
6.061538
5.484249
2.597802
1.154579
-0.577289
-0.769719
2.212943
5.388034
5.195604
4.810745
5.676679
6.542613
6.831258
4.425885
-0.384860
-3.559951
-4.137241
-1.828083
-0.865934
0.288645
2.020513
2.790232
2.309158
-0.673504
-0.288645
1.250794
3.656166
3.848596
3.848596
2.694017
2.790232
2.116728
4.618315
4.329670
4.810745
5.099389
4.425885
1.443223
4.425885
8.851770
10.102564
8.370696
5.484249
2.982662
4.810745
6.350183
4.041026
4.329670
3.752381
3.656166
5.676679
4.233455
0.577289
2.309158
1.828083
0.865934
0.769719
0.769719
1.250794
0.384860
0.769719
2.597802
3.559951
2.405372
-1.539438
-5.291819
-7.889621
-4.137241
-3.752381
-5.099389
-6.927473
-7.312332
-7.697192
-3.559951
-1.250794
-2.597802
-5.099389
-5.484249
-2.982662
0.192430
-4.233455
-5.195604
-6.061538
-3.078877
0.000000
-0.962149
-3.559951
-4.714530
-5.291819
-7.023687
-8.851770
-7.312332
-5.484249
-1.443223
1.635653
5.484249
5.869109
4.810745
3.078877
4.137241
5.099389
7.408547
6.735043
0.962149
-2.597802
-5.388034
-3.656166
0.000000
0.673504
0.577289
-1.443223
-1.828083
-4.233455
-5.676679
-7.697192
-6.446398
-4.329670
-0.769719
0.192430
-2.501587
-1.347009
-2.020513
-0.673504
-4.714530
-5.580464
-5.772894
-5.869109
-4.810745
-0.673504
-2.790232
-4.233455
-3.271306
0.000000
2.116728
1.828083
-2.116728
-2.020513
0.673504
1.443223
0.481074
-0.673504
-2.116728
-2.020513
-2.405372
-1.924298
-4.233455
-0.673504
1.635653
6.542613
8.082051
7.793407
7.600977
8.755556
10.198779
8.466911
5.003175
1.443223
-0.577289
-1.154579
-1.731868
-0.384860
0.192430
1.058364
4.810745
8.755556
7.216117
6.253968
0.865934
-3.656166
-4.137241
0.577289
4.618315
7.600977
5.772894
2.212943
-4.137241
-7.312332
-7.119902
-7.504762
-6.831258
-4.041026
-2.116728
-2.309158
-0.962149
-0.384860
1.828083
2.405372
6.927473
6.061538
-1.347009
-3.656166
-5.099389
-6.542613
-5.676679
-4.137241
-0.865934
2.501587
4.810745
1.058364
6.831258
3.271306
0.769719
-0.962149
-3.271306
-6.542613
-7.889621
-7.408547
-6.157753
-3.175092
-3.078877
-4.810745
-13.758730
-5.772894
-7.889621
-6.350183
-5.580464
-5.388034
-2.886447
-2.212943
-0.192430
3.752381
8.659341
7.216117
3.463736
0.192430
-4.329670
-6.253968
-3.848596
-1.347009
0.962149
-0.673504
1.058364
1.347009
1.058364
0.096215
-1.828083
-3.848596
-3.559951
-4.522100
-6.446398
-7.697192
-4.329670
0.769719
5.484249
5.676679
6.253968
8.178266
4.233455
1.058364
-2.501587
-4.810745
-7.119902
-4.618315
-2.982662
3.848596
2.020513
5.003175
8.851770
9.236630
7.408547
6.157753
4.041026
1.635653
5.291819
6.927473
3.656166
2.597802
0.769719
0.096215
-1.731868
-1.058364
-2.501587
-5.291819
-5.291819
-6.350183
-5.003175
-5.291819
-5.965324
-6.927473
-7.216117
-4.714530
-2.212943
-0.769719
-0.384860
-0.769719
1.828083
0.481074
-1.828083
-1.347009
-2.501587
-2.116728
-2.309158
-2.116728
-1.635653
-1.828083
-2.309158
-2.212943
0.481074
1.058364
0.577289
1.924298
1.924298
3.078877
3.175092
4.618315
4.810745
4.233455
2.405372
2.309158
1.250794
-1.635653
0.577289
0.384860
0.384860
1.154579
-0.288645
-2.886447
-3.078877
-1.058364
2.116728
3.559951
4.329670
5.772894
2.790232
-0.288645
-1.731868
-0.865934
-1.635653
-2.405372
-3.367521
-0.481074
1.154579
2.020513
-1.443223
-1.250794
0.673504
0.769719
1.347009
1.058364
-0.384860
0.481074
1.058364
2.309158
1.250794
4.329670
5.484249
-2.501587
9.621490
11.834432
12.026862
11.064713
9.236630
8.082051
5.676679
2.694017
2.694017
3.078877
3.559951
3.559951
1.250794
2.020513
-2.886447
-2.116728
-1.828083
-1.828083
-4.906960
-2.886447
0.288645
-9.044200
-0.769719
-2.309158
-3.656166
-6.157753
-7.312332
-5.195604
-4.810745
-6.542613
-7.216117
-3.559951
-4.233455
-3.752381
-4.522100
-5.388034
-2.501587
1.250794
0.000000
-0.288645
0.288645
1.443223
-0.096215
-2.597802
-2.886447
-2.020513
-2.790232
1.058364
0.000000
1.250794
4.041026
3.367521
2.597802
4.618315
4.041026
1.828083
2.597802
1.828083
0.481074
-2.212943
1.154579
-0.481074
-1.539438
-0.673504
-0.384860
0.288645
-0.673504
-0.288645
-1.828083
-1.731868
-4.425885
-2.309158
-3.271306
-2.212943
0.000000
2.309158
2.597802
3.848596
3.848596
5.195604
6.253968
7.697192
6.831258
7.312332
5.965324
5.965324
6.253968
6.446398
5.388034
6.446398
6.831258
6.542613
6.157753
4.329670
6.735043
7.023687
5.676679
8.370696
7.985836
6.157753
5.965324
1.443223
-1.154579
-2.886447
-1.731868
1.058364
-0.673504
0.481074
5.195604
7.985836
5.388034
3.463736
1.731868
3.175092
1.250794
0.096215
0.096215
2.212943
2.694017
3.944811
4.137241
2.501587
0.192430
-0.769719
-1.731868
-2.597802
-4.810745
-4.810745
-4.906960
-3.271306
-0.962149
0.288645
0.192430
1.635653
2.116728
5.099389
5.195604
3.559951
0.673504
-0.577289
-1.250794
-2.309158
-1.443223
-1.250794
-2.886447
-2.116728
-2.694017
-2.020513
-0.577289
0.096215
0.962149
1.058364
0.000000
-1.539438
-1.443223
0.481074
0.769719
3.944811
2.020513
0.673504
1.250794
0.865934
0.481074
-4.618315
1.250794
0.384860
-0.096215
-0.288645
-1.635653
-0.673504
0.192430
1.635653
2.597802
3.271306
4.137241
2.309158
-0.192430
-2.020513
-2.212943
-1.154579
-3.175092
-3.175092
-8.947985
-2.501587
-2.694017
-2.309158
-0.384860
-1.154579
-1.635653
-2.982662
-3.944811
-3.656166
-2.501587
-2.116728
-2.212943
0.096215
1.635653
3.656166
2.309158
-1.731868
-2.790232
-0.577289
-0.962149
-0.769719
-0.481074
1.731868
0.769719
-1.924298
-1.154579
3.656166
1.924298
-1.443223
-3.463736
-4.618315
-3.848596
-3.656166
-2.790232
-1.154579
-0.384860
0.673504
0.577289
1.154579
2.116728
2.116728
-0.192430
-0.384860
-1.443223
-1.924298
-1.250794
1.731868
-2.020513
-2.597802
-0.577289
-2.116728
-2.116728
-2.501587
-2.212943
-0.192430
0.962149
-1.250794
-4.618315
-3.656166
-1.539438
1.154579
1.347009
1.731868
3.175092
3.175092
1.731868
2.886447
-0.577289
-4.329670
-6.061538
-6.350183
-6.542613
-5.772894
-4.041026
-3.271306
-2.212943
-2.694017
2.982662
4.522100
2.212943
0.673504
0.673504
-0.769719
-1.828083
-3.848596
-5.388034
-3.752381
-3.944811
-2.501587
-2.790232
-2.982662
-2.212943
-1.250794
-1.539438
0.769719
2.790232
2.116728
1.924298
3.271306
1.539438
-1.250794
-2.020513
-3.463736
-2.694017
-2.309158
-2.886447
-1.154579
-1.058364
-3.559951
-0.673504
0.481074
0.096215
0.000000
1.924298
2.790232
1.539438
2.020513
1.828083
2.694017
4.618315
5.099389
2.886447
3.848596
1.539438
2.982662
1.443223
0.865934
-1.058364
1.154579
1.924298
2.405372
1.635653
3.559951
5.099389
4.329670
7.216117
