0.632479
0.271062
0.271062
-0.090354
-0.632479
-0.903541
0.451770
1.174603
1.716728
1.536020
-0.090354
0.361416
0.090354
0.000000
-2.981685
-2.349206
0.361416
3.794872
1.897436
-2.620269
-7.047619
-7.409035
-6.324786
-5.421245
-5.059829
-6.053724
-3.433455
-4.336996
-1.626374
-0.451770
-0.542125
-6.324786
-6.505495
-4.246642
-4.246642
-2.981685
-3.072039
-3.162393
-2.258852
-1.174603
0.632479
-1.084249
-5.601954
-7.680098
-8.041514
-4.065934
0.542125
2.529915
7.770452
4.788767
6.415140
3.704518
-0.722833
-7.137973
-10.300366
-4.336996
-2.168498
2.349206
4.336996
1.355311
1.355311
-1.807082
-6.866911
-5.782662
-3.614164
-0.813187
3.975580
5.692308
5.873016
5.330891
3.162393
0.903541
-2.078144
-4.879121
-7.047619
-1.807082
3.433455
5.601954
7.137973
3.343101
1.536020
2.258852
-1.174603
0.993895
1.626374
4.879121
5.240537
7.499389
13.553114
13.010989
3.794872
-3.162393
-4.427350
0.271062
3.252747
4.698413
10.481074
14.637363
14.637363
10.932845
-0.271062
-6.595849
-8.583639
-5.601954
-1.987790
3.252747
7.589744
9.848596
10.842491
7.499389
5.150183
3.252747
1.084249
-3.704518
-4.788767
-6.957265
-4.156288
2.529915
3.885226
6.144078
4.246642
0.271062
-2.529915
-3.794872
-4.879121
-6.144078
-3.885226
-1.626374
-1.084249
3.433455
4.698413
3.614164
1.807082
2.258852
0.451770
2.258852
1.716728
-1.174603
-0.361416
0.993895
0.451770
1.897436
2.078144
3.794872
3.885226
1.987790
-0.451770
-3.072039
-4.698413
-1.807082
-2.078144
1.897436
2.800977
0.542125
-0.813187
-2.349206
0.000000
-1.355311
-2.168498
-1.987790
-4.879121
-6.595849
-3.704518
-1.355311
-0.632479
1.445665
-0.903541
-6.324786
-7.770452
-4.969475
-0.993895
1.355311
-1.084249
-0.813187
1.445665
0.451770
3.614164
5.240537
1.084249
-2.710623
-0.451770
3.433455
5.511600
3.072039
0.993895
0.903541
2.620269
0.813187
1.084249
2.439560
5.059829
5.692308
3.162393
-1.174603
-1.445665
-1.807082
-5.601954
-4.156288
-1.445665
-2.529915
-1.174603
0.090354
1.987790
0.632479
-1.264957
-0.632479
-1.807082
0.090354
-0.813187
-2.258852
-3.072039
-4.517705
-4.969475
-3.885226
-1.536020
-5.059829
-7.499389
-4.065934
-3.704518
-2.800977
-2.620269
-1.355311
-0.993895
1.536020
1.174603
0.813187
-1.807082
-5.330891
-7.951160
-0.903541
-0.451770
-3.162393
-1.807082
0.361416
1.264957
0.632479
0.271062
-1.536020
-6.234432
-11.203907
-13.191697
-9.487179
-6.324786
-2.439560
2.439560
2.800977
3.433455
4.246642
0.813187
-5.601954
-9.487179
-10.119658
-8.493284
-4.698413
-0.542125
3.433455
6.053724
6.415140
3.162393
-0.542125
-2.168498
-4.427350
-9.758242
-11.746032
-8.583639
-8.402930
-6.324786
0.993895
3.343101
0.000000
-0.361416
1.987790
1.626374
0.903541
-3.252747
-5.873016
-1.807082
0.361416
-0.090354
1.174603
3.252747
0.271062
-2.078144
-0.542125
-3.614164
-7.137973
-6.324786
-5.782662
-1.264957
0.361416
4.969475
4.879121
3.975580
2.529915
2.981685
1.445665
-2.439560
-2.258852
-1.174603
-3.523810
-4.336996
-2.529915
0.180708
2.168498
3.975580
0.813187
0.632479
-0.180708
0.180708
-2.710623
-3.523810
-4.879121
-0.632479
5.150183
7.409035
9.396825
6.053724
0.090354
-0.090354
0.632479
-3.975580
-8.041514
-6.234432
-1.807082
-2.078144
0.180708
2.349206
1.174603
-0.632479
-1.174603
-3.614164
-6.776557
-7.137973
-5.782662
-2.258852
0.813187
1.536020
1.355311
2.258852
4.788767
3.794872
1.445665
-2.078144
-4.156288
-7.137973
-3.614164
-0.361416
-1.626374
-2.710623
0.722833
1.355311
0.451770
0.903541
1.897436
-0.722833
-2.349206
-1.084249
-0.903541
0.722833
5.150183
5.782662
5.059829
3.433455
0.271062
0.180708
-1.626374
-3.975580
-5.240537
-4.879121
-3.975580
-3.704518
-0.813187
2.349206
4.517705
5.330891
6.776557
5.059829
4.698413
6.144078
6.144078
4.698413
3.523810
5.601954
3.162393
0.000000
-0.632479
0.813187
3.252747
1.987790
-3.252747
-0.722833
3.614164
3.975580
4.427350
2.168498
0.361416
2.258852
4.065934
3.252747
3.072039
1.987790
-3.252747
-8.041514
-9.396825
-12.017094
-12.559219
-15.269841
-10.661783
-8.583639
-5.782662
-4.608059
-3.252747
2.529915
3.614164
3.343101
4.336996
5.240537
1.445665
-1.807082
-2.981685
0.542125
-0.451770
3.704518
5.601954
7.589744
8.312576
10.029304
9.125763
6.686203
2.258852
1.716728
3.252747
5.511600
6.415140
5.511600
5.601954
6.415140
1.626374
1.355311
3.072039
1.626374
0.000000
4.427350
6.957265
6.324786
7.318681
5.330891
3.704518
1.716728
0.993895
-1.355311
-2.439560
-0.993895
1.084249
0.542125
2.710623
6.144078
3.072039
-2.349206
-3.794872
-1.626374
-0.903541
-2.800977
-3.975580
-0.993895
2.078144
4.156288
4.156288
7.318681
9.577534
7.589744
6.866911
5.601954
3.343101
2.439560
1.264957
1.987790
1.445665
1.987790
5.873016
7.951160
7.860806
7.589744
7.860806
8.041514
5.782662
4.065934
6.324786
6.686203
5.873016
5.692308
7.409035
5.330891
2.981685
0.903541
2.078144
-1.355311
-1.264957
-0.271062
0.632479
-0.722833
-0.813187
-0.722833
-1.807082
-1.897436
2.078144
0.632479
-0.090354
-1.987790
-1.536020
0.722833
1.536020
1.536020
2.258852
-0.542125
0.993895
1.626374
1.807082
3.433455
4.427350
-0.813187
-1.626374
-2.529915
-1.626374
-1.174603
-0.903541
-1.987790
-2.981685
-2.529915
-0.813187
0.993895
1.174603
1.174603
2.620269
4.156288
2.349206
1.897436
2.710623
1.445665
3.975580
1.897436
-1.987790
2.168498
1.355311
-0.542125
4.517705
6.866911
4.427350
4.156288
4.156288
-0.180708
-1.626374
-1.626374
0.180708
-3.433455
-2.800977
-1.716728
-3.072039
-2.710623
-4.427350
-3.252747
0.903541
2.800977
-1.807082
-0.542125
-2.529915
-3.614164
-3.072039
-3.614164
-4.879121
-3.252747
0.813187
2.168498
2.258852
1.174603
-1.084249
-1.536020
0.000000
0.090354
-1.987790
0.722833
0.903541
2.258852
3.704518
5.150183
6.776557
8.131868
8.041514
4.879121
5.059829
3.885226
4.788767
4.698413
4.336996
3.885226
3.614164
3.343101
3.433455
1.716728
3.162393
1.897436
-0.451770
0.632479
-3.885226
-2.891331
-4.156288
-4.065934
-2.258852
-1.445665
0.451770
1.536020
1.807082
0.813187
0.361416
-1.807082
-3.072039
-2.891331
-3.523810
-2.078144
0.632479
2.349206
0.090354
1.445665
3.704518
4.517705
3.252747
0.451770
0.271062
1.264957
-0.722833
1.355311
0.993895
0.632479
0.180708
-1.716728
-4.608059
-3.343101
-5.150183
-6.053724
-5.782662
-4.156288
-5.421245
-4.517705
-4.969475
-1.807082
-0.722833
-1.264957
0.271062
-0.542125
-1.716728
-2.168498
-1.084249
-0.813187
-1.626374
-2.981685
-3.343101
-0.903541
0.090354
0.542125
-0.903541
-0.451770
-0.813187
-3.433455
-4.517705
-4.246642
-4.336996
-4.156288
-2.349206
-0.903541
-0.542125
0.993895
1.445665
-0.271062
0.542125
1.536020
1.355311
2.349206
2.710623
2.710623
2.800977
1.626374
-1.536020
0.180708
-0.180708
-1.807082
-0.090354
3.343101
2.620269
2.439560
2.349206
5.601954
5.692308
3.162393
0.993895
3.162393
3.794872
4.156288
5.963370
4.608059
2.710623
1.807082
3.614164
3.975580
3.523810
0.993895
-0.361416
-0.180708
-1.536020
0.813187
1.807082
1.716728
4.156288
4.427350
5.782662
3.794872
2.078144
1.536020
2.981685
2.529915
3.523810
4.517705
1.536020
-1.716728
-3.794872
-0.813187
1.174603
-0.451770
-3.614164
-3.614164
-1.264957
0.361416
1.897436
3.343101
3.885226
1.445665
0.813187
0.361416
0.632479
0.813187
0.000000
-3.252747
-4.336996
-2.439560
-4.879121
-6.866911
-6.144078
-5.330891
-5.150183
-6.324786
-5.240537
-2.258852
-4.246642
-3.433455
-3.704518
-3.704518
-2.800977
-1.445665
-0.451770
-3.162393
0.632479
1.445665
-1.807082
-3.523810
-3.162393
-1.897436
-1.987790
0.090354
-1.626374
1.264957
1.807082
0.000000
-2.710623
-1.174603
-1.716728
-1.264957
1.626374
0.993895
-1.716728
1.536020
1.987790
5.059829
5.511600
4.156288
-2.349206
-4.156288
0.180708
0.813187
-0.271062
-2.439560
-2.891331
-2.078144
2.529915
2.078144
-1.355311
-1.626374
2.349206
1.716728
-0.180708
-0.903541
0.000000
-3.975580
-4.427350
-1.536020
-3.523810
-2.620269
0.813187
2.620269
3.072039
0.722833
0.271062
-1.807082
-1.536020
-1.084249
-1.536020
-0.993895
1.987790
4.427350
1.716728
-0.271062
-0.722833
1.264957
-1.536020
-1.174603
0.542125
1.445665
2.349206
3.433455
3.885226
1.084249
1.626374
2.529915
5.421245
0.813187
-8.402930
-11.203907
-10.119658
-8.222222
-7.409035
-9.035409
-8.764347
-3.794872
-1.716728
-2.800977
-2.981685
-8.945055
-8.312576
-7.680098
-8.854701
-7.680098
-6.415140
-3.794872
-2.800977
-3.704518
-2.078144
-0.090354
-3.704518
-7.228327
-8.402930
-8.493284
-5.692308
-6.234432
-3.523810
-3.433455
-1.445665
-2.981685
-4.336996
-4.427350
-3.794872
-0.090354
2.529915
0.632479
-2.620269
-1.084249
-1.174603
-1.084249
-2.258852
-1.987790
0.000000
0.903541
2.529915
1.536020
0.361416
2.620269
3.343101
5.421245
1.264957
0.271062
0.722833
1.264957
4.156288
4.879121
4.608059
2.529915
0.632479
-0.813187
-0.903541
0.090354
1.716728
1.445665
2.439560
0.000000
1.987790
3.072039
3.252747
2.168498
1.084249
1.716728
-0.090354
0.813187
0.903541
3.252747
5.963370
4.336996
5.150183
3.975580
1.987790
-1.716728
-2.620269
-2.349206
0.180708
2.078144
0.903541
3.162393
4.608059
1.174603
-0.542125
-0.722833
1.264957
0.632479
0.542125
-1.084249
1.174603
0.090354
-1.897436
0.180708
0.813187
-1.084249
-0.271062
-1.445665
-1.174603
-2.168498
-0.993895
-2.891331
-3.885226
-2.891331
0.813187
-2.258852
-6.776557
-7.770452
-7.770452
-5.692308
-2.439560
1.084249
3.252747
3.072039
5.782662
6.144078
6.053724
6.324786
5.782662
3.252747
2.078144
0.451770
2.258852
1.445665
-3.433455
-5.692308
-6.324786
-6.866911
-3.343101
0.271062
1.536020
6.776557
12.107448
11.565324
15.179487
16.354090
14.366300
12.649573
6.866911
2.168498
-0.542125
0.993895
0.813187
0.090354
0.903541
0.180708
0.722833
2.258852
1.355311
3.614164
5.421245
6.957265
6.234432
5.240537
5.692308
6.776557
6.776557
6.686203
3.614164
-0.180708
3.523810
2.168498
1.264957
2.168498
3.523810
1.355311
1.174603
2.168498
2.710623
-2.078144
-4.698413
-3.975580
-4.608059
-2.168498
0.451770
0.722833
2.439560
3.252747
2.529915
3.072039
0.271062
-3.433455
-4.065934
-1.897436
-1.897436
-4.246642
-5.963370
-2.620269
-1.716728
-1.626374
0.090354
-1.084249
-2.800977
-2.891331
-1.536020
0.180708
-0.903541
-0.993895
-4.517705
-6.957265
-9.396825
-7.499389
-5.963370
-5.963370
-4.788767
-6.505495
-4.608059
-4.156288
-4.427350
-4.608059
-3.072039
-5.330891
-4.246642
-5.511600
-6.957265
-6.505495
-6.324786
-2.258852
-0.451770
0.451770
1.084249
1.445665
-0.090354
-2.078144
-2.620269
-0.722833
-0.271062
2.258852
3.523810
0.361416
0.542125
2.800977
5.421245
7.951160
8.493284
8.764347
6.234432
3.975580
2.168498
1.536020
1.355311
-0.180708
2.439560
2.529915
1.174603
1.445665
1.987790
3.794872
6.144078
4.427350
4.246642
2.529915
0.542125
1.716728
3.072039
4.969475
6.415140
6.415140
5.692308
4.879121
3.433455
2.710623
0.451770
0.090354
1.536020
3.343101
2.258852
2.981685
3.975580
4.969475
5.330891
3.885226
3.072039
3.704518
3.885226
-1.355311
-7.228327
-10.029304
-8.945055
-8.041514
-10.661783
-10.210012
-8.041514
-10.119658
-9.938950
-8.131868
-8.222222
-10.300366
-9.035409
-9.487179
-7.137973
-5.963370
-4.608059
-3.252747
-0.722833
-1.536020
-2.168498
-0.903541
0.271062
-1.626374
1.897436
1.264957
1.716728
0.361416
0.271062
-1.084249
-1.264957
2.529915
2.168498
-0.271062
1.626374
4.698413
4.246642
5.059829
2.710623
-0.632479
-0.180708
0.993895
2.981685
1.897436
2.168498
1.626374
3.252747
5.240537
2.710623
5.511600
5.692308
4.517705
2.439560
1.355311
0.271062
0.000000
0.722833
2.800977
1.084249
4.788767
3.975580
3.704518
5.150183
2.800977
1.897436
0.451770
0.090354
0.903541
1.445665
1.626374
3.072039
1.355311
2.258852
3.523810
4.788767
6.686203
4.788767
3.614164
2.710623
3.252747
2.800977
-0.090354
-1.174603
-3.614164
-2.710623
-0.993895
-3.343101
-2.529915
-1.445665
-0.813187
-0.361416
-0.090354
-2.439560
-0.180708
-0.903541
-0.903541
1.445665
0.000000
-2.981685
-4.698413
-3.885226
-1.536020
-1.536020
0.361416
-2.710623
-1.174603
-0.180708
1.626374
-2.529915
-1.897436
-3.343101
-2.620269
-2.891331
-0.813187
2.710623
3.975580
0.361416
-3.252747
-3.794872
-4.517705
-6.686203
-4.698413
-5.782662
-1.897436
0.090354
0.361416
2.710623
2.168498
-1.536020
-2.349206
-1.536020
-0.542125
0.903541
-1.536020
-3.885226
-1.174603
0.993895
-2.439560
-0.451770
0.632479
-2.529915
-0.451770
0.451770
-2.620269
-4.969475
-2.439560
0.722833
0.722833
0.542125
1.536020
-1.174603
-1.445665
0.813187
-1.355311
-1.174603
-0.451770
0.993895
0.993895
1.807082
1.174603
0.361416
-1.807082
-1.264957
-2.168498
0.271062
2.349206
-0.271062
-0.632479
-0.361416
0.632479
2.349206
2.439560
-0.271062
1.084249
0.632479
-2.349206
-3.614164
-2.258852
-0.632479
-0.903541
-0.451770
-0.993895
-2.800977
-3.252747
-4.246642
-3.794872
-2.800977
-2.349206
-0.722833
-0.271062
1.445665
-1.264957
-3.975580
-6.234432
-6.415140
-4.336996
-2.800977
0.271062
2.710623
3.975580
6.234432
3.162393
1.445665
-0.542125
-2.800977
-2.439560
-4.517705
-7.499389
-5.782662
-4.246642
-0.722833
0.632479
0.361416
1.987790
6.686203
1.716728
-2.439560
-3.072039
-0.993895
-1.536020
-0.542125
-0.090354
1.084249
2.168498
-2.710623
-4.698413
-2.710623
-3.433455
-5.692308
-6.595849
-6.957265
-4.608059
-1.987790
-0.542125
-0.903541
-2.439560
-5.059829
-4.698413
0.542125
1.626374
0.722833
1.355311
1.716728
0.090354
-2.078144
-0.632479
3.252747
4.336996
3.885226
4.969475
3.162393
1.264957
4.427350
4.608059
4.427350
4.336996
2.078144
2.349206
-1.264957
-1.536020
-3.343101
-2.800977
-0.180708
1.987790
5.059829
6.686203
4.246642
2.168498
2.529915
3.975580
3.252747
1.807082
4.065934
5.330891
6.415140
4.969475
6.053724
6.415140
7.137973
6.324786
6.234432
4.246642
4.698413
5.059829
4.156288
5.330891
6.415140
4.427350
3.704518
2.349206
1.626374
1.807082
2.620269
2.891331
2.620269
3.072039
5.059829
2.891331
2.529915
1.807082
2.710623
6.595849
4.788767
5.782662
7.499389
3.975580
3.794872
4.427350
3.343101
1.626374
0.903541
3.523810
6.053724
7.409035
7.680098
5.511600
3.975580
2.891331
1.897436
4.517705
3.885226
2.529915
1.445665
2.800977
2.078144
2.800977
2.891331
3.975580
2.710623
0.361416
-1.084249
-0.632479
2.078144
1.445665
2.620269
0.542125
0.000000
-0.632479
4.969475
3.975580
0.813187
-1.174603
-1.264957
-2.439560
-1.897436
-2.349206
-1.445665
-2.349206
-4.065934
-5.692308
-6.415140
-3.433455
-2.529915
-1.445665
-0.361416
-1.174603
-2.439560
-4.969475
-6.234432
-4.879121
-5.150183
-2.529915
0.632479
-1.445665
0.632479
1.084249
-0.903541
-1.716728
-1.174603
-3.252747
-3.433455
-4.246642
-3.072039
-0.903541
0.722833
3.072039
1.084249
-0.813187
-0.632479
-0.271062
-2.981685
-4.879121
-7.680098
-5.692308
-5.601954
-3.433455
-3.252747
-2.258852
-3.433455
-2.710623
-1.987790
-2.258852
-2.258852
-3.252747
-2.078144
-6.144078
-5.150183
-2.258852
0.271062
0.722833
-0.271062
-1.445665
-0.451770
-2.529915
-3.072039
-3.162393
-3.794872
-2.529915
-2.710623
-3.433455
-3.885226
-3.975580
-0.993895
-1.807082
-0.271062
-2.710623
-1.897436
-1.626374
-2.349206
-0.722833
1.264957
0.632479
-1.174603
-3.523810
-3.794872
-1.174603
-1.987790
-3.433455
-3.614164
-4.879121
-4.788767
-5.240537
-3.704518
-1.536020
-0.903541
-3.072039
-0.632479
-2.439560
-6.505495
-7.318681
-6.053724
-5.873016
-10.300366
-12.649573
-14.004884
-10.932845
-9.487179
-8.583639
-9.035409
-6.776557
-6.505495
-7.228327
-5.330891
-4.336996
-5.150183
-4.065934
-1.084249
-1.807082
-0.813187
-2.078144
-0.542125
0.542125
0.813187
-1.807082
-4.246642
-0.361416
2.439560
2.078144
1.174603
2.258852
3.072039
2.258852
1.716728
3.252747
7.228327
6.234432
4.698413
2.349206
4.065934
2.891331
4.879121
6.686203
9.125763
11.023199
9.938950
6.144078
0.090354
0.000000
2.710623
7.318681
12.739927
9.577534
6.415140
4.698413
1.897436
-0.361416
-0.271062
-1.626374
-1.445665
2.529915
2.981685
1.174603
2.258852
2.168498
2.439560
1.716728
-0.090354
0.903541
3.162393
4.517705
5.240537
4.517705
1.807082
1.445665
1.897436
2.078144
0.542125
-0.903541
-3.523810
-3.343101
-1.445665
0.903541
-2.078144
-1.536020
0.722833
-1.626374
3.252747
7.137973
6.144078
5.240537
4.879121
2.800977
-2.800977
-2.800977
-4.246642
-2.258852
-0.271062
-3.433455
-3.614164
-1.355311
1.174603
-1.174603
-0.993895
-2.168498
1.807082
3.614164
0.361416
-0.813187
-0.632479
-2.529915
1.536020
0.903541
0.090354
-0.542125
-0.451770
0.451770
1.626374
2.981685
1.445665
-0.180708
1.264957
4.608059
3.252747
2.620269
2.800977
4.156288
6.053724
8.222222
9.758242
9.216117
9.216117
7.137973
4.879121
5.511600
5.240537
3.162393
3.614164
4.336996
4.246642
5.782662
4.156288
4.879121
4.246642
1.716728
-0.993895
0.903541
0.722833
2.349206
4.065934
5.511600
6.144078
4.065934
1.084249
-0.813187
-1.536020
-2.710623
-3.975580
0.993895
-0.361416
-2.710623
-1.626374
-3.072039
-0.993895
0.542125
-0.090354
-0.180708
1.445665
0.090354
0.813187
-0.542125
-1.897436
-1.084249
0.361416
1.807082
-0.180708
-0.993895
-0.722833
-2.891331
-3.975580
-5.059829
-3.343101
-3.523810
-3.885226
-2.891331
-2.439560
-1.174603
2.891331
3.162393
2.258852
3.072039
5.873016
6.686203
2.439560
2.168498
1.716728
0.180708
0.813187
-0.180708
-0.813187
0.451770
0.903541
0.180708
-1.626374
-1.716728
-1.626374
-4.517705
-3.794872
-3.704518
-1.084249
0.090354
-0.632479
-1.626374
-0.542125
-2.439560
-0.722833
0.180708
-1.807082
-4.698413
-0.090354
0.090354
0.903541
2.529915
3.523810
-0.903541
-2.078144
0.722833
1.445665
-0.180708
-0.271062
1.264957
4.065934
0.993895
3.162393
0.542125
2.800977
5.150183
7.860806
6.053724
3.523810
5.330891
6.595849
4.336996
5.782662
6.053724
5.150183
5.059829
5.421245
3.162393
4.698413
1.174603
-0.722833
1.264957
1.264957
1.626374
0.180708
-0.813187
-1.987790
2.168498
5.511600
3.343101
4.336996
3.975580
-0.090354
-1.626374
0.632479
0.542125
-1.264957
0.451770
1.987790
4.246642
0.813187
-4.698413
-5.782662
-4.969475
-3.614164
-4.517705
-3.523810
-1.626374
-1.716728
-2.529915
-0.813187
-0.542125
0.180708
1.626374
0.903541
-2.349206
-2.078144
-1.084249
-2.710623
-4.156288
-1.536020
-2.258852
-5.601954
-4.698413
-3.252747
-1.174603
-0.993895
-2.439560
-3.614164
-5.692308
-2.620269
0.000000
0.542125
0.993895
-3.162393
-0.180708
1.897436
2.439560
0.000000
-1.626374
-2.800977
-6.957265
-5.692308
-6.144078
-7.137973
-5.059829
0.903541
0.993895
-1.536020
-2.800977
-1.716728
-1.897436
0.361416
0.000000
-1.445665
-0.903541
-0.903541
0.090354
0.361416
2.800977
1.264957
1.084249
-1.264957
0.722833
2.349206
1.174603
0.903541
-0.632479
0.451770
2.710623
2.981685
2.710623
3.523810
3.704518
4.608059
0.993895
-0.722833
-1.174603
-0.451770
-1.626374
-2.620269
-3.794872
-3.523810
-1.264957
-1.716728
-1.987790
-1.174603
2.078144
3.614164
3.433455
1.445665
-0.722833
-1.897436
-1.174603
0.722833
1.355311
2.078144
2.258852
1.174603
0.813187
-2.349206
-2.168498
-2.981685
-6.595849
-4.969475
-3.162393
-2.529915
-1.716728
-1.897436
0.542125
0.451770
0.361416
1.445665
-0.903541
-0.813187
-3.433455
-2.168498
-0.361416
1.445665
1.355311
2.620269
2.529915
-0.090354
1.084249
0.722833
-1.084249
-6.144078
-5.782662
-4.517705
-3.704518
-4.427350
-1.355311
-0.451770
-0.903541
-0.451770
-2.800977
-4.608059
-4.156288
-4.879121
-5.330891
-2.710623
-2.168498
-2.258852
-1.264957
0.271062
2.981685
3.885226
4.969475
5.692308
4.698413
1.626374
1.174603
1.536020
3.162393
2.620269
2.800977
5.150183
6.595849
6.415140
3.252747
2.710623
-2.529915
-3.614164
-4.156288
-5.692308
-4.427350
-1.807082
1.084249
-0.361416
-0.361416
-3.072039
-3.704518
-2.439560
