-0.520147
1.473748
-1.560440
-0.433455
1.907204
1.907204
-2.080586
-7.455433
-9.536020
-8.582418
-5.114774
-4.334554
-0.260073
3.987790
11.096459
18.465201
20.632479
12.916972
7.542125
-1.907204
-5.894994
-8.322344
-10.489621
-10.229548
-7.715507
-3.467643
5.548230
9.536020
12.223443
11.789988
4.854701
1.993895
-2.253968
-6.068376
-7.542125
-9.362637
-10.576313
-8.929182
-3.207570
1.473748
8.495726
6.241758
6.848596
-0.780220
-1.820513
-6.068376
-9.969475
-9.969475
-12.830281
-7.628816
-3.554335
0.780220
1.040293
7.108669
8.669109
9.709402
4.507937
-1.820513
-3.554335
-9.449328
-8.842491
-8.755800
-8.929182
-5.808303
-3.641026
-5.981685
-0.953602
3.554335
6.068376
3.207570
3.120879
1.820513
-2.514042
-6.241758
-6.675214
-7.108669
-3.641026
-1.040293
2.947497
2.253968
3.034188
2.687424
5.288156
5.808303
5.461538
8.062271
9.015873
7.715507
5.721612
4.941392
3.641026
4.334554
2.167277
0.520147
-0.780220
-1.387057
0.173382
-3.554335
0.780220
5.981685
9.102564
12.050061
11.963370
5.548230
2.253968
-0.346764
-5.721612
-6.415140
-8.582418
-7.108669
-8.322344
-5.808303
-1.387057
1.126984
6.588523
10.923077
8.929182
2.600733
-4.161172
-6.848596
-8.062271
-8.582418
-7.802198
-2.427350
2.514042
5.288156
11.789988
11.183150
10.316239
9.622711
8.409035
3.987790
0.086691
-3.120879
-7.628816
-6.588523
-2.947497
-1.473748
2.774115
4.421245
9.275946
7.628816
9.362637
10.923077
7.715507
4.854701
6.415140
6.068376
3.727717
4.768010
2.514042
2.340659
-1.213675
-1.300366
-2.514042
-3.901099
-1.733822
4.941392
8.322344
10.489621
12.136752
10.402930
9.536020
5.894994
4.941392
1.387057
-0.606838
-0.346764
1.040293
6.588523
5.028083
7.108669
9.536020
6.761905
2.947497
6.328449
4.768010
6.848596
9.796093
13.350427
15.431013
17.164835
16.211233
14.477411
11.529915
10.749695
12.483516
6.761905
4.854701
5.288156
6.848596
7.542125
9.969475
9.102564
11.183150
8.842491
7.021978
7.455433
6.068376
2.253968
0.173382
-3.207570
-4.074481
-4.681319
-3.641026
-0.433455
3.467643
2.253968
3.641026
1.993895
3.641026
2.427350
-1.473748
-2.600733
-2.860806
-5.114774
-7.802198
-7.455433
-5.808303
0.520147
-0.086691
-2.947497
-3.207570
-4.421245
-0.346764
0.086691
0.606838
-2.253968
-0.693529
-5.028083
-5.894994
-5.894994
-5.201465
-7.975580
-4.768010
-2.860806
-0.866911
1.300366
5.201465
6.328449
4.161172
1.907204
-1.387057
-2.947497
-7.715507
-6.155067
-5.981685
-6.155067
-8.409035
-6.241758
-6.675214
-7.195360
-7.715507
-8.929182
-10.056166
-9.882784
-5.808303
-8.409035
-8.148962
-6.588523
-4.681319
-1.820513
-0.260073
-2.514042
-4.507937
-4.768010
-9.969475
-9.536020
-8.235653
-8.409035
-10.663004
-11.789988
-9.015873
-5.288156
-3.294261
-1.126984
-4.854701
-3.901099
-6.328449
-5.808303
-5.634921
-3.207570
-4.074481
-1.387057
0.086691
-2.167277
5.288156
4.768010
2.167277
2.947497
-0.433455
-0.866911
-0.953602
-0.606838
2.687424
1.213675
0.346764
2.860806
1.647131
-2.600733
-3.380952
-5.461538
-9.362637
-9.536020
-11.703297
-7.975580
-5.374847
-3.034188
-0.260073
1.733822
4.941392
4.074481
-0.086691
-2.253968
-8.582418
-8.669109
-10.142857
-9.275946
-10.489621
-8.235653
-5.201465
-5.894994
-4.507937
-1.647131
-2.427350
-3.120879
-6.328449
-10.663004
-9.796093
-7.455433
-5.634921
-4.854701
-7.628816
-7.975580
-6.068376
-1.647131
3.641026
6.588523
3.554335
-0.520147
-2.687424
-0.953602
-3.294261
-3.120879
-2.080586
-1.820513
-5.548230
-2.687424
0.173382
0.866911
-0.346764
0.866911
-0.780220
-1.126984
-1.040293
-1.647131
-1.560440
-2.080586
-5.981685
-4.507937
-4.421245
-3.207570
-1.126984
-1.993895
-1.993895
2.080586
7.542125
2.427350
6.675214
4.247863
1.300366
-0.953602
-2.860806
-3.814408
-2.427350
-2.427350
-4.161172
-0.433455
3.207570
6.155067
6.415140
3.554335
3.554335
4.074481
2.167277
2.947497
2.514042
0.433455
-0.260073
1.907204
1.040293
2.860806
5.808303
6.848596
6.415140
6.848596
8.148962
8.322344
6.068376
3.901099
2.427350
2.947497
1.126984
-0.433455
-0.433455
-0.260073
0.520147
0.693529
3.207570
7.368742
7.542125
6.501832
7.542125
5.548230
6.675214
3.901099
3.034188
0.520147
-6.328449
-5.028083
-4.334554
0.606838
-3.554335
-1.647131
-2.427350
-3.294261
-0.346764
-0.780220
-2.600733
-0.260073
0.866911
-0.953602
0.346764
1.387057
2.860806
3.987790
3.120879
1.300366
-0.086691
-0.433455
0.606838
0.433455
2.600733
2.860806
2.514042
3.034188
3.814408
2.253968
2.427350
-0.086691
-0.086691
-0.086691
0.346764
-4.074481
-2.947497
-0.433455
2.340659
-0.780220
-4.507937
-6.241758
-7.021978
-7.368742
-6.675214
-6.328449
-4.854701
0.433455
0.260073
0.866911
1.213675
0.780220
-0.953602
0.000000
-1.733822
-2.427350
-0.866911
-4.074481
-3.901099
-3.207570
-0.346764
3.814408
2.427350
1.733822
2.947497
1.387057
-1.300366
1.387057
-0.780220
-1.213675
-1.213675
0.606838
2.774115
3.901099
5.721612
5.894994
4.768010
2.600733
2.774115
4.247863
4.421245
1.820513
1.560440
0.780220
1.387057
2.860806
5.201465
3.641026
2.860806
1.300366
1.040293
2.514042
0.260073
0.606838
0.606838
-1.560440
-4.421245
-2.947497
-3.554335
-2.947497
-0.520147
1.820513
0.346764
1.993895
0.953602
0.780220
0.780220
0.866911
-0.606838
-0.606838
-1.040293
-2.080586
0.693529
1.733822
2.427350
3.380952
5.548230
2.253968
4.768010
1.300366
1.473748
-2.774115
-3.034188
-3.207570
-7.021978
-3.034188
-0.780220
1.300366
3.727717
3.641026
3.554335
1.040293
-3.207570
-5.114774
-7.021978
-5.981685
-5.634921
-4.247863
-3.641026
-4.161172
-1.733822
-4.594628
-4.507937
-6.328449
-7.195360
-9.102564
-7.282051
-7.021978
-5.114774
-3.467643
-2.167277
0.260073
2.687424
3.901099
-1.387057
-4.074481
-3.034188
-2.860806
-0.780220
0.173382
4.594628
6.761905
6.155067
3.641026
1.213675
-1.647131
-2.253968
-7.195360
-7.282051
-11.183150
-9.709402
-5.288156
1.040293
7.628816
8.148962
6.241758
4.594628
0.086691
-1.993895
-4.161172
-6.588523
-4.941392
-6.068376
-3.554335
-0.693529
1.126984
4.247863
4.421245
2.514042
-0.606838
-2.427350
-4.768010
-5.461538
-4.854701
-3.294261
-0.520147
3.641026
3.294261
1.387057
2.253968
2.340659
1.733822
0.433455
-0.346764
-2.947497
-3.034188
-0.173382
1.126984
1.040293
1.040293
0.520147
-0.520147
0.606838
-1.126984
-1.647131
-2.514042
-4.507937
-1.126984
2.600733
4.161172
5.721612
2.860806
0.693529
0.173382
1.300366
-1.126984
-1.387057
-3.380952
-3.727717
-1.213675
1.040293
4.941392
6.241758
2.514042
1.733822
0.606838
-1.647131
-1.300366
-3.641026
-5.981685
-9.102564
-8.148962
-2.687424
2.600733
9.536020
11.529915
11.269841
13.783883
10.923077
7.108669
5.201465
1.733822
-3.380952
-5.548230
-8.755800
-2.774115
-2.080586
2.514042
5.374847
4.854701
5.634921
7.368742
5.201465
2.947497
-1.473748
-4.247863
-5.374847
-5.981685
-0.780220
-0.780220
0.520147
2.687424
2.340659
1.907204
3.814408
3.987790
1.300366
-1.387057
-1.126984
-2.600733
0.693529
0.173382
0.346764
1.040293
-2.340659
-0.780220
-1.387057
-2.860806
-1.993895
-0.606838
1.733822
0.780220
2.860806
2.600733
1.473748
-1.300366
-1.126984
-2.947497
-2.427350
-0.173382
1.387057
0.000000
3.380952
2.860806
4.507937
1.300366
0.953602
-0.346764
-1.560440
-0.086691
-3.987790
-3.727717
-4.768010
-4.247863
-4.421245
-1.993895
-2.167277
-1.647131
1.387057
1.993895
-0.866911
-4.854701
-4.074481
-5.374847
-5.634921
-2.860806
-3.380952
-3.467643
-1.560440
-2.080586
-0.173382
0.346764
-1.473748
-1.473748
-0.780220
-3.901099
-3.641026
-7.542125
-7.542125
-7.368742
-5.114774
-6.501832
-6.935287
-7.021978
-6.588523
-4.768010
-5.201465
-2.340659
-2.514042
-1.733822
-3.727717
-5.548230
-6.415140
-5.721612
-2.253968
-3.034188
-0.606838
-2.687424
-0.173382
0.953602
1.213675
0.953602
-0.693529
-2.340659
-1.820513
-4.161172
-5.114774
-5.808303
-5.201465
-5.894994
-4.334554
-5.114774
-3.120879
-1.560440
-0.693529
1.387057
1.647131
-0.086691
-1.560440
-3.814408
-3.207570
-4.768010
-4.768010
-3.207570
-0.693529
-0.433455
-1.126984
-1.473748
-3.034188
-3.380952
-1.907204
-2.687424
-1.473748
-3.034188
-4.941392
-5.981685
-6.588523
-5.721612
-6.241758
-5.461538
-3.727717
-3.120879
-2.080586
-1.300366
-1.126984
-3.294261
-4.161172
-3.380952
-3.727717
-4.507937
-3.987790
-2.514042
-2.514042
-3.294261
-3.987790
-3.467643
-5.028083
-5.634921
-4.594628
-5.374847
-4.247863
-6.068376
-4.681319
-5.374847
-3.120879
-2.774115
-2.687424
-2.514042
-3.901099
-3.901099
-4.334554
-4.594628
-4.334554
-1.993895
-0.693529
-0.086691
-0.346764
-3.901099
-6.935287
-7.975580
-6.588523
-5.374847
-4.854701
-2.774115
-0.606838
0.433455
1.733822
0.693529
-0.693529
-0.086691
-1.820513
0.086691
1.040293
2.687424
1.387057
-0.346764
1.647131
2.167277
4.247863
3.380952
2.600733
-0.086691
-2.687424
-2.080586
1.733822
-0.173382
0.693529
2.947497
4.421245
4.161172
4.161172
4.421245
5.894994
3.901099
3.641026
0.346764
-1.213675
-1.647131
-3.467643
-3.814408
-1.387057
3.034188
2.167277
1.993895
0.866911
0.173382
0.780220
-3.727717
-1.126984
-1.560440
-3.207570
-2.514042
-0.866911
2.600733
4.854701
6.241758
5.808303
6.415140
7.108669
3.380952
3.120879
1.647131
1.820513
2.687424
4.941392
6.848596
8.322344
6.415140
6.155067
2.860806
0.866911
-0.086691
0.086691
-3.727717
-5.981685
-3.987790
-0.086691
5.548230
9.536020
9.362637
9.275946
6.588523
4.334554
2.687424
0.780220
-1.387057
-3.207570
-1.387057
-1.126984
0.866911
0.346764
2.687424
4.334554
2.514042
0.866911
2.860806
2.600733
2.860806
3.380952
1.907204
0.086691
3.120879
3.294261
1.820513
0.866911
1.126984
1.213675
-0.953602
-1.213675
-2.687424
-5.894994
-6.241758
-6.935287
-7.195360
-4.594628
0.433455
2.687424
3.987790
4.854701
3.554335
3.120879
0.173382
-1.820513
-3.120879
-1.820513
0.260073
-0.433455
1.820513
4.854701
8.062271
5.548230
4.247863
0.260073
-0.780220
-0.866911
0.260073
-1.473748
-0.173382
3.467643
6.155067
7.715507
5.894994
5.201465
3.034188
0.086691
-0.086691
-1.820513
-1.387057
-2.080586
-3.034188
-1.387057
0.086691
2.080586
2.947497
1.907204
1.387057
-2.080586
-3.120879
-6.935287
-6.848596
-6.848596
-4.594628
-3.554335
-3.034188
0.173382
1.213675
5.634921
8.582418
5.981685
2.427350
-0.346764
-2.514042
-4.421245
-6.588523
-7.108669
-7.195360
-3.554335
-2.167277
1.907204
6.501832
5.461538
5.288156
2.860806
1.993895
-0.693529
-2.167277
-2.600733
-3.207570
-1.820513
0.606838
-0.780220
-3.120879
-2.080586
0.866911
-0.866911
-2.687424
-5.028083
-5.808303
-6.675214
-8.669109
-8.148962
-6.761905
-2.947497
-5.548230
-3.727717
0.433455
-0.173382
1.387057
0.000000
2.253968
0.173382
1.126984
0.606838
0.780220
1.733822
2.947497
5.288156
6.241758
5.721612
5.461538
5.201465
5.634921
2.167277
3.467643
-0.086691
1.473748
1.213675
1.213675
3.814408
4.421245
5.634921
4.941392
6.155067
5.028083
2.774115
-0.433455
-0.866911
-0.606838
0.520147
2.600733
0.433455
-0.173382
0.433455
1.040293
3.120879
6.155067
5.374847
2.167277
5.288156
1.300366
-0.433455
-2.514042
-3.554335
-3.120879
-2.774115
-1.820513
0.000000
-0.433455
3.641026
5.114774
5.461538
5.201465
3.380952
6.675214
4.161172
0.260073
-1.733822
-1.647131
-3.207570
-3.467643
-3.120879
-3.120879
-1.820513
-2.600733
-0.693529
-1.040293
-1.213675
0.520147
-3.034188
-5.894994
-5.721612
-2.947497
-2.947497
0.346764
-2.947497
-1.560440
-0.606838
-1.126984
-0.520147
-2.340659
-3.901099
-3.987790
-6.068376
-5.028083
-5.461538
-4.594628
-1.300366
-0.173382
1.387057
0.346764
2.514042
1.300366
2.253968
2.167277
-1.647131
-3.034188
-4.334554
-5.201465
-1.993895
-1.040293
-0.260073
-0.520147
2.253968
3.727717
3.467643
3.554335
2.947497
4.074481
3.814408
5.288156
1.647131
-0.086691
-0.693529
-3.380952
-2.860806
-2.774115
-2.340659
-3.120879
0.780220
1.040293
5.201465
4.768010
5.288156
0.346764
-2.514042
-2.860806
-5.028083
-7.368742
-6.155067
-5.461538
-5.201465
-3.380952
-2.253968
1.560440
3.727717
1.993895
-1.473748
-0.086691
-1.820513
-2.600733
-2.600733
-3.641026
-3.467643
-6.155067
-5.288156
-4.768010
-1.907204
-0.346764
1.907204
1.907204
0.000000
-1.993895
-1.387057
-3.987790
-3.987790
-4.074481
-3.814408
-6.415140
-5.808303
-3.034188
-2.427350
-2.774115
-2.427350
-0.520147
0.086691
0.000000
-3.294261
-2.947497
-3.207570
-6.068376
-3.641026
-3.814408
-0.173382
0.606838
0.173382
-0.780220
1.993895
2.167277
0.780220
2.774115
1.040293
-0.260073
-2.340659
-5.028083
-5.201465
-3.554335
-2.080586
-1.820513
-0.173382
1.993895
0.346764
-1.560440
-3.120879
-4.421245
-1.820513
-5.634921
-5.721612
-6.415140
-5.634921
-3.034188
-3.901099
0.260073
-1.126984
1.213675
1.647131
1.560440
2.860806
0.520147
0.173382
0.173382
-0.433455
3.294261
2.514042
3.380952
4.247863
7.108669
5.201465
5.634921
2.947497
1.126984
1.126984
3.467643
5.634921
2.687424
1.907204
-0.606838
0.693529
-0.260073
1.126984
2.600733
0.000000
-2.427350
1.213675
0.606838
-0.173382
0.000000
2.600733
2.860806
1.560440
2.253968
3.207570
3.120879
3.814408
4.768010
6.155067
5.028083
2.774115
2.860806
2.947497
0.780220
0.260073
0.606838
0.433455
0.260073
1.647131
2.167277
5.808303
2.514042
6.068376
3.554335
5.721612
3.120879
1.560440
-1.213675
-3.207570
-5.548230
-4.594628
-4.074481
-3.814408
-1.387057
1.647131
4.247863
2.600733
3.207570
3.727717
4.768010
6.501832
4.507937
2.167277
1.733822
-0.433455
-1.213675
-1.473748
-1.387057
-1.126984
-1.300366
-1.993895
-1.993895
-4.768010
-0.866911
-1.733822
-1.040293
-0.433455
1.473748
2.860806
1.993895
2.340659
-0.346764
2.514042
1.473748
0.000000
-0.173382
-0.606838
1.213675
3.294261
0.000000
0.693529
1.040293
0.693529
0.520147
1.993895
2.080586
2.167277
2.427350
0.173382
1.213675
0.693529
-0.260073
-1.213675
-2.080586
4.854701
0.260073
-1.820513
1.213675
-1.820513
-1.560440
-1.126984
-3.120879
-0.520147
-3.554335
-3.207570
-3.380952
-1.040293
0.693529
-1.300366
-7.628816
-3.207570
-5.028083
-5.028083
-5.634921
-3.207570
-2.600733
-1.647131
-2.774115
-0.693529
0.086691
-1.126984
-0.173382
1.473748
1.387057
0.606838
-0.953602
0.173382
0.086691
1.820513
0.606838
2.600733
1.820513
3.901099
5.201465
3.467643
3.641026
0.520147
-0.866911
-1.300366
-4.768010
-5.028083
-2.427350
-1.820513
-0.086691
2.514042
1.473748
6.935287
4.334554
3.120879
4.161172
3.380952
-0.953602
-2.427350
-6.155067
-5.721612
-5.548230
-3.380952
1.040293
0.520147
3.901099
5.721612
2.774115
3.380952
1.040293
-0.173382
-2.427350
-5.028083
-7.108669
-6.241758
-6.241758
-3.641026
-2.860806
-3.294261
-0.346764
-0.173382
-1.040293
-1.213675
-3.207570
-0.173382
-1.820513
-2.600733
0.260073
-3.554335
-1.820513
-1.993895
-3.554335
-3.034188
0.953602
-0.780220
1.300366
1.647131
0.693529
0.000000
1.820513
2.774115
1.733822
0.000000
1.820513
1.647131
2.514042
3.814408
1.733822
6.155067
0.433455
0.780220
-1.560440
0.433455
0.520147
1.993895
-0.606838
-1.040293
-2.253968
1.473748
-1.473748
-2.167277
-2.687424
-3.207570
-4.941392
-0.693529
-1.647131
-2.167277
0.606838
1.647131
5.201465
4.074481
1.733822
-0.953602
-3.034188
-4.594628
-5.201465
-6.241758
-3.380952
-0.086691
6.848596
10.056166
8.929182
7.715507
-0.433455
-1.820513
-6.068376
-7.195360
-5.981685
-4.941392
-4.247863
1.907204
5.028083
5.808303
11.443223
9.275946
7.455433
3.987790
-2.514042
-7.368742
-12.136752
-13.003663
-12.050061
-12.223443
-7.542125
-2.687424
-0.866911
4.161172
4.681319
2.080586
-3.294261
-3.727717
-7.282051
-9.449328
-12.830281
-14.997558
-12.310134
-8.495726
-1.733822
-0.606838
-0.606838
0.173382
0.173382
-0.173382
2.080586
1.300366
0.953602
-0.866911
-3.554335
-1.733822
1.647131
2.860806
9.536020
4.768010
1.560440
5.201465
1.387057
2.514042
0.780220
-1.733822
-1.993895
-3.901099
-5.548230
-8.669109
-4.681319
-1.733822
0.606838
5.721612
2.253968
3.120879
3.554335
2.427350
3.380952
0.433455
-1.820513
-1.300366
-2.947497
-5.981685
-4.074481
-2.600733
-0.780220
-1.040293
-0.260073
4.941392
3.814408
-1.820513
-5.201465
-9.622711
-5.894994
-4.941392
-3.987790
-5.288156
-5.028083
-3.207570
-4.941392
-4.247863
-1.300366
-0.693529
-0.520147
-0.433455
-3.207570
0.173382
-1.560440
0.606838
-1.300366
-0.086691
1.387057
1.820513
1.300366
1.387057
-0.086691
-1.213675
-2.774115
-3.380952
-1.733822
-0.780220
0.520147
2.774115
2.774115
4.421245
0.520147
-0.693529
-1.126984
-3.294261
-3.901099
-2.860806
-2.253968
-3.987790
-2.860806
-1.300366
0.260073
0.433455
1.907204
0.780220
-1.820513
3.034188
1.647131
2.080586
-0.086691
-0.346764
1.213675
-0.260073
-1.473748
-2.514042
0.346764
2.080586
1.126984
2.514042
3.294261
1.733822
-2.253968
0.000000
-0.086691
-2.600733
-4.941392
-5.721612
-9.622711
-6.068376
-3.467643
-5.548230
-5.028083
-6.588523
-2.427350
1.993895
3.294261
2.167277
1.733822
2.860806
-1.300366
-4.334554
-3.727717
-3.034188
-5.288156
-5.461538
-3.120879
-0.173382
0.953602
1.733822
4.421245
3.641026
4.768010
3.987790
1.907204
3.380952
6.328449
3.814408
-3.034188
-5.808303
-5.201465
-6.761905
-5.288156
-0.866911
-0.173382
-1.473748
-2.687424
-6.675214
-4.161172
-4.681319
-5.981685
-4.594628
-10.576313
-0.866911
-2.427350
-1.300366
-1.647131
-3.467643
-4.161172
-4.681319
-2.167277
-3.727717
-6.155067
-1.647131
-2.427350
4.507937
3.380952
1.647131
-0.606838
-0.346764
-3.120879
-5.721612
-2.860806
-2.514042
-0.260073
1.213675
3.641026
2.687424
2.687424
-1.907204
-4.074481
-4.768010
-9.102564
-9.796093
-7.455433
-9.709402
-9.449328
-8.409035
-8.929182
-6.501832
-5.981685
-6.068376
-3.987790
-2.774115
-3.814408
-5.028083
-2.340659
-4.594628
-3.554335
-4.161172
-4.074481
-2.860806
-0.086691
-0.260073
-3.207570
-0.693529
-0.693529
-2.253968
-2.687424
-1.300366
2.340659
-2.080586
0.606838
4.161172
6.241758
2.687424
4.854701
4.854701
4.941392
4.854701
1.213675
1.560440
-0.260073
1.993895
3.120879
1.560440
3.380952
2.774115
4.681319
3.380952
3.987790
1.993895
0.866911
-3.120879
-1.560440
-0.433455
2.080586
3.120879
3.641026
3.727717
2.514042
0.433455
-0.953602
-0.953602
-2.514042
-2.514042
0.433455
1.213675
5.114774
8.495726
7.542125
6.935287
5.981685
4.854701
1.213675
-0.520147
-5.028083
-3.294261
-0.260073
-1.647131
0.346764
4.247863
6.848596
6.761905
5.634921
3.120879
0.346764
-4.421245
-6.068376
-7.715507
-7.195360
-5.894994
-5.808303
-1.213675
1.213675
4.941392
4.161172
2.774115
3.987790
2.427350
-2.340659
-0.606838
2.167277
6.328449
6.675214
6.848596
6.068376
5.981685
5.028083
2.774115
1.993895
-4.334554
-0.866911
-0.953602
1.300366
3.034188
4.768010
5.721612
5.461538
5.634921
5.721612
2.167277
4.334554
5.114774
5.288156
5.288156
5.114774
3.380952
3.120879
3.814408
0.606838
1.126984
0.953602
2.427350
3.814408
6.241758
4.854701
3.380952
3.034188
0.260073
-1.820513
-1.907204
-2.427350
-0.693529
3.207570
1.907204
4.681319
5.808303
2.774115
-1.473748
-3.641026
-2.253968
-2.947497
-1.907204
-0.520147
-1.040293
-1.040293
1.473748
0.000000
-0.866911
-4.161172
-1.473748
-2.600733
-2.860806
-0.173382
0.173382
0.000000
-0.866911
0.260073
-2.600733
-2.514042
-2.774115
-0.433455
-0.606838
1.126984
0.346764
-2.340659
-1.820513
-4.074481
-1.647131
-3.901099
-2.600733
-2.774115
-2.774115
-2.774115
-5.201465
-4.594628
-5.288156
-3.207570
-4.941392
-5.981685
-4.247863
-5.548230
-5.981685
-3.901099
-4.334554
-3.034188
-1.300366
-4.941392
-4.507937
-5.201465
-5.374847
-6.328449
0.520147
-1.647131
-3.207570
-1.820513
0.520147
0.260073
0.780220
0.866911
1.213675
-1.040293
2.427350
0.346764
-3.380952
-0.953602
-3.120879
0.433455
0.953602
-1.126984
-4.681319
-2.514042
-1.647131
-1.300366
-3.380952
-3.380952
-5.028083
-5.548230
-5.634921
-2.860806
-2.687424
-1.387057
-1.907204
-0.606838
0.866911
-1.126984
2.427350
0.173382
0.606838
-0.346764
-1.733822
-3.207570
-2.340659
-2.687424
