1.154579
-0.096215
1.058364
-1.635653
-2.982662
-3.078877
-0.769719
0.769719
1.924298
1.635653
-1.539438
-4.329670
-6.735043
-7.600977
-5.195604
-6.061538
-5.484249
-0.192430
3.848596
3.944811
0.769719
0.673504
-1.347009
-3.848596
-9.525275
-6.831258
-2.212943
-3.078877
-1.154579
1.058364
0.288645
-3.271306
-3.078877
-3.271306
-1.539438
-0.288645
-2.501587
-4.041026
-5.003175
-5.772894
-5.099389
-5.676679
-6.735043
-5.195604
-1.154579
-1.924298
0.962149
-1.924298
-2.116728
2.886447
0.577289
-3.559951
-4.522100
-3.463736
-3.944811
-5.003175
-4.425885
-2.116728
0.481074
-0.962149
1.058364
3.656166
3.559951
2.212943
-0.962149
-2.020513
-5.003175
-5.195604
-2.982662
-2.405372
-1.443223
-2.886447
-1.058364
0.192430
-0.288645
0.865934
3.271306
4.618315
0.577289
1.443223
-0.481074
-0.962149
2.020513
3.656166
1.154579
-1.058364
-2.597802
-1.731868
-1.443223
0.577289
2.982662
4.618315
9.332845
11.930647
8.947985
6.638828
4.137241
4.522100
6.350183
5.965324
0.288645
-4.618315
-6.061538
-8.178266
-5.965324
-3.367521
-1.924298
-0.577289
0.673504
0.865934
2.982662
4.329670
4.425885
5.003175
0.769719
2.405372
2.886447
2.886447
5.388034
6.542613
4.233455
4.810745
5.484249
3.175092
2.212943
-1.347009
-3.271306
-2.405372
-1.443223
-0.192430
1.924298
3.271306
3.848596
4.329670
2.982662
4.233455
5.388034
7.697192
7.119902
4.810745
4.906960
1.635653
-0.288645
-3.367521
-4.522100
-6.350183
-7.697192
-3.559951
-3.752381
-6.638828
-8.466911
-6.638828
-1.347009
2.212943
5.388034
4.906960
3.559951
1.250794
-0.288645
0.481074
0.481074
2.405372
7.119902
5.195604
3.752381
1.539438
2.116728
0.384860
1.635653
3.848596
4.810745
6.446398
5.676679
6.061538
6.350183
2.886447
-1.250794
-3.175092
-2.501587
-1.828083
-4.329670
-3.656166
-4.714530
0.096215
2.597802
3.078877
4.041026
4.329670
2.886447
0.577289
0.481074
3.463736
2.886447
4.618315
1.539438
-1.539438
-3.656166
-2.694017
-0.384860
2.116728
2.886447
2.982662
-0.384860
-1.058364
-2.212943
-3.944811
-4.329670
-5.676679
-1.924298
-0.096215
-0.769719
-2.405372
-2.501587
-0.769719
2.020513
5.869109
4.618315
0.481074
2.597802
5.965324
4.714530
0.577289
-4.714530
-4.329670
-0.673504
2.694017
5.869109
5.869109
7.408547
6.446398
6.831258
7.119902
5.676679
2.212943
1.058364
-2.116728
-2.212943
-1.347009
-0.865934
0.192430
1.250794
-2.405372
-2.694017
-1.058364
-2.597802
-3.848596
-0.481074
1.154579
0.673504
2.597802
3.078877
2.309158
4.233455
5.099389
0.384860
-2.212943
0.000000
-0.673504
-3.078877
-6.350183
-4.329670
0.577289
2.405372
1.828083
3.367521
2.597802
5.003175
4.041026
5.772894
4.714530
2.405372
1.635653
1.154579
-0.192430
-0.577289
1.347009
2.501587
1.635653
5.195604
6.735043
8.178266
8.659341
8.755556
7.023687
7.697192
5.388034
2.309158
0.962149
0.096215
-4.810745
-1.828083
-0.192430
-0.288645
0.384860
-1.539438
-3.078877
-1.539438
-0.192430
1.058364
1.154579
3.175092
2.212943
2.020513
1.154579
2.212943
1.443223
4.233455
7.408547
6.638828
-0.962149
-1.154579
-1.443223
-1.058364
-2.694017
0.288645
-2.309158
-1.635653
-2.309158
0.000000
1.539438
5.580464
3.559951
1.828083
1.828083
1.924298
0.481074
2.020513
-0.673504
-3.367521
-2.501587
-1.828083
2.020513
1.828083
3.559951
6.061538
8.274481
6.350183
6.061538
3.078877
2.405372
2.501587
0.192430
-0.288645
-1.635653
-3.367521
-0.288645
1.443223
0.673504
2.212943
2.694017
1.731868
0.865934
0.000000
-2.116728
0.384860
0.865934
-2.309158
-3.367521
-2.597802
-2.790232
-2.501587
-2.405372
-2.405372
-4.041026
-0.481074
1.635653
5.484249
5.484249
6.061538
5.388034
6.253968
6.542613
3.175092
-0.096215
-3.463736
-5.772894
-5.388034
-1.635653
-0.865934
0.288645
2.116728
0.865934
3.078877
4.041026
3.559951
5.195604
4.233455
2.886447
-1.347009
-4.714530
-1.250794
-0.673504
2.886447
2.309158
1.731868
0.962149
0.481074
0.288645
-3.944811
-5.965324
-6.638828
-8.563126
-11.064713
-9.717705
-6.350183
-5.291819
-2.309158
0.000000
-1.154579
-0.384860
-0.962149
0.577289
-2.694017
-4.329670
-3.656166
-1.924298
2.694017
5.676679
5.869109
4.714530
1.828083
-1.347009
-5.965324
-8.178266
-6.157753
-3.463736
-3.175092
-1.347009
-1.731868
-0.769719
-0.577289
-0.577289
-0.481074
-3.752381
-2.212943
-6.446398
-7.312332
-5.965324
-5.195604
-5.484249
-6.831258
-6.542613
-6.157753
-3.656166
0.865934
0.288645
-1.154579
-0.384860
-0.577289
-1.250794
-2.116728
-3.656166
-0.769719
-0.384860
0.384860
-1.058364
-1.443223
-2.405372
-2.790232
-2.597802
-2.790232
-5.099389
-3.848596
-2.309158
-1.828083
-0.769719
-3.175092
-5.388034
-8.274481
-7.697192
-7.793407
-6.542613
-2.982662
-1.058364
0.962149
2.790232
0.000000
2.116728
3.271306
3.175092
3.271306
0.000000
-0.962149
-0.192430
-0.865934
0.865934
-1.635653
-3.271306
-5.484249
-2.694017
0.865934
2.982662
4.329670
7.216117
7.408547
6.253968
4.425885
1.058364
1.058364
2.694017
1.443223
-0.384860
0.192430
0.192430
-0.096215
-1.731868
-3.656166
-5.484249
-5.195604
-4.714530
-4.137241
-5.003175
-6.253968
-7.889621
-7.216117
-10.102564
-10.198779
-9.332845
-8.755556
-5.869109
-2.405372
-0.288645
-1.924298
-2.501587
-1.443223
-1.347009
3.463736
3.559951
2.501587
1.347009
0.865934
0.865934
0.384860
-1.154579
-2.501587
-2.405372
-0.962149
-0.865934
0.577289
1.154579
-0.192430
-2.405372
-3.367521
-2.886447
-2.309158
0.000000
-1.154579
-2.212943
-1.828083
-0.673504
-1.250794
-2.405372
1.635653
-0.096215
-1.539438
-1.250794
-2.116728
0.577289
-0.384860
-0.865934
-3.463736
-2.694017
-0.096215
1.443223
0.288645
-2.405372
-5.484249
-5.099389
-4.041026
-3.271306
-5.099389
-3.848596
-1.731868
-0.288645
-0.096215
0.962149
2.597802
1.635653
-0.288645
1.250794
2.886447
3.463736
4.041026
2.790232
4.618315
4.425885
1.443223
2.212943
1.347009
-3.559951
-4.906960
-5.195604
-2.405372
-1.058364
-0.769719
0.481074
0.288645
0.769719
2.982662
4.714530
3.559951
2.982662
2.501587
2.501587
0.481074
-0.096215
-0.288645
-0.769719
-2.597802
-1.443223
1.443223
-0.577289
-1.635653
-1.731868
0.384860
1.635653
4.618315
3.559951
3.367521
-0.096215
-0.962149
-1.250794
-1.635653
-1.443223
-3.271306
-5.484249
-3.944811
-1.443223
-2.405372
-5.580464
-7.697192
-13.662515
-14.624664
-12.604151
-9.525275
-6.542613
-2.886447
2.212943
5.003175
3.559951
2.886447
3.752381
5.580464
4.137241
3.559951
1.731868
2.020513
3.271306
2.982662
1.635653
-2.501587
-2.694017
-0.288645
-1.154579
1.443223
-0.384860
-3.656166
-3.078877
0.769719
4.810745
3.752381
2.405372
2.116728
1.250794
-0.288645
-1.347009
-0.192430
-1.058364
-2.116728
0.673504
3.559951
5.676679
2.597802
1.443223
2.309158
-0.192430
-1.250794
-2.212943
2.116728
1.154579
-2.790232
-1.347009
-0.384860
1.058364
0.577289
3.848596
8.466911
3.559951
2.501587
3.078877
3.463736
0.769719
0.384860
1.443223
0.769719
2.597802
4.041026
1.924298
1.058364
-0.865934
-3.656166
-0.769719
4.618315
2.405372
2.020513
0.288645
2.405372
3.752381
-0.192430
-2.982662
-0.769719
2.405372
1.347009
0.384860
1.539438
3.944811
4.329670
0.481074
-0.962149
-0.481074
-2.405372
-5.869109
-5.965324
-4.233455
-0.673504
0.096215
-0.865934
0.000000
2.309158
1.924298
-0.096215
-0.384860
1.058364
-2.982662
-5.484249
-6.061538
-5.388034
-6.446398
-4.522100
-2.116728
4.522100
4.618315
1.924298
0.481074
2.694017
0.962149
-2.309158
-4.137241
0.096215
0.096215
-3.559951
-4.329670
0.288645
2.790232
0.096215
-1.154579
2.982662
3.367521
2.405372
1.443223
2.309158
0.000000
-3.175092
-4.425885
-3.944811
-7.889621
-4.137241
-2.212943
-2.116728
-2.116728
-0.577289
0.384860
1.924298
2.405372
1.250794
3.752381
3.463736
2.116728
-0.769719
-0.769719
-0.288645
-0.865934
-0.962149
-2.116728
1.250794
-0.192430
0.000000
0.096215
0.481074
1.154579
5.291819
8.755556
7.889621
5.099389
3.752381
4.041026
4.329670
-8.563126
2.501587
4.522100
6.446398
5.869109
1.347009
0.384860
2.020513
3.559951
3.367521
0.000000
-1.058364
-3.848596
-5.965324
-3.367521
-3.271306
-1.154579
-2.501587
-0.769719
-0.577289
-0.288645
-1.443223
0.769719
0.769719
-2.405372
-6.542613
-1.635653
2.694017
1.924298
0.673504
0.000000
2.982662
5.099389
7.216117
4.522100
4.522100
1.924298
0.000000
-0.384860
2.309158
1.731868
0.384860
0.481074
-0.384860
-1.828083
-3.271306
-4.906960
-2.790232
-1.250794
0.000000
-0.192430
2.405372
6.350183
6.061538
5.195604
6.446398
3.848596
3.463736
0.769719
-0.577289
1.154579
2.886447
1.731868
0.769719
1.154579
0.000000
0.000000
0.000000
-2.597802
-2.694017
0.000000
1.539438
3.271306
1.539438
0.192430
-0.865934
-2.694017
-1.250794
-0.673504
2.790232
6.350183
7.600977
10.679853
10.968498
11.160928
12.892796
10.968498
11.449573
8.466911
8.178266
6.157753
5.195604
3.271306
-0.769719
-1.154579
-1.250794
-4.522100
-4.041026
-1.058364
0.000000
-0.577289
1.443223
2.886447
4.041026
3.656166
1.443223
-0.769719
-3.078877
-4.137241
-3.367521
-3.463736
-2.597802
-0.096215
4.233455
3.944811
3.656166
5.099389
5.195604
2.309158
1.347009
0.481074
2.212943
-1.058364
-2.116728
1.347009
3.752381
0.481074
2.212943
3.559951
1.635653
2.020513
2.501587
2.309158
-1.443223
-2.597802
0.192430
0.384860
1.539438
2.212943
0.962149
-1.347009
-1.443223
-0.769719
-3.271306
-4.329670
-2.982662
-5.388034
-7.985836
-6.542613
-5.388034
-3.944811
-2.597802
0.481074
0.769719
-0.096215
-0.288645
-0.577289
0.192430
2.020513
0.673504
-2.982662
-2.790232
-2.020513
-2.886447
-4.618315
-2.886447
0.192430
0.577289
-0.769719
-1.539438
0.962149
0.962149
1.058364
2.694017
2.694017
2.212943
-0.865934
1.635653
-0.096215
0.096215
-3.078877
0.288645
-0.962149
2.790232
3.944811
4.522100
4.810745
6.350183
8.370696
7.023687
6.253968
5.676679
4.329670
3.559951
-0.096215
-0.865934
-1.828083
-3.752381
-0.962149
1.539438
2.309158
5.869109
8.466911
7.793407
3.463736
-0.384860
-1.539438
-1.250794
-2.694017
-1.058364
-1.154579
-3.848596
-4.329670
-2.694017
-2.405372
-1.635653
0.000000
-2.020513
-2.982662
-0.769719
2.501587
2.982662
-1.443223
-4.906960
-4.906960
-6.253968
-11.642002
-12.892796
-5.388034
-0.096215
1.250794
0.288645
-5.099389
-8.082051
-7.312332
-4.329670
-2.405372
-5.195604
-6.157753
-3.175092
-0.769719
-1.731868
-5.676679
-3.271306
-0.481074
-1.924298
-3.848596
-3.944811
-5.772894
-5.580464
-1.731868
1.924298
-1.250794
-3.752381
-5.580464
-2.501587
-0.288645
2.020513
-0.384860
-1.539438
-1.154579
1.443223
-3.175092
-3.944811
-2.212943
-1.058364
3.367521
4.425885
4.618315
1.443223
1.828083
0.096215
-1.250794
-1.635653
-2.982662
-2.212943
0.384860
-1.154579
-2.212943
0.000000
1.828083
0.192430
1.443223
4.714530
5.195604
4.329670
2.501587
-0.865934
-2.212943
-2.886447
-0.769719
4.041026
1.443223
-0.865934
1.058364
4.137241
2.116728
5.676679
4.714530
4.041026
0.865934
1.347009
-2.597802
1.154579
0.481074
-0.769719
-1.154579
-1.731868
-4.233455
-2.020513
1.828083
3.175092
1.058364
0.000000
1.731868
0.192430
-1.539438
0.384860
3.656166
2.982662
-2.405372
-5.580464
-5.388034
-2.405372
-2.405372
-3.078877
-0.769719
-0.865934
0.096215
0.192430
-1.828083
-1.443223
0.000000
-2.982662
-1.828083
-0.865934
2.116728
2.886447
2.790232
3.078877
3.175092
0.865934
0.000000
-0.288645
0.865934
-3.944811
-2.597802
-1.154579
-2.694017
-3.367521
-2.020513
-1.154579
-1.924298
-3.848596
-2.982662
-1.828083
-1.058364
-2.309158
-2.694017
2.116728
1.924298
3.559951
3.463736
3.463736
6.157753
5.195604
4.041026
2.790232
3.175092
2.212943
2.309158
-1.443223
-1.250794
-3.559951
-3.078877
-3.175092
0.865934
-2.501587
-3.367521
-3.656166
-3.848596
-5.580464
-4.810745
0.096215
2.694017
0.865934
0.865934
1.539438
2.116728
0.577289
0.673504
0.962149
2.020513
-7.312332
0.288645
-2.790232
-5.195604
-4.041026
-2.405372
-0.673504
2.212943
3.271306
4.137241
2.982662
2.116728
2.309158
2.116728
-0.192430
-2.212943
-3.752381
-2.790232
-1.250794
4.618315
5.099389
6.061538
4.522100
5.772894
3.175092
-1.154579
-3.559951
0.192430
1.924298
0.577289
1.250794
0.000000
-0.769719
-3.175092
-3.078877
-2.982662
-3.944811
-6.446398
-5.484249
1.347009
0.577289
-0.384860
2.116728
4.522100
4.906960
4.714530
7.504762
8.274481
3.271306
0.288645
-2.116728
-3.752381
-3.175092
0.096215
-0.673504
0.481074
-0.288645
-0.384860
-0.096215
-3.656166
-1.347009
-2.790232
-1.635653
-0.962149
0.962149
0.288645
3.752381
7.600977
6.927473
6.542613
1.539438
1.443223
-0.769719
2.020513
1.635653
-1.058364
0.769719
3.367521
3.559951
2.309158
2.694017
5.388034
6.542613
8.466911
7.408547
9.236630
8.563126
7.793407
6.253968
8.466911
9.813919
9.525275
7.408547
2.886447
-0.673504
-0.384860
2.501587
2.405372
2.501587
5.003175
7.889621
8.274481
8.370696
8.466911
4.810745
1.539438
-1.347009
-1.443223
-0.288645
0.000000
2.116728
2.694017
1.635653
2.597802
5.484249
7.793407
6.157753
6.157753
10.872283
10.583639
8.178266
6.061538
5.195604
-0.577289
-4.041026
-7.216117
-5.676679
-4.137241
-5.676679
-7.408547
-3.848596
-1.635653
0.481074
0.865934
0.481074
1.828083
2.501587
0.096215
-3.271306
-0.384860
-2.597802
-4.714530
-5.003175
-2.501587
0.096215
1.539438
0.673504
2.212943
3.752381
4.329670
3.944811
4.425885
2.309158
1.250794
-0.865934
-1.443223
-2.309158
-2.405372
-3.559951
-3.078877
-0.673504
-0.962149
1.250794
1.347009
0.192430
0.384860
0.000000
0.000000
-1.347009
-1.635653
-2.405372
-5.099389
-2.501587
-0.865934
1.828083
-0.865934
-5.291819
-7.600977
0.192430
-0.865934
-5.388034
-5.772894
-5.484249
-2.405372
-0.481074
-0.769719
1.058364
0.000000
-3.848596
-5.676679
-6.157753
-2.597802
2.501587
1.443223
-2.501587
-3.559951
-1.347009
-1.731868
-5.195604
-8.755556
-4.137241
2.020513
4.425885
6.253968
6.446398
5.195604
5.869109
1.924298
-3.175092
-3.848596
-4.329670
-6.061538
-9.236630
-11.160928
-9.910134
-6.831258
-5.291819
-5.484249
-7.408547
-4.618315
-5.484249
-5.291819
-5.291819
-5.965324
-7.504762
-6.927473
-6.542613
-4.329670
-2.116728
-4.714530
-4.137241
-2.886447
-3.656166
-9.717705
-10.391209
-12.411722
-9.332845
-7.023687
-6.735043
-6.061538
-6.061538
-7.216117
-7.216117
-9.717705
-10.006349
-7.889621
-7.408547
-4.618315
-4.906960
-5.772894
-6.542613
-7.889621
-11.834432
-14.239805
-15.875458
-14.336020
-8.755556
-7.119902
-4.714530
-2.116728
-1.828083
-2.694017
-3.752381
-4.233455
-4.522100
-3.367521
-5.388034
-5.003175
-2.405372
-0.481074
2.309158
2.212943
0.865934
-2.501587
-3.078877
-2.597802
-3.944811
-6.446398
-5.580464
-6.446398
-5.003175
-4.618315
-5.195604
-3.078877
-1.635653
-0.096215
-0.481074
-0.481074
2.886447
4.329670
2.886447
1.154579
-0.288645
0.192430
0.865934
-1.539438
-3.367521
-0.962149
3.078877
5.869109
4.522100
-0.192430
0.865934
1.635653
0.962149
-0.481074
-2.309158
-4.618315
-2.116728
0.384860
-0.481074
1.635653
5.580464
8.659341
12.026862
13.854945
14.817094
12.700366
12.892796
8.947985
5.869109
6.638828
4.329670
3.752381
4.618315
5.772894
2.694017
0.673504
-0.288645
-1.347009
0.288645
0.673504
-0.769719
-0.096215
1.443223
2.405372
4.137241
4.714530
5.580464
5.484249
5.388034
7.312332
8.082051
6.061538
5.195604
5.099389
5.484249
4.425885
2.790232
2.790232
2.212943
4.714530
2.982662
4.906960
5.291819
7.216117
8.755556
8.563126
5.772894
3.944811
4.233455
4.714530
4.618315
5.388034
5.388034
2.116728
-0.288645
-0.192430
-0.096215
-1.924298
-5.291819
-2.501587
0.481074
3.559951
4.329670
7.408547
5.676679
3.463736
3.271306
4.522100
6.446398
6.927473
7.600977
7.408547
10.391209
10.679853
9.525275
8.755556
5.195604
2.405372
0.577289
4.810745
8.755556
9.910134
7.216117
4.714530
4.618315
5.580464
8.659341
12.989011
11.738217
10.198779
6.735043
2.212943
2.982662
4.329670
1.924298
1.250794
1.154579
0.865934
2.309158
3.752381
5.099389
6.157753
6.542613
6.542613
6.638828
3.944811
2.501587
-0.384860
-1.154579
1.828083
5.676679
3.175092
2.501587
3.463736
4.041026
7.793407
11.257143
12.123077
9.621490
9.910134
10.487424
11.257143
8.466911
5.099389
3.367521
2.212943
1.154579
0.384860
0.000000
-1.539438
-1.828083
-1.924298
-1.154579
-1.828083
-2.116728
-1.828083
0.096215
-1.443223
0.096215
0.769719
-0.865934
-1.250794
-2.020513
-2.020513
-1.828083
-1.924298
-2.501587
0.288645
2.501587
-0.288645
-1.058364
-2.405372
-4.041026
-5.965324
-6.927473
-6.831258
-2.694017
-3.656166
-7.216117
-7.504762
-8.370696
-7.119902
-7.889621
-5.869109
-6.061538
-3.752381
-1.539438
-2.116728
-6.157753
-4.810745
-2.309158
-0.865934
-2.309158
-1.828083
-2.886447
-4.522100
-5.965324
-4.522100
-2.982662
-1.924298
-3.463736
-1.924298
-0.577289
-0.096215
0.288645
0.192430
2.309158
2.116728
0.769719
-0.962149
-1.635653
-0.192430
1.924298
2.501587
1.443223
-1.154579
-2.694017
0.000000
0.288645
-0.962149
-0.577289
-0.865934
-1.924298
-0.481074
0.577289
-0.384860
0.865934
1.058364
1.539438
1.347009
-2.116728
-0.962149
0.384860
1.250794
1.924298
1.443223
3.271306
2.020513
-2.309158
-3.656166
-2.309158
1.539438
2.309158
3.559951
2.597802
1.924298
0.384860
2.020513
1.924298
0.192430
-0.673504
-0.577289
0.096215
2.597802
3.559951
2.597802
2.405372
2.694017
0.673504
1.058364
0.769719
-2.694017
-5.291819
-4.522100
-0.962149
-0.962149
-1.347009
-4.714530
-6.542613
-3.559951
-0.192430
0.096215
-0.673504
-4.618315
-9.236630
-7.312332
-5.580464
-4.714530
-2.694017
-6.253968
-7.889621
-5.676679
-6.061538
-4.714530
-4.137241
-3.752381
-5.484249
-2.694017
1.058364
-0.384860
-0.288645
-1.539438
-1.443223
2.982662
1.635653
-1.635653
-4.425885
-5.388034
-2.212943
0.000000
-0.288645
-0.962149
-2.982662
-3.078877
1.347009
5.484249
0.962149
-2.982662
-3.944811
0.288645
3.944811
0.769719
-6.638828
-5.869109
-1.539438
2.886447
2.982662
-2.790232
-8.563126
-10.872283
-5.676679
-3.463736
-2.597802
-1.539438
-2.982662
-6.831258
-10.679853
-6.735043
1.924298
4.810745
-1.347009
-7.697192
-9.525275
-10.006349
-5.869109
-0.769719
1.828083
-1.154579
-5.676679
-7.312332
-5.291819
-1.635653
2.309158
1.154579
-0.673504
-3.848596
-6.157753
-0.769719
3.078877
3.367521
0.192430
-1.635653
-2.886447
-4.425885
-2.501587
-0.962149
0.673504
-1.250794
-3.367521
-4.137241
-4.137241
-2.694017
0.000000
-1.347009
-4.233455
-9.717705
-11.257143
-6.446398
-5.003175
-1.539438
-1.347009
-2.790232
-4.329670
-7.312332
-5.676679
-6.638828
-4.137241
0.962149
2.020513
-0.769719
-5.484249
-7.023687
-8.082051
-7.600977
-4.329670
-2.694017
0.000000
0.000000
-4.233455
-1.250794
3.078877
4.041026
0.000000
-0.288645
-0.481074
1.347009
5.580464
8.755556
8.370696
5.195604
4.714530
3.944811
6.927473
7.216117
5.869109
6.831258
6.542613
4.137241
2.597802
2.405372
4.714530
3.463736
2.020513
2.694017
4.906960
8.659341
7.023687
5.099389
0.577289
3.078877
4.714530
4.329670
2.020513
0.769719
2.790232
5.291819
2.790232
0.962149
-3.271306
-0.288645
0.481074
3.752381
6.831258
7.889621
7.408547
9.525275
9.429060
7.119902
4.714530
3.463736
7.504762
9.429060
5.965324
1.828083
3.848596
3.848596
-0.865934
6.927473
3.078877
4.233455
3.848596
5.869109
5.003175
6.061538
3.944811
-0.288645
4.137241
2.597802
-7.889621
-0.481074
2.405372
5.580464
3.271306
-1.443223
-3.656166
-5.388034
-6.253968
-10.872283
1.443223
2.309158
-0.577289
-0.192430
3.271306
5.003175
4.425885
-0.384860
0.769719
-0.769719
1.058364
-1.058364
0.384860
4.137241
3.656166
-2.020513
-3.752381
0.962149
0.769719
3.752381
3.463736
1.635653
1.347009
1.154579
1.828083
-1.250794
0.673504
1.828083
2.790232
2.694017
2.020513
-2.405372
-1.924298
-0.481074
4.522100
6.253968
3.175092
-0.962149
0.192430
2.116728
1.828083
2.212943
6.927473
6.831258
2.212943
-3.944811
-5.388034
-4.329670
-0.384860
4.714530
