3.028083
0.390720
1.562882
1.953602
-2.539683
-2.539683
-4.493284
-3.614164
-4.786325
-2.442002
-2.148962
0.293040
-4.102564
-6.837607
-7.521368
-7.716728
-6.642247
-2.148962
-5.567766
-7.814408
-8.693529
-6.251526
-6.544567
-3.809524
-6.935287
-6.349206
-6.642247
-5.763126
-4.395604
-5.470085
-6.251526
-7.130647
-4.786325
-5.177045
-3.516484
-4.297924
-3.907204
-6.544567
-7.814408
-2.442002
-3.809524
-4.590965
-1.562882
-0.683761
-2.148962
-2.246642
-3.321123
-2.539683
-5.274725
-3.418803
-3.125763
-3.223443
-2.344322
-3.028083
-2.246642
-4.297924
-4.590965
-4.688645
-0.976801
-3.223443
-1.953602
-1.269841
-2.832723
-4.786325
-6.642247
-6.935287
-6.739927
-4.884005
-8.791209
-7.814408
-5.567766
-7.912088
-8.791209
-3.614164
-3.614164
-2.539683
-5.763126
-3.614164
-2.051282
-0.781441
-1.172161
-1.660562
-1.172161
-1.172161
-0.976801
-1.465201
-2.930403
-4.688645
-3.223443
-3.028083
-4.884005
-2.637363
-2.344322
0.683761
0.683761
3.321123
0.586081
1.074481
-0.683761
-1.465201
-2.246642
-4.786325
-9.572650
-6.349206
-0.488400
1.269841
-0.976801
1.269841
4.102564
-1.172161
-4.493284
-5.274725
-2.735043
0.293040
-1.562882
-2.539683
-0.586081
-1.172161
-3.418803
-5.763126
-3.321123
-2.148962
-6.349206
-5.274725
-4.786325
-4.786325
-4.200244
-1.465201
-2.930403
0.586081
-0.097680
-0.586081
-3.614164
-3.028083
-4.493284
-0.976801
1.660562
4.981685
4.884005
3.028083
0.195360
0.488400
1.855922
4.981685
7.228327
2.344322
1.074481
-0.195360
0.390720
-0.097680
-0.097680
1.172161
-0.195360
4.297924
0.781441
2.930403
-2.735043
-2.148962
-1.172161
1.758242
1.172161
-2.832723
-2.148962
1.758242
1.172161
1.465201
-1.758242
0.097680
-0.976801
1.562882
-3.711844
-3.907204
-4.884005
-1.465201
-1.367521
0.781441
-2.246642
-0.976801
0.195360
1.855922
0.879121
1.953602
4.590965
8.205128
2.344322
1.758242
1.660562
1.855922
2.735043
0.000000
0.976801
2.735043
0.683761
3.809524
1.855922
3.321123
1.758242
2.735043
1.074481
2.930403
1.465201
3.418803
2.246642
4.297924
2.051282
5.470085
0.976801
-0.293040
-1.465201
2.735043
4.297924
4.200244
0.879121
1.074481
-2.442002
-1.953602
-3.711844
-4.004884
-5.372405
-2.735043
-4.493284
-2.051282
3.223443
4.200244
-0.097680
-0.683761
-2.344322
-1.465201
-5.079365
-7.716728
-7.912088
-6.935287
-4.688645
-1.953602
-4.102564
0.976801
2.148962
2.735043
-1.855922
-2.051282
-0.195360
-0.293040
-1.758242
-0.781441
-2.344322
-1.562882
-2.051282
2.344322
-1.562882
-3.614164
-4.590965
-3.614164
-2.442002
0.097680
-1.660562
0.683761
-1.953602
0.879121
-0.195360
0.488400
-1.660562
0.488400
-1.074481
-0.488400
0.390720
-1.269841
-4.688645
-4.004884
-1.465201
0.683761
0.293040
0.586081
2.051282
4.297924
0.390720
2.148962
0.488400
3.223443
3.711844
6.544567
6.446886
7.716728
8.791209
5.860806
6.837607
6.349206
4.884005
6.739927
5.274725
7.814408
6.544567
4.981685
4.297924
6.153846
4.004884
1.172161
0.293040
5.177045
4.102564
5.177045
1.660562
3.321123
1.074481
3.321123
3.028083
3.711844
1.172161
1.269841
1.953602
2.930403
5.079365
3.516484
-1.074481
-3.028083
-1.758242
-0.976801
0.976801
3.614164
2.637363
2.442002
0.683761
0.000000
-3.711844
-3.516484
-5.958486
-6.349206
-1.172161
-3.614164
-3.418803
-1.172161
-0.195360
-4.395604
-3.028083
-0.390720
-1.465201
-3.321123
-2.442002
4.004884
3.711844
2.539683
2.148962
0.781441
-2.344322
-1.074481
0.976801
0.097680
1.660562
1.269841
3.711844
4.786325
4.200244
1.269841
0.976801
0.390720
-1.758242
-0.683761
-3.418803
-1.269841
-2.148962
-0.097680
-1.367521
-5.567766
-5.958486
-2.832723
-5.177045
-3.711844
0.976801
1.855922
1.269841
-0.293040
-1.758242
0.000000
-5.177045
-2.930403
0.000000
-0.976801
-3.321123
-3.028083
-0.195360
3.223443
1.367521
3.223443
1.562882
1.855922
-1.562882
0.683761
-0.293040
3.125763
5.079365
1.074481
1.660562
2.148962
-0.586081
-2.832723
-2.246642
-3.516484
-1.269841
-4.102564
1.074481
3.907204
2.051282
1.562882
0.097680
-1.074481
-4.395604
-6.056166
-8.986569
-10.354090
-6.056166
-4.102564
-2.930403
-4.200244
-3.614164
1.855922
4.102564
1.465201
-2.735043
-9.963370
-9.181929
-7.423687
-8.107448
-4.004884
-3.614164
-1.953602
-5.470085
-2.442002
-7.326007
-4.004884
-4.297924
-4.688645
-4.884005
-2.344322
-1.953602
-2.637363
-2.735043
-1.269841
-0.683761
-0.976801
-1.367521
-1.953602
-0.976801
-1.855922
-2.735043
-1.953602
-0.683761
0.879121
0.488400
0.879121
-0.195360
-2.344322
1.269841
-2.930403
-3.614164
-1.953602
-2.735043
-3.321123
-2.735043
-3.223443
-4.200244
-2.832723
-1.074481
-3.711844
-1.855922
2.246642
-0.488400
-0.976801
-1.855922
1.172161
0.879121
2.442002
0.879121
1.953602
0.097680
1.660562
0.097680
2.442002
-0.586081
-1.953602
-3.125763
2.637363
-1.660562
-3.418803
-1.953602
2.832723
0.781441
1.758242
1.367521
3.125763
-0.488400
-2.442002
-3.028083
0.195360
-3.028083
-0.976801
1.953602
5.274725
0.879121
-1.269841
-1.172161
-0.097680
-0.097680
0.097680
-0.976801
-1.172161
1.758242
1.269841
0.781441
2.246642
3.418803
-1.660562
-3.711844
1.172161
0.390720
-0.390720
0.195360
0.879121
-2.246642
-1.367521
0.293040
1.758242
-7.716728
-6.349206
-6.446886
-4.395604
-5.860806
-2.832723
1.367521
0.879121
-4.102564
-5.763126
-3.907204
-0.976801
-6.251526
-2.442002
0.488400
1.562882
0.586081
2.637363
4.200244
2.539683
-1.172161
-0.293040
2.148962
2.832723
1.172161
-2.148962
-1.074481
5.079365
2.051282
-1.367521
-1.855922
-0.390720
-4.297924
-1.367521
-2.637363
-1.855922
-6.349206
-3.028083
-0.488400
-2.148962
-4.493284
-0.976801
-1.562882
-1.953602
-1.758242
2.051282
-2.051282
-1.269841
0.586081
4.395604
4.493284
1.660562
3.125763
6.544567
4.200244
0.390720
1.074481
4.395604
3.809524
0.879121
0.293040
3.711844
3.418803
3.028083
3.711844
4.102564
4.493284
7.912088
4.981685
9.279609
5.177045
3.321123
4.297924
6.642247
5.860806
4.688645
8.400488
9.670330
4.102564
4.297924
7.326007
5.079365
2.735043
2.637363
8.107448
7.423687
6.056166
6.446886
6.153846
7.228327
5.079365
3.125763
3.028083
5.567766
4.590965
4.004884
3.125763
4.004884
4.200244
4.004884
4.884005
4.395604
5.177045
0.976801
-0.586081
0.390720
-0.195360
-1.465201
-3.028083
1.953602
2.344322
1.953602
1.367521
4.200244
3.907204
2.539683
1.367521
0.586081
-0.195360
0.683761
0.879121
-0.195360
0.879121
-0.097680
0.586081
4.004884
2.148962
3.907204
3.418803
3.809524
3.418803
1.367521
3.711844
1.660562
-1.562882
-1.953602
0.195360
0.586081
-3.418803
0.976801
1.074481
2.637363
0.488400
-0.097680
1.367521
1.953602
-0.293040
0.390720
-0.781441
1.269841
-3.614164
-0.683761
2.539683
2.051282
-0.976801
4.102564
2.442002
0.976801
3.028083
3.321123
0.683761
0.000000
3.809524
4.981685
3.516484
2.930403
2.735043
4.395604
1.465201
6.739927
5.372405
1.269841
2.344322
2.539683
-0.683761
1.269841
1.660562
0.586081
-0.293040
-1.074481
1.562882
2.930403
0.293040
3.223443
0.097680
4.395604
0.293040
2.148962
1.660562
1.562882
0.097680
1.172161
2.930403
-0.488400
-1.367521
2.148962
1.172161
-1.367521
-3.516484
-1.953602
-5.958486
-1.562882
0.293040
7.326007
4.297924
1.855922
0.879121
-0.195360
-1.172161
-3.223443
-3.321123
-4.102564
-5.274725
-2.246642
-2.246642
-3.809524
-5.860806
-2.539683
-5.860806
-4.297924
-4.786325
-2.148962
-3.125763
-5.372405
-6.446886
-5.470085
-4.786325
-7.619048
-5.372405
-2.246642
1.562882
5.665446
3.809524
5.470085
2.637363
0.293040
-0.976801
-1.367521
-1.269841
0.586081
2.637363
0.097680
-0.976801
1.074481
-0.586081
-1.660562
-2.442002
-3.028083
-3.028083
-4.102564
-3.711844
-0.293040
-3.809524
-4.200244
-4.200244
-2.442002
-2.539683
1.660562
-0.976801
2.832723
3.125763
4.590965
3.125763
0.195360
1.562882
3.223443
1.465201
2.246642
-1.660562
-0.781441
-0.781441
3.614164
4.102564
6.056166
2.930403
3.125763
1.269841
2.344322
3.125763
2.832723
-2.246642
0.195360
-2.832723
-0.097680
1.269841
4.688645
0.683761
2.442002
4.395604
-2.637363
-4.395604
-4.395604
0.781441
2.246642
2.832723
1.953602
1.269841
2.930403
-0.390720
3.516484
-1.953602
-5.763126
-5.567766
-1.465201
4.493284
5.860806
4.981685
1.562882
2.051282
0.683761
1.269841
-1.855922
-3.809524
-0.390720
-1.758242
-0.683761
-3.516484
-0.781441
0.879121
-2.051282
-2.832723
-5.567766
-4.004884
-1.367521
-2.832723
-0.390720
0.488400
0.586081
-3.516484
-1.465201
-2.539683
-2.832723
-6.056166
-7.423687
-4.590965
-2.735043
1.074481
-0.293040
-0.976801
0.293040
-2.442002
-1.367521
-0.976801
-0.683761
-1.562882
-2.051282
-2.539683
-2.832723
-6.544567
-3.614164
-3.809524
0.586081
-3.711844
-3.809524
-2.442002
1.758242
2.539683
4.395604
4.395604
6.153846
5.274725
3.321123
3.223443
7.912088
5.567766
6.739927
3.614164
4.884005
7.130647
6.056166
0.683761
3.711844
2.637363
2.930403
-0.390720
3.321123
2.832723
0.683761
-5.274725
-7.130647
-7.716728
-4.102564
-4.004884
-0.488400
-0.586081
-2.148962
-1.465201
-1.172161
-3.223443
-3.516484
-5.372405
-7.814408
-10.549451
-4.395604
-2.930403
-1.172161
-0.586081
-0.976801
-4.395604
-3.711844
-4.688645
-4.786325
-3.321123
-1.367521
-0.976801
-2.148962
-4.590965
-1.269841
-4.981685
-5.079365
-5.177045
-2.246642
-2.148962
-4.297924
-6.251526
-3.809524
-1.660562
-1.367521
-1.562882
0.683761
-2.442002
-7.814408
-8.009768
-3.614164
-5.763126
-4.884005
-4.590965
-2.148962
0.488400
-7.423687
-8.595849
-4.200244
-1.660562
-4.981685
-8.791209
-6.153846
-6.251526
-2.637363
-3.418803
-3.516484
-3.028083
-6.642247
-10.158730
-8.888889
-3.614164
-3.028083
-3.028083
-2.148962
3.223443
0.000000
1.172161
0.195360
-1.269841
-5.860806
-8.400488
-7.716728
-5.274725
-4.200244
-4.590965
1.660562
1.465201
-0.293040
-0.976801
-2.442002
-2.735043
-8.302808
-7.716728
-5.372405
-2.832723
-0.976801
1.367521
1.465201
1.660562
0.586081
2.442002
2.442002
1.367521
-1.660562
0.097680
1.367521
0.781441
-0.097680
0.097680
-2.246642
-3.711844
-4.200244
-6.544567
-6.153846
-9.865690
-5.665446
-1.562882
-4.884005
-8.009768
-8.693529
-6.739927
-8.595849
-8.986569
-12.307692
-13.479853
-10.647131
-11.135531
-10.940171
-11.135531
-9.181929
-6.349206
-6.251526
-8.791209
-6.837607
-5.470085
-3.809524
-1.367521
-1.074481
2.246642
0.097680
1.953602
0.683761
-0.390720
-0.488400
-3.223443
-0.488400
-0.390720
-0.390720
-0.488400
-2.148962
-0.976801
-2.539683
0.097680
1.367521
0.390720
0.683761
-2.344322
-0.488400
-3.028083
-0.195360
0.293040
-1.269841
-0.097680
-1.660562
-0.976801
0.097680
-3.028083
-3.223443
-2.148962
-3.809524
-5.274725
-3.321123
-4.395604
-3.223443
-1.269841
-1.367521
-3.809524
-2.442002
-1.465201
-1.855922
-2.832723
0.195360
0.879121
-1.074481
2.735043
4.786325
4.688645
4.688645
3.418803
1.855922
4.493284
4.395604
1.269841
2.442002
4.102564
5.470085
1.660562
5.274725
4.004884
3.028083
2.832723
0.390720
2.735043
1.269841
0.097680
-2.051282
-2.735043
-0.586081
-0.976801
-3.614164
-3.418803
0.195360
3.028083
3.614164
7.619048
7.423687
4.590965
1.172161
1.562882
0.781441
-0.976801
-2.442002
-0.976801
-0.976801
1.758242
-1.855922
-2.832723
-1.855922
2.148962
-1.367521
0.000000
2.246642
4.395604
4.493284
3.418803
2.148962
2.246642
0.390720
-0.976801
1.074481
3.614164
3.028083
3.223443
1.074481
2.246642
0.488400
-1.367521
-2.832723
-2.735043
-2.442002
-3.125763
-2.832723
-2.930403
-3.418803
-4.884005
-3.809524
-1.953602
-0.781441
-1.660562
-3.223443
-2.832723
-3.907204
-5.274725
-2.539683
-3.809524
-5.763126
-4.004884
-2.832723
-3.418803
-3.028083
-3.907204
-0.488400
-1.269841
-2.344322
-2.735043
-2.832723
-3.614164
-5.470085
0.195360
-1.562882
0.195360
-1.562882
0.195360
1.562882
-3.223443
-2.148962
-3.711844
-3.321123
-4.884005
-2.832723
-2.344322
0.293040
-0.488400
1.465201
0.976801
-1.562882
1.660562
0.586081
-0.195360
0.488400
0.097680
2.148962
-0.097680
3.516484
0.586081
-2.051282
-1.660562
-4.884005
-0.586081
-3.321123
-3.516484
-1.953602
2.832723
1.758242
-0.976801
-2.637363
-3.223443
-0.097680
-1.562882
-0.976801
-0.683761
-0.976801
1.465201
-0.976801
0.390720
-4.297924
-2.832723
-3.223443
-3.711844
-4.102564
-4.200244
-1.562882
1.367521
1.953602
-0.781441
-4.590965
0.879121
4.297924
3.711844
-1.953602
0.879121
3.223443
4.004884
-0.097680
0.683761
1.562882
1.269841
1.855922
-2.539683
2.344322
3.418803
-2.051282
-2.344322
-4.004884
0.976801
-3.321123
-1.855922
-3.223443
0.586081
1.465201
2.832723
1.660562
1.367521
-0.586081
-0.195360
-0.781441
-2.637363
0.683761
2.735043
1.465201
-4.786325
-5.763126
-5.177045
-6.349206
-4.102564
-3.223443
-6.349206
-6.153846
-4.981685
-3.321123
-6.446886
-2.148962
-1.074481
-4.004884
-1.562882
-2.148962
2.832723
-0.195360
3.125763
4.200244
2.637363
1.172161
2.148962
3.907204
3.809524
3.614164
5.567766
5.177045
4.297924
2.442002
2.832723
0.293040
3.321123
3.614164
2.442002
-1.465201
-0.586081
3.028083
0.390720
-0.097680
3.223443
3.125763
-0.586081
-1.562882
3.223443
4.297924
-1.269841
-2.051282
-0.586081
-2.539683
-5.860806
-3.614164
-2.735043
-3.711844
-5.177045
-3.907204
-4.102564
-7.423687
-5.470085
-5.470085
-3.516484
-5.274725
-2.344322
-5.079365
-1.758242
-3.028083
-1.758242
-2.344322
-4.200244
-2.148962
2.637363
0.390720
-1.172161
-0.976801
-3.223443
-5.372405
-4.493284
-6.349206
-3.516484
-2.930403
1.367521
0.097680
1.465201
-2.442002
-4.297924
-2.930403
-2.735043
-7.228327
-4.590965
-7.423687
-3.614164
-4.297924
-5.372405
-7.032967
-6.251526
-8.302808
-8.595849
-9.474969
-7.032967
-6.642247
-2.539683
-2.246642
0.195360
-5.177045
-4.786325
-6.446886
-5.665446
-8.009768
-6.349206
-4.590965
-2.637363
-2.832723
0.195360
3.711844
2.051282
0.879121
4.200244
5.665446
5.665446
4.102564
-2.246642
-2.148962
2.930403
0.195360
0.586081
-1.562882
-0.976801
-2.442002
-1.074481
0.195360
0.097680
-0.293040
5.860806
1.953602
2.442002
1.367521
1.465201
-0.586081
-2.246642
-1.562882
-3.809524
-3.028083
-1.660562
-5.372405
-5.470085
-6.642247
-5.567766
-2.051282
0.488400
1.953602
3.125763
1.562882
1.660562
-0.195360
-1.269841
-2.735043
-8.791209
-8.791209
-5.665446
-5.079365
-4.200244
-3.125763
-0.976801
-1.074481
-0.390720
-1.269841
-2.246642
-4.786325
-2.051282
-2.930403
-3.028083
-5.177045
-3.223443
-3.028083
-4.395604
-5.274725
-2.344322
-5.372405
-6.349206
-4.102564
-4.884005
-3.418803
-2.832723
-1.074481
-1.074481
-6.446886
-5.079365
-7.130647
-4.200244
-6.642247
-5.470085
-3.125763
-3.028083
-3.809524
-2.832723
-2.442002
-2.148962
-4.590965
-4.981685
-2.148962
-1.172161
-8.205128
-5.079365
-2.344322
-3.809524
-6.739927
-0.976801
-3.711844
-4.884005
-4.981685
-2.735043
-2.637363
-5.860806
-7.130647
-2.637363
0.097680
-3.711844
-6.153846
-3.614164
-0.488400
2.637363
-2.539683
-0.097680
3.614164
4.493284
-2.344322
-3.907204
-1.269841
0.488400
-1.367521
-0.586081
0.586081
1.269841
-2.735043
-3.028083
0.000000
-1.953602
-0.781441
-1.855922
-1.172161
0.293040
-0.976801
-0.683761
-2.442002
-4.297924
-9.279609
-6.153846
-4.200244
-5.470085
-5.860806
-3.028083
-6.349206
-4.395604
-5.177045
-1.074481
0.879121
-3.516484
-6.837607
-7.423687
-6.642247
-5.567766
-7.814408
-10.061050
-7.716728
-7.326007
-6.935287
-1.855922
-4.200244
-2.246642
-1.953602
0.097680
-3.028083
-2.832723
-2.539683
-0.683761
-3.907204
-2.735043
-2.246642
-3.125763
-2.539683
-0.097680
-0.781441
2.148962
2.344322
2.148962
-0.879121
-2.246642
-1.269841
-3.125763
-1.562882
-2.930403
-1.660562
-6.739927
-7.228327
-4.004884
-4.688645
-4.297924
-3.907204
-2.930403
-6.446886
-3.223443
-5.567766
-5.372405
-7.032967
-4.493284
-8.009768
-7.326007
-8.888889
-4.981685
-3.809524
-5.763126
-7.228327
-3.125763
-3.809524
-5.274725
-4.102564
0.000000
-0.097680
-2.637363
0.879121
3.614164
0.586081
2.735043
2.539683
3.711844
4.004884
0.488400
-1.953602
3.711844
2.148962
2.051282
-2.051282
1.172161
0.586081
-0.097680
-2.051282
-1.172161
-7.716728
-4.786325
-4.688645
-4.102564
-5.958486
-4.004884
-2.539683
-3.223443
-4.493284
-3.321123
-4.786325
-5.763126
-6.153846
-3.516484
-3.809524
-0.586081
-0.195360
-3.711844
-2.246642
0.097680
-0.097680
0.879121
0.000000
-2.148962
-2.442002
-2.735043
-2.246642
-4.786325
-3.028083
-1.660562
1.465201
1.367521
-1.269841
0.879121
0.879121
1.562882
0.000000
-0.683761
-6.153846
-5.860806
-8.302808
-4.297924
-4.688645
-6.642247
-5.274725
-5.274725
-6.153846
-1.758242
-4.004884
-6.739927
-4.493284
-0.976801
-3.125763
0.195360
-2.442002
-1.172161
-2.246642
-5.079365
-6.446886
-4.981685
-5.372405
-5.372405
-1.953602
0.000000
2.735043
1.660562
3.516484
1.758242
-0.976801
1.367521
0.781441
0.586081
3.614164
2.930403
1.465201
0.683761
1.074481
-0.976801
2.832723
2.442002
1.465201
5.177045
1.758242
2.832723
2.148962
3.223443
4.004884
0.879121
-1.074481
1.074481
-0.586081
-0.976801
-0.097680
-0.097680
-0.390720
2.442002
3.125763
0.976801
-1.172161
3.321123
1.758242
0.879121
0.488400
2.637363
0.586081
3.907204
2.930403
3.809524
2.051282
0.586081
-0.976801
-0.976801
-1.953602
-3.418803
-1.172161
-1.660562
-1.465201
-0.195360
-0.488400
2.637363
4.590965
7.814408
5.763126
1.660562
-1.465201
-1.758242
-1.269841
1.269841
1.660562
3.125763
1.660562
4.493284
1.953602
1.367521
2.344322
5.079365
4.102564
2.442002
4.004884
1.074481
-2.637363
-4.395604
-4.004884
-4.884005
-6.544567
-3.321123
-1.269841
-1.758242
-1.562882
-0.976801
-0.683761
2.246642
0.293040
0.683761
1.074481
1.660562
1.758242
-0.097680
-0.683761
2.637363
0.683761
-2.051282
-0.488400
2.051282
-0.976801
-2.832723
-2.735043
1.172161
3.418803
3.028083
3.028083
0.781441
3.321123
3.223443
1.855922
0.195360
1.074481
4.200244
8.595849
9.279609
4.688645
4.493284
3.418803
3.321123
0.000000
1.855922
0.195360
3.516484
6.349206
9.181929
6.739927
7.130647
8.400488
7.228327
2.051282
3.223443
2.442002
1.269841
1.269841
-1.855922
-0.195360
0.976801
3.321123
3.516484
2.832723
3.418803
3.418803
0.390720
0.781441
2.832723
-0.293040
-0.293040
1.074481
1.855922
1.562882
2.051282
1.074481
3.809524
1.855922
5.079365
4.590965
2.930403
-2.637363
0.879121
-0.781441
-0.293040
0.097680
0.293040
2.344322
-2.344322
-0.976801
0.781441
-1.465201
0.195360
1.855922
1.074481
-0.488400
-0.976801
-0.976801
-1.562882
-4.004884
-3.418803
-4.102564
-6.056166
-4.688645
-1.953602
-2.637363
-3.418803
-5.177045
-3.516484
-3.418803
-4.395604
-5.177045
-5.860806
-6.153846
-3.711844
-5.079365
-6.251526
-3.028083
-0.976801
-2.735043
-2.735043
-2.637363
1.758242
-0.488400
-0.683761
-3.321123
-2.442002
-3.711844
1.465201
-1.562882
-0.390720
-0.293040
0.683761
-1.269841
-0.390720
0.781441
3.809524
4.590965
4.493284
4.688645
6.349206
2.539683
4.493284
1.758242
0.879121
0.293040
1.367521
-1.074481
4.102564
2.051282
2.344322
2.735043
1.269841
-0.488400
3.321123
4.688645
4.981685
5.274725
2.930403
3.321123
2.832723
0.781441
1.074481
1.172161
0.000000
-1.172161
1.465201
0.488400
0.000000
0.293040
3.321123
4.590965
-0.976801
2.051282
6.056166
4.786325
-1.074481
-3.223443
1.562882
0.293040
-0.293040
-2.832723
-0.488400
-1.562882
-4.590965
-8.498168
-8.009768
-7.423687
-6.837607
-2.051282
0.000000
-2.637363
-2.637363
-3.614164
-3.516484
-7.032967
-4.981685
-4.395604
-4.200244
-2.246642
-0.781441
-1.660562
-1.855922
-4.395604
-4.395604
-4.688645
-0.586081
-1.758242
0.683761
1.758242
2.539683
-2.148962
-2.637363
-6.153846
-3.711844
-3.516484
0.097680
-2.051282
3.614164
3.418803
3.614164
1.269841
-0.195360
-3.516484
-2.637363
-3.321123
-1.855922
-1.660562
-0.781441
-2.930403
0.586081
-2.735043
-1.074481
0.000000
2.148962
-1.562882
0.781441
1.465201
4.884005
4.200244
5.177045
8.888889
7.521368
1.660562
1.660562
5.274725
3.516484
1.758242
6.544567
9.474969
11.135531
8.888889
3.125763
1.465201
-0.781441
-2.637363
-4.590965
-3.614164
