-0.169475
0.084737
-1.779487
-13.896947
-6.270574
-6.270574
-1.948962
0.932112
-1.694750
-4.067399
-6.270574
-9.405861
-5.677411
-1.271062
-0.762637
-4.321612
-5.253724
-6.440049
-5.168987
-3.813187
-2.542125
-4.406349
-5.762149
-4.321612
-3.982662
-2.033700
3.304762
2.965812
0.254212
-2.033700
-5.507937
-4.830037
-3.474237
-1.948962
-2.203175
-3.050549
0.847375
1.525275
1.186325
-0.254212
-1.016850
2.457387
5.931624
1.186325
-2.372650
-2.118437
-0.593162
-0.169475
0.169475
-0.932112
-0.847375
0.847375
0.423687
-0.508425
0.847375
0.847375
-0.423687
-2.881074
-6.524786
-3.813187
-0.169475
2.033700
0.338950
0.593162
1.610012
0.762637
1.440537
4.152137
2.881074
-1.864225
-1.355800
0.508425
0.593162
0.847375
-0.677900
4.152137
3.728449
1.355800
-2.457387
-3.728449
-2.965812
-3.474237
-4.660562
-4.830037
-2.457387
-3.728449
-7.033211
-4.406349
-4.575824
-3.558974
-1.101587
-0.677900
3.558974
2.372650
1.864225
2.118437
4.321612
3.728449
3.389499
0.508425
4.321612
5.084249
7.117949
6.185836
6.016361
1.864225
3.135287
5.168987
6.778999
4.745299
2.626862
0.338950
3.304762
2.457387
3.728449
1.694750
0.593162
-0.593162
2.287912
-1.525275
-0.423687
-2.203175
-0.169475
0.254212
3.304762
-0.169475
1.525275
-2.033700
4.491087
3.050549
1.948962
0.084737
2.287912
-3.558974
-2.796337
-4.660562
-1.779487
-1.271062
2.203175
-1.525275
-0.847375
-2.457387
-0.338950
-2.203175
0.084737
-0.169475
-0.169475
-4.745299
-1.016850
-3.728449
1.186325
-1.779487
0.423687
1.016850
3.558974
-2.118437
0.084737
-4.491087
-4.321612
-1.186325
4.914774
1.525275
2.965812
0.423687
3.304762
1.694750
2.626862
0.847375
2.372650
1.948962
5.507937
3.643712
4.406349
-0.423687
-2.965812
-7.033211
-0.508425
-2.796337
0.338950
-4.321612
-3.982662
-10.846398
-5.338462
-2.796337
3.389499
1.186325
6.524786
4.660562
4.236874
1.440537
3.982662
-1.016850
0.084737
-4.406349
-1.440537
0.847375
3.728449
4.745299
3.050549
-1.271062
-1.016850
-3.135287
-0.593162
-3.813187
-4.660562
-5.931624
-0.762637
-2.203175
0.423687
0.000000
3.389499
-2.372650
-1.016850
-0.593162
3.135287
-1.779487
-1.525275
-1.610012
1.948962
-0.593162
1.016850
-0.677900
-0.847375
-3.728449
-2.881074
-1.355800
-5.931624
-0.338950
-2.033700
-4.999512
-4.660562
-6.101099
-7.880586
-8.558486
-1.016850
2.542125
4.745299
2.626862
0.169475
-0.423687
0.169475
1.355800
1.101587
-6.778999
-8.304274
-6.778999
-8.643223
-9.575336
-9.151648
-6.524786
-1.271062
-2.372650
-1.271062
-0.847375
-3.813187
-2.881074
1.864225
2.796337
4.321612
2.457387
3.643712
2.033700
2.711600
3.813187
9.999023
10.592186
7.372161
5.253724
2.118437
-2.965812
-2.203175
-0.932112
2.457387
4.152137
2.203175
2.118437
2.118437
-1.694750
4.830037
4.660562
5.931624
4.067399
2.287912
3.728449
3.474237
3.220024
8.389011
9.575336
9.829548
3.304762
1.186325
-1.864225
-3.220024
-2.711600
-4.152137
-0.847375
2.796337
5.338462
3.220024
-2.372650
-4.152137
-4.067399
-3.220024
1.864225
2.203175
1.610012
2.372650
3.897924
6.185836
6.185836
2.203175
3.558974
1.694750
-0.762637
-1.101587
0.847375
-1.525275
-2.372650
-4.830037
-1.779487
1.440537
3.558974
3.135287
2.372650
0.423687
0.338950
-5.338462
-4.660562
-4.575824
0.169475
3.389499
3.220024
0.084737
-1.779487
-1.779487
-1.271062
-0.847375
3.474237
1.610012
2.033700
-0.254212
1.610012
-2.965812
-1.779487
1.525275
5.592674
7.117949
5.168987
0.000000
-5.592674
-6.440049
-6.270574
-6.609524
-5.423199
-1.610012
1.440537
-2.287912
-0.254212
-3.897924
-2.033700
-4.575824
-6.355311
-6.185836
-0.254212
-0.169475
-1.355800
-3.643712
-6.609524
-6.524786
-4.491087
-2.118437
-2.118437
-3.982662
1.101587
1.948962
2.203175
-3.897924
-4.067399
-4.830037
-0.423687
4.745299
5.846886
0.254212
-2.542125
-5.084249
-1.694750
-7.117949
-5.168987
-4.575824
2.542125
2.542125
4.491087
1.016850
0.169475
-7.033211
-8.050061
-11.354823
-8.727961
-9.151648
-2.203175
-2.881074
-1.016850
-3.643712
0.423687
-0.084737
-1.694750
-9.321123
-8.558486
-8.304274
-4.491087
-3.982662
0.593162
-0.084737
-3.304762
-7.287424
-6.185836
-5.084249
-2.203175
-3.643712
-3.220024
-4.999512
-5.423199
-5.168987
-2.287912
-2.542125
-6.863736
-9.660073
-8.897436
-4.914774
-7.626374
-9.999023
-10.507448
-6.778999
-5.338462
-6.440049
-6.185836
-5.507937
-3.558974
-7.033211
-6.524786
0.000000
0.677900
0.084737
-4.660562
-8.982173
-7.626374
-11.100611
-11.609035
-8.304274
-5.507937
-3.389499
-2.796337
-0.847375
2.372650
-0.593162
-3.728449
-1.355800
-1.610012
3.220024
3.135287
0.338950
-0.084737
4.914774
4.406349
3.558974
1.101587
-1.440537
3.728449
5.931624
3.982662
2.457387
0.677900
-1.186325
-3.389499
-1.525275
1.271062
3.558974
2.626862
3.389499
2.203175
0.677900
1.610012
0.762637
0.338950
2.796337
1.101587
5.084249
5.931624
4.152137
4.321612
4.830037
-0.338950
-1.779487
-4.236874
1.694750
1.101587
2.118437
3.474237
2.033700
-1.864225
-4.999512
-2.711600
-1.694750
-1.016850
2.203175
0.254212
0.338950
-3.389499
-1.101587
-6.355311
-3.389499
-1.186325
2.203175
2.203175
1.948962
0.338950
3.050549
4.491087
8.473748
8.219536
5.423199
0.254212
-1.186325
-2.626862
2.203175
3.050549
2.965812
1.271062
0.084737
-4.321612
-1.271062
0.000000
2.457387
-2.965812
-6.016361
-6.016361
-5.168987
-2.881074
2.965812
3.643712
4.830037
2.711600
1.271062
-2.203175
-0.084737
2.542125
6.185836
5.338462
6.778999
3.558974
4.491087
-0.423687
-0.593162
-0.423687
4.406349
2.796337
2.965812
-4.406349
-3.558974
-0.762637
1.694750
1.779487
2.711600
-1.101587
3.304762
0.508425
1.610012
-2.881074
4.321612
7.541636
12.371673
6.694261
4.575824
2.033700
0.423687
-7.626374
-9.236386
-9.829548
-2.203175
-0.169475
3.304762
4.575824
5.762149
2.033700
-1.610012
-4.914774
-2.711600
-5.168987
-0.932112
-2.711600
3.389499
4.321612
6.355311
1.948962
3.813187
2.203175
2.881074
-0.338950
2.372650
1.440537
5.253724
4.321612
1.271062
1.271062
4.830037
6.185836
5.423199
2.457387
3.220024
-0.593162
2.881074
0.847375
4.491087
2.372650
5.084249
-1.779487
-0.932112
-4.914774
-0.677900
0.677900
1.610012
-0.932112
-1.864225
-2.965812
-7.541636
-4.491087
-0.169475
-4.575824
1.440537
-2.203175
-7.795849
-5.253724
-2.711600
-8.727961
-7.202686
-7.033211
-1.694750
-4.067399
-1.610012
-5.253724
-5.592674
-9.660073
-7.202686
-8.304274
-3.982662
-10.592186
-3.304762
-2.711600
-10.253236
-6.185836
-5.846886
-6.694261
-3.304762
-1.016850
2.457387
1.610012
2.033700
-3.643712
-3.304762
-8.558486
-1.186325
-1.101587
7.033211
6.270574
6.440049
-1.779487
1.440537
-0.338950
4.999512
3.050549
6.609524
1.525275
3.220024
0.847375
3.728449
5.253724
8.812698
2.881074
5.762149
1.610012
3.982662
3.813187
5.253724
2.711600
7.541636
6.948474
4.575824
-1.271062
1.779487
-0.847375
3.050549
3.389499
7.117949
5.423199
4.914774
1.016850
3.050549
-0.932112
3.813187
1.440537
3.304762
2.118437
1.525275
-0.762637
3.050549
-0.084737
2.626862
-2.033700
0.847375
-4.406349
-2.965812
-4.406349
-2.626862
-13.473260
-1.440537
0.084737
2.033700
-3.474237
-1.525275
-4.236874
0.508425
0.847375
4.236874
-2.287912
-1.355800
0.677900
1.864225
-1.186325
2.965812
-2.965812
-1.694750
-2.457387
1.016850
0.423687
7.033211
4.575824
3.643712
-2.033700
-6.863736
-7.711111
-2.626862
-2.542125
-0.677900
-3.220024
-2.711600
-9.151648
-7.965324
-8.643223
-7.795849
-7.880586
-3.389499
-3.050549
-3.050549
-3.728449
-4.067399
-2.965812
-0.423687
-1.355800
-2.881074
-3.897924
-0.169475
2.881074
-1.016850
-5.592674
-5.846886
-6.609524
-3.813187
-0.338950
-0.932112
-0.423687
-0.084737
1.694750
4.575824
3.982662
3.474237
-4.406349
-1.864225
2.457387
6.185836
5.253724
0.254212
-2.626862
-1.101587
0.000000
5.762149
7.541636
5.084249
1.525275
2.881074
0.677900
1.355800
0.254212
1.016850
2.965812
2.711600
2.965812
1.779487
0.000000
-3.982662
-8.304274
-8.558486
-3.643712
1.016850
3.135287
2.033700
1.694750
-2.033700
-3.643712
-3.813187
-1.271062
2.118437
0.932112
-0.423687
-2.203175
-4.999512
-7.626374
-8.304274
-7.711111
-1.610012
1.779487
3.220024
2.965812
0.932112
-3.050549
-5.762149
-10.931136
-13.557998
-7.626374
-3.050549
3.982662
1.271062
1.525275
1.440537
2.626862
-0.423687
-0.593162
-2.711600
-3.050549
-2.372650
-4.406349
-1.525275
1.355800
3.135287
0.677900
2.711600
0.338950
-0.169475
-4.914774
-6.948474
-8.558486
-6.355311
-6.185836
-1.355800
1.525275
3.813187
0.847375
1.864225
-1.440537
0.847375
-2.626862
-4.067399
-4.321612
0.169475
-2.287912
3.982662
3.135287
4.406349
1.440537
1.610012
-3.304762
-0.677900
-9.660073
-3.643712
-4.745299
-1.271062
-0.423687
3.304762
-1.355800
-3.220024
-7.795849
-5.423199
-3.050549
2.457387
1.864225
5.084249
-0.338950
0.847375
-1.779487
6.101099
3.813187
4.152137
0.508425
2.711600
0.084737
1.525275
0.338950
-0.847375
-4.321612
-0.084737
-0.169475
1.864225
3.813187
4.575824
1.525275
2.118437
-0.508425
1.271062
-0.084737
0.762637
-1.016850
1.186325
-3.389499
-4.406349
-7.033211
-8.389011
-7.626374
-4.152137
-4.152137
-0.338950
-0.254212
-0.423687
-2.118437
1.694750
1.271062
3.728449
-1.101587
1.016850
-3.474237
-4.830037
-2.542125
4.236874
3.474237
3.897924
2.542125
1.525275
-1.440537
0.169475
1.101587
2.796337
3.728449
3.220024
-1.779487
-2.372650
-8.643223
-6.524786
-4.152137
-2.965812
-2.965812
4.152137
3.220024
4.745299
-0.169475
-1.016850
-1.440537
0.254212
-2.203175
0.084737
1.016850
11.439560
7.965324
8.558486
5.592674
3.558974
-1.694750
-0.593162
-1.694750
-1.355800
0.000000
3.135287
4.575824
8.389011
7.456899
8.727961
4.321612
3.897924
-1.610012
-0.593162
1.101587
2.796337
3.304762
4.236874
4.575824
6.524786
7.202686
9.490598
4.406349
2.542125
-3.389499
-2.372650
-0.762637
7.372161
11.354823
9.914286
2.711600
5.677411
4.067399
2.965812
-0.932112
2.372650
3.304762
3.558974
2.881074
2.372650
3.728449
4.830037
3.474237
6.778999
5.762149
4.830037
1.525275
-0.254212
-0.423687
0.593162
-1.016850
0.847375
2.796337
4.236874
2.796337
3.728449
-0.677900
-2.287912
-8.389011
-9.321123
-11.778510
-8.727961
-4.406349
-0.762637
-1.779487
-0.932112
-3.728449
-1.186325
1.016850
4.830037
3.897924
6.609524
2.881074
3.050549
-0.847375
3.304762
3.558974
3.982662
2.881074
5.423199
3.050549
1.610012
-0.847375
4.406349
2.033700
5.253724
0.847375
-1.948962
-3.643712
-4.067399
-9.744811
-3.813187
-4.575824
1.271062
-0.847375
2.626862
-2.033700
-2.457387
-6.101099
-6.609524
-9.151648
-4.321612
-4.830037
-0.762637
-1.948962
-0.084737
-1.694750
2.118437
-0.508425
3.304762
-1.186325
-2.881074
-4.152137
0.338950
1.525275
4.999512
5.084249
12.710623
3.897924
3.220024
-8.473748
-1.610012
0.084737
1.948962
-0.254212
2.626862
2.965812
1.694750
-4.321612
-6.948474
-9.744811
-7.456899
-7.795849
-2.965812
-6.778999
-2.118437
-2.881074
-0.423687
0.762637
2.033700
2.118437
2.287912
-2.965812
-0.762637
-2.626862
1.694750
1.271062
2.203175
-3.474237
-1.864225
-5.931624
-2.372650
-3.050549
-1.440537
-6.101099
-4.999512
-1.271062
0.932112
-2.033700
-2.203175
-8.897436
-5.677411
-7.456899
-5.931624
-6.185836
-3.558974
-1.694750
-2.881074
-3.643712
-2.711600
-4.830037
-0.254212
-1.610012
3.304762
-0.338950
0.338950
-3.050549
-3.474237
-5.253724
-3.304762
-4.321612
-1.186325
-6.609524
-7.880586
-7.202686
-5.168987
-5.592674
-1.271062
-3.135287
-3.304762
-2.457387
2.203175
2.965812
2.118437
-1.271062
-1.101587
-1.016850
3.728449
0.254212
1.948962
-0.762637
0.508425
0.338950
1.694750
-3.643712
-4.745299
-8.304274
-7.287424
-4.491087
3.558974
0.169475
-1.864225
-6.778999
-4.830037
-5.507937
-9.914286
-8.558486
-1.355800
-0.169475
5.423199
4.999512
0.169475
-2.796337
-1.525275
-1.694750
0.084737
0.000000
0.169475
-4.491087
-7.456899
-7.033211
0.423687
3.728449
6.863736
5.592674
2.965812
0.169475
3.897924
3.220024
4.152137
5.168987
5.677411
3.135287
-0.762637
-4.575824
-1.525275
-8.134799
-6.863736
-4.067399
3.304762
3.643712
1.525275
-4.406349
-6.778999
-8.897436
-6.778999
-3.389499
0.084737
-1.864225
-3.728449
-5.084249
-6.524786
-6.863736
-6.185836
-6.778999
-4.406349
-3.135287
-6.524786
-4.236874
-1.694750
-1.355800
-10.337973
-1.779487
-3.389499
-2.796337
-4.999512
-0.932112
-1.016850
-0.423687
-1.694750
1.948962
-1.779487
-3.728449
-9.490598
-6.440049
-6.016361
-3.304762
-7.202686
-4.745299
-3.813187
-2.796337
-7.965324
-3.813187
-5.253724
-4.236874
-8.473748
-4.406349
-4.745299
-0.423687
-5.084249
-7.456899
-13.557998
-10.083761
-11.778510
-8.304274
-5.338462
0.084737
-1.779487
0.677900
-1.779487
0.338950
-2.711600
-4.999512
-7.626374
-4.660562
-2.542125
4.321612
1.948962
3.050549
2.372650
5.592674
5.338462
9.236386
6.016361
3.558974
-1.525275
1.101587
-1.864225
3.304762
6.948474
9.066911
3.813187
0.508425
0.677900
1.864225
-0.677900
3.304762
5.168987
0.338950
-1.948962
2.796337
-0.338950
0.508425
-0.932112
0.169475
0.762637
-4.575824
-5.762149
-4.406349
-8.134799
1.355800
-0.847375
-3.220024
-4.406349
-11.185348
-9.151648
-3.982662
-1.779487
-2.711600
-6.524786
-9.575336
-6.101099
0.762637
3.474237
1.694750
0.762637
-3.135287
-4.660562
-6.694261
-5.084249
-2.372650
1.271062
2.203175
4.660562
-0.508425
2.542125
0.423687
0.932112
-0.423687
6.694261
3.728449
4.999512
0.338950
0.423687
-3.474237
-6.016361
-10.507448
-3.050549
-0.508425
8.304274
12.286935
14.320635
2.626862
0.508425
-3.558974
-0.677900
1.694750
4.660562
7.795849
7.880586
2.881074
2.965812
1.694750
7.372161
4.745299
0.677900
4.575824
6.355311
-0.762637
-2.457387
-0.847375
5.423199
7.287424
8.982173
1.694750
-0.423687
-1.694750
-1.610012
-1.355800
-0.084737
2.372650
3.813187
3.558974
4.236874
1.610012
-0.677900
1.271062
1.355800
-0.593162
3.474237
4.575824
3.728449
5.253724
8.558486
8.304274
7.541636
6.440049
4.999512
0.762637
-0.677900
-5.253724
-3.982662
-3.728449
-1.186325
-1.355800
0.508425
-2.372650
-6.185836
-10.761661
-6.016361
-1.016850
0.677900
1.525275
0.932112
-4.406349
-5.846886
-4.236874
-1.355800
2.118437
3.135287
1.864225
-2.796337
-3.050549
-7.202686
-8.050061
-5.168987
1.355800
1.355800
-0.338950
-1.271062
1.186325
1.271062
5.338462
0.508425
-0.677900
-3.897924
2.118437
-2.033700
1.355800
2.287912
4.745299
3.050549
4.575824
1.440537
3.050549
-2.118437
-1.440537
-4.745299
-3.982662
-3.982662
0.508425
2.542125
6.524786
2.711600
-0.932112
-1.101587
1.610012
-0.593162
-0.593162
-0.762637
0.084737
-1.525275
3.304762
0.084737
-1.355800
0.338950
8.897436
8.304274
3.897924
3.135287
5.168987
6.524786
4.406349
6.270574
4.491087
2.965812
0.084737
0.508425
-0.084737
1.525275
-1.186325
2.626862
1.101587
2.796337
2.287912
5.168987
5.423199
8.643223
4.321612
3.220024
-2.118437
-4.999512
-5.762149
1.779487
4.575824
7.456899
2.626862
-1.016850
-12.286935
-3.643712
-6.440049
-1.440537
1.016850
4.491087
2.457387
3.135287
1.610012
1.779487
-0.593162
0.338950
-2.457387
0.762637
0.508425
9.660073
4.914774
3.135287
-0.084737
0.338950
-2.965812
-2.287912
-3.304762
-0.847375
-2.542125
1.101587
-0.677900
0.762637
-1.271062
1.355800
-0.254212
1.948962
-0.423687
0.338950
-2.965812
-1.864225
0.169475
5.168987
2.542125
2.118437
-0.508425
0.508425
0.677900
2.711600
0.677900
3.220024
2.118437
0.847375
-2.457387
0.762637
-2.372650
-1.610012
-0.593162
1.694750
1.948962
3.897924
8.558486
6.694261
4.321612
2.372650
-6.609524
-6.016361
-4.067399
1.948962
2.287912
1.440537
-1.779487
-1.948962
-3.982662
-0.593162
-3.558974
-3.050549
-6.270574
-0.762637
-2.965812
-1.694750
-1.948962
-0.508425
-7.541636
-6.440049
-5.846886
-3.220024
-2.542125
-1.694750
-2.542125
-1.186325
-3.474237
-1.440537
-4.067399
2.033700
6.185836
10.337973
9.151648
8.812698
3.643712
4.660562
0.084737
5.338462
4.236874
7.033211
5.931624
10.846398
8.219536
5.931624
-1.694750
-0.677900
-2.457387
0.254212
-3.050549
0.508425
0.847375
3.389499
2.711600
5.677411
4.491087
3.643712
3.304762
1.101587
0.932112
-1.186325
-2.881074
-2.542125
-3.050549
-2.118437
-0.762637
1.440537
2.881074
1.864225
-1.864225
-2.711600
-3.643712
-4.406349
-3.050549
-3.135287
0.169475
1.440537
4.914774
5.253724
4.406349
2.626862
1.779487
3.813187
5.677411
1.694750
1.779487
-2.118437
-1.694750
-2.881074
1.016850
-2.711600
-3.050549
-1.948962
0.169475
-4.236874
-1.271062
-2.965812
1.101587
-0.254212
-0.423687
-2.711600
1.610012
-1.016850
0.423687
-3.982662
-4.491087
-6.778999
-4.660562
-6.948474
-2.372650
-2.796337
1.186325
0.677900
2.372650
0.762637
-2.542125
-4.236874
-0.084737
2.626862
4.236874
0.932112
-1.694750
-4.745299
1.525275
4.660562
6.524786
1.101587
4.999512
2.033700
3.474237
1.525275
4.830037
2.711600
5.507937
0.084737
1.355800
1.525275
3.813187
3.135287
3.558974
-0.762637
-1.101587
-4.830037
0.169475
0.423687
0.677900
-2.626862
-0.338950
-1.525275
-2.796337
-8.389011
-6.016361
-10.083761
-12.880098
-9.490598
-3.389499
-2.881074
-1.610012
-6.185836
-3.220024
-7.626374
-3.643712
-6.185836
-3.050549
-4.236874
1.610012
-1.694750
-1.186325
-6.948474
-5.253724
-6.778999
-2.965812
-6.524786
-6.016361
-11.100611
-5.084249
-3.813187
0.423687
-0.762637
-2.796337
-7.626374
-5.338462
-3.389499
0.169475
-1.948962
-2.372650
-0.423687
4.575824
3.220024
6.185836
-1.948962
-0.593162
-3.982662
-1.948962
-6.863736
-6.948474
-7.541636
0.593162
1.694750
3.558974
0.338950
-0.847375
-2.203175
-2.372650
-7.202686
-5.168987
-6.440049
-3.050549
-6.016361
-4.406349
-7.117949
-6.948474
-4.152137
2.711600
9.321123
12.371673
2.881074
-2.118437
-4.406349
-1.694750
-2.372650
-1.101587
-2.881074
3.389499
3.643712
5.592674
2.372650
3.304762
4.067399
2.457387
-4.491087
-4.152137
-7.033211
-4.830037
-1.016850
3.813187
3.558974
4.745299
2.542125
2.457387
1.440537
-0.847375
-6.185836
-6.694261
-7.033211
-2.118437
1.440537
3.728449
3.897924
-0.169475
-0.593162
-0.762637
-0.423687
0.084737
-1.864225
-2.626862
-0.762637
1.355800
3.389499
0.423687
1.440537
-0.932112
-1.610012
-2.626862
-0.169475
2.542125
3.050549
3.982662
5.168987
1.440537
-0.338950
-1.779487
1.101587
-2.542125
-3.389499
-3.643712
-2.203175
-0.508425
0.169475
-2.203175
-0.084737
-1.101587
0.847375
-2.287912
-4.067399
-3.728449
-0.169475
2.711600
5.846886
2.203175
1.355800
-2.457387
-4.830037
-7.117949
-6.694261
-5.338462
-8.134799
-4.660562
-1.101587
0.932112
3.050549
0.254212
-2.287912
-10.168498
-9.405861
-7.033211
-1.016850
1.948962
5.338462
2.796337
1.948962
-2.118437
-4.236874
-11.015873
-10.676923
-10.676923
-6.355311
-6.778999
-2.965812
-2.118437
3.728449
0.677900
3.050549
0.423687
2.626862
1.948962
0.338950
-2.796337
-0.847375
0.338950
4.830037
5.762149
6.440049
0.593162
0.508425
-1.948962
-0.593162
0.677900
6.948474
6.524786
6.016361
5.084249
9.829548
4.152137
5.592674
2.542125
1.525275
-3.982662
-4.152137
-6.185836
-1.694750
-0.762637
0.677900
-1.355800
-1.016850
-2.626862
-3.135287
-6.016361
-3.897924
-1.186325
4.152137
3.982662
6.016361
5.931624
5.507937
5.423199
3.643712
3.813187
1.948962
1.948962
1.440537
3.982662
0.762637
0.762637
-0.932112
-1.355800
-1.355800
-1.864225
-1.186325
-1.101587
-1.694750
1.016850
-0.932112
-1.948962
-2.626862
3.220024
-1.694750
-1.016850
-2.796337
0.932112
-0.423687
4.575824
0.847375
-0.932112
-2.796337
1.016850
-2.881074
-0.932112
-6.609524
-0.254212
-2.881074
-1.864225
-4.999512
-1.694750
-1.525275
0.932112
1.186325
5.084249
2.542125
1.948962
-2.118437
-3.304762
-7.033211
-5.338462
-5.931624
0.084737
-3.558974
-2.965812
-2.457387
2.796337
4.152137
5.507937
3.050549
2.203175
4.321612
4.491087
2.372650
4.660562
0.169475
-2.542125
-1.101587
1.271062
-0.254212
1.101587
0.593162
1.948962
4.575824
4.491087
3.304762
1.101587
