8.851770
9.621490
11.160928
8.563126
7.504762
6.350183
7.793407
7.216117
6.253968
5.195604
3.559951
0.384860
1.539438
2.405372
0.481074
1.058364
1.058364
0.481074
2.309158
4.810745
8.274481
7.793407
5.388034
0.384860
-1.347009
2.116728
1.539438
1.539438
1.250794
0.000000
1.635653
2.309158
4.329670
5.869109
6.253968
5.965324
6.350183
3.367521
0.384860
-0.288645
-0.962149
-1.250794
-1.443223
2.405372
2.886447
4.906960
1.635653
-1.828083
-4.233455
-3.752381
-1.347009
0.481074
1.058364
0.769719
0.962149
2.309158
1.250794
0.096215
-0.673504
-1.058364
-0.962149
-1.635653
-1.635653
1.539438
2.212943
2.212943
-0.769719
-0.577289
-1.635653
-1.154579
-2.982662
-1.250794
1.154579
0.000000
-1.924298
-1.731868
-1.731868
-3.752381
-6.542613
-3.559951
0.384860
3.656166
5.099389
5.676679
6.157753
6.638828
7.697192
5.772894
4.041026
5.195604
5.580464
4.041026
5.388034
3.752381
-0.673504
-2.212943
-4.906960
-1.924298
2.694017
2.501587
-0.288645
-1.058364
2.212943
1.250794
-2.790232
-3.367521
-2.982662
-3.078877
-1.539438
-1.828083
-2.212943
-3.752381
-2.309158
-3.463736
-2.790232
-4.137241
-4.425885
-3.848596
-1.058364
-2.020513
-2.982662
-4.041026
-5.388034
-5.003175
-3.367521
-4.425885
-6.253968
-7.023687
-5.676679
-3.848596
-5.388034
-6.542613
-4.522100
-6.735043
-4.810745
-3.944811
-6.061538
-10.776068
-8.274481
-7.408547
-8.274481
-8.755556
-10.294994
-8.466911
-8.563126
-3.848596
-3.271306
-3.463736
-5.003175
-10.294994
-12.989011
-9.910134
-7.793407
-2.405372
-1.924298
-3.559951
-6.638828
-10.776068
-9.621490
-5.003175
-2.694017
-3.944811
-4.329670
-7.504762
-11.642002
-13.085226
-10.198779
-5.676679
-1.539438
-2.405372
-1.250794
-2.597802
0.673504
1.828083
1.635653
1.828083
2.309158
1.731868
-0.384860
-0.769719
-2.501587
3.752381
5.195604
4.618315
2.309158
1.828083
-0.384860
2.501587
2.020513
1.539438
0.481074
3.752381
3.944811
5.291819
3.175092
-2.309158
-1.731868
-1.347009
1.250794
3.078877
4.714530
1.250794
-2.020513
-2.501587
-2.212943
-2.116728
-0.096215
-0.288645
-0.384860
-2.501587
-0.865934
-2.501587
-3.944811
-4.425885
-7.697192
-6.061538
-5.388034
-5.965324
-4.137241
-1.924298
-3.559951
-5.291819
-6.927473
-8.082051
-6.253968
-4.810745
-3.271306
-2.212943
-3.078877
-1.828083
-3.271306
0.481074
-0.481074
-0.769719
-4.714530
-4.233455
-0.962149
1.250794
6.350183
5.676679
1.347009
0.000000
-1.539438
-2.309158
-3.848596
-3.463736
1.635653
2.212943
-0.962149
-3.367521
-3.559951
3.271306
6.253968
3.656166
2.694017
2.309158
3.463736
5.291819
7.697192
5.772894
0.769719
-1.347009
1.828083
2.212943
3.559951
4.714530
4.041026
0.865934
-0.096215
4.425885
8.659341
7.697192
5.965324
5.388034
4.714530
5.388034
5.195604
5.965324
6.638828
5.676679
-6.638828
6.831258
10.776068
12.315507
12.123077
9.332845
7.408547
6.638828
3.367521
5.291819
4.618315
5.003175
5.676679
4.041026
4.233455
5.388034
6.735043
10.198779
7.216117
4.522100
3.656166
5.869109
8.178266
9.813919
4.810745
-0.481074
-5.580464
-3.656166
-1.635653
-2.116728
0.673504
0.096215
0.000000
3.656166
5.580464
6.350183
5.099389
-1.058364
-6.927473
-6.542613
-6.638828
-3.752381
1.924298
4.618315
1.443223
-2.020513
-0.769719
-10.487424
-2.309158
0.481074
-3.944811
-3.463736
-1.635653
-2.982662
-0.865934
-1.250794
1.635653
4.329670
1.635653
1.731868
1.635653
4.425885
6.542613
3.175092
-6.831258
-9.717705
-5.484249
-0.577289
3.559951
1.635653
0.865934
3.367521
2.597802
3.175092
2.694017
1.058364
-1.731868
-2.982662
-2.116728
0.481074
4.233455
4.906960
2.694017
-0.481074
-1.828083
-2.694017
0.577289
-0.384860
-0.962149
-0.865934
0.481074
1.539438
0.000000
0.000000
0.096215
0.000000
0.962149
-1.058364
-2.982662
0.000000
-1.443223
-3.078877
-3.944811
-2.020513
-3.559951
-1.731868
-5.580464
-6.350183
-3.944811
1.635653
5.965324
8.659341
3.944811
-1.058364
-2.886447
-3.078877
-3.656166
-1.924298
-2.116728
-3.656166
-4.425885
-0.096215
3.656166
4.906960
5.869109
5.676679
1.635653
0.192430
-3.367521
-1.635653
-0.962149
0.384860
-2.501587
-3.175092
0.000000
2.886447
-2.694017
-6.157753
-5.195604
-2.405372
-0.288645
-1.154579
-3.848596
-6.446398
-2.886447
-1.924298
-0.962149
-1.539438
-2.309158
-4.329670
-2.790232
1.250794
1.443223
0.673504
-1.058364
-0.577289
-1.250794
-1.731868
-1.154579
1.347009
2.982662
2.405372
0.000000
-0.962149
2.020513
-0.481074
-1.635653
2.212943
1.924298
-0.962149
-3.944811
-4.810745
-5.484249
-5.484249
-7.504762
-9.429060
-6.446398
-12.700366
-3.752381
-0.865934
-2.597802
-1.443223
-3.463736
-6.061538
-5.869109
-2.694017
-1.443223
-3.271306
-3.752381
-2.501587
-1.058364
1.058364
2.212943
-0.192430
-1.539438
-2.020513
-1.443223
-1.250794
0.288645
-2.886447
-4.041026
-6.061538
-4.137241
-1.828083
0.192430
1.250794
0.865934
0.769719
-2.597802
1.058364
2.597802
5.388034
1.058364
-3.078877
-1.539438
-2.790232
-1.924298
3.078877
4.618315
5.003175
5.099389
3.078877
-2.597802
-6.446398
-4.810745
0.769719
6.253968
8.274481
5.676679
1.154579
-1.347009
0.288645
-0.769719
-5.291819
-5.965324
-6.927473
-2.212943
-1.154579
-1.443223
0.577289
2.020513
2.116728
1.347009
-1.443223
-7.504762
-3.175092
-1.250794
2.116728
1.828083
2.982662
-0.288645
0.288645
-0.288645
0.384860
0.769719
2.694017
1.635653
-0.577289
-2.020513
-3.463736
-1.347009
-1.154579
1.635653
-0.865934
-1.828083
-1.828083
-1.635653
-3.848596
-5.484249
-6.927473
-5.388034
-3.559951
-2.309158
-1.443223
-2.405372
-3.463736
-3.752381
-5.003175
-5.003175
-6.927473
-9.044200
-5.965324
-3.463736
1.154579
5.195604
2.212943
-3.463736
-4.137241
-2.020513
-4.810745
-3.463736
0.288645
0.577289
0.673504
4.522100
4.714530
5.676679
4.233455
3.271306
1.828083
0.769719
1.731868
2.501587
4.810745
5.676679
5.965324
1.347009
2.212943
0.577289
3.848596
4.906960
3.175092
1.635653
3.848596
5.388034
4.810745
3.367521
2.212943
0.192430
-2.020513
-0.962149
0.769719
2.116728
1.443223
1.828083
2.501587
-0.288645
0.000000
-0.673504
-2.790232
-1.731868
-9.332845
0.096215
0.962149
3.656166
3.656166
-0.673504
-1.924298
-2.790232
-0.962149
-0.481074
3.078877
2.116728
0.384860
-1.635653
0.096215
-2.020513
-0.384860
-0.096215
1.443223
3.463736
3.463736
3.175092
2.309158
1.154579
-2.694017
-2.212943
-1.347009
-1.154579
0.384860
0.481074
-0.096215
0.769719
-2.116728
-4.041026
-5.772894
-4.522100
-2.694017
-1.828083
-3.367521
-2.116728
-4.810745
-1.539438
1.731868
7.697192
6.638828
4.810745
1.250794
0.192430
1.635653
3.175092
3.463736
2.020513
1.731868
3.463736
6.350183
6.350183
4.329670
1.635653
-0.096215
1.443223
2.309158
3.752381
3.559951
2.501587
0.962149
1.443223
2.309158
5.965324
8.755556
5.291819
0.962149
-0.769719
0.481074
3.848596
3.463736
4.714530
2.694017
0.962149
6.157753
4.906960
5.388034
4.233455
3.367521
2.501587
3.559951
2.982662
2.597802
-4.714530
0.384860
-1.250794
-0.096215
0.384860
0.577289
2.597802
1.250794
3.175092
1.058364
-0.673504
-0.288645
0.481074
-1.539438
-0.769719
0.000000
1.443223
5.099389
4.425885
2.694017
-0.384860
-0.288645
-0.673504
2.405372
4.425885
4.329670
2.212943
2.020513
3.656166
5.965324
4.041026
2.694017
0.288645
-1.635653
-0.288645
1.058364
1.058364
-0.962149
-3.752381
-2.597802
1.058364
1.154579
-0.962149
-2.982662
-1.924298
-0.577289
2.597802
2.597802
2.116728
0.481074
-1.828083
-5.484249
-4.618315
-2.116728
3.175092
2.694017
5.580464
4.137241
1.250794
-3.848596
-3.078877
1.250794
3.559951
4.522100
-1.443223
-4.137241
-3.656166
-1.539438
-0.192430
-0.577289
-3.367521
-4.522100
-4.906960
-7.600977
-7.119902
-0.481074
5.484249
4.810745
-0.481074
-5.484249
-2.501587
0.384860
3.656166
0.962149
-1.443223
-0.192430
0.000000
2.886447
3.463736
1.154579
-1.731868
-0.769719
1.828083
4.137241
5.484249
0.577289
0.481074
0.096215
1.635653
-1.924298
-4.906960
-5.484249
-5.676679
-0.384860
3.175092
5.291819
2.212943
-1.058364
-5.003175
-6.831258
-5.965324
-1.828083
0.673504
3.175092
2.982662
1.828083
1.154579
3.271306
4.618315
3.944811
-1.250794
-5.676679
-6.446398
-4.233455
0.192430
0.673504
5.003175
4.137241
1.443223
4.618315
6.638828
6.446398
0.865934
-3.271306
-4.233455
-2.790232
-1.347009
0.577289
0.865934
0.000000
2.982662
3.367521
-0.288645
-4.425885
-0.769719
3.752381
3.656166
-0.769719
-1.731868
-2.309158
-1.154579
-1.635653
-1.250794
-0.384860
-0.577289
2.982662
3.944811
10.487424
8.851770
4.810745
0.577289
-2.597802
-1.347009
-3.367521
-4.810745
-5.772894
-7.312332
-5.003175
-1.347009
4.522100
4.233455
5.772894
3.752381
2.694017
0.865934
-0.384860
-2.020513
-1.828083
0.000000
4.906960
4.618315
4.522100
3.463736
2.212943
5.580464
5.099389
3.463736
5.099389
4.329670
4.522100
4.425885
5.772894
9.044200
7.697192
6.253968
3.559951
2.790232
4.233455
3.752381
1.347009
0.865934
-3.271306
-3.752381
-3.271306
0.192430
0.673504
2.694017
4.233455
2.020513
-3.078877
-2.501587
0.769719
2.597802
0.481074
-3.175092
-4.810745
-2.982662
1.058364
7.697192
9.044200
6.735043
0.384860
0.673504
-1.635653
0.096215
1.250794
3.367521
3.656166
4.522100
3.848596
1.058364
0.288645
1.924298
2.116728
0.000000
-1.058364
2.309158
4.329670
2.020513
-0.865934
-2.020513
-5.388034
-5.965324
-3.078877
0.000000
1.828083
5.580464
2.116728
-2.886447
-4.233455
-3.848596
-2.790232
-4.522100
-6.157753
-7.408547
-6.061538
-1.443223
0.192430
-0.673504
-3.463736
-1.154579
2.309158
1.635653
3.271306
-0.769719
-0.769719
-2.501587
-1.250794
-1.250794
-2.790232
-2.116728
0.865934
2.020513
1.731868
0.384860
-1.347009
-0.192430
0.288645
-0.962149
3.559951
1.443223
2.405372
2.020513
4.041026
4.714530
3.848596
2.020513
0.577289
1.443223
0.192430
0.288645
4.618315
5.484249
6.542613
2.116728
-0.769719
1.635653
2.405372
1.828083
2.694017
0.096215
-0.384860
-1.347009
-0.769719
-0.384860
0.962149
1.154579
-2.116728
-6.638828
-2.886447
-2.597802
-2.309158
-4.810745
-4.041026
-4.425885
-5.965324
-1.154579
0.288645
2.405372
0.096215
-2.982662
-4.425885
-5.099389
-6.061538
-4.041026
-3.463736
-2.982662
-2.597802
-2.309158
-1.828083
-1.347009
-2.020513
-1.924298
-5.869109
-4.041026
-5.195604
-6.061538
-5.291819
-1.635653
0.096215
-0.288645
-0.288645
-0.384860
-0.769719
-2.501587
-6.157753
-7.889621
-7.504762
-3.175092
-0.288645
0.865934
0.288645
-1.347009
0.000000
0.769719
-1.924298
-6.253968
-4.425885
-5.003175
-3.752381
-1.058364
1.635653
2.501587
1.347009
-1.443223
-3.752381
-0.673504
2.020513
-1.924298
-0.288645
-0.673504
-0.673504
2.212943
5.580464
3.078877
0.384860
-1.250794
1.635653
1.731868
0.192430
-1.828083
-1.058364
2.212943
5.388034
2.694017
-1.154579
1.347009
3.559951
4.618315
2.886447
0.288645
1.347009
4.618315
6.350183
4.041026
2.501587
1.154579
-0.192430
0.481074
2.790232
0.288645
-1.347009
0.962149
-0.769719
-0.096215
-3.559951
-2.309158
-0.673504
-2.501587
-4.329670
-2.212943
0.096215
2.790232
1.154579
-1.731868
-2.982662
-4.041026
-1.539438
0.962149
1.635653
0.384860
-2.116728
-3.078877
-4.714530
-3.367521
-1.154579
2.501587
1.828083
0.192430
-2.405372
-2.501587
0.769719
1.058364
0.288645
5.388034
0.481074
-3.078877
-4.329670
-1.250794
1.347009
2.309158
2.309158
2.886447
1.443223
-1.828083
-0.865934
-0.481074
-4.714530
-6.638828
-3.848596
-2.405372
-3.752381
0.096215
-2.501587
-2.309158
-3.271306
-1.924298
0.192430
3.656166
2.982662
-0.096215
-3.367521
1.539438
2.694017
1.924298
1.250794
-2.020513
-3.656166
-4.137241
-1.154579
1.635653
5.291819
5.676679
2.020513
-2.597802
-4.810745
-2.597802
-0.481074
1.539438
3.175092
2.694017
0.192430
-0.769719
2.309158
1.058364
1.250794
1.250794
2.020513
1.635653
0.192430
-1.443223
-1.347009
1.250794
4.522100
0.962149
-2.405372
-7.985836
-7.504762
-6.350183
-6.350183
2.597802
2.790232
1.443223
1.347009
1.539438
-1.154579
-3.656166
-1.539438
-1.828083
-3.175092
-0.962149
0.865934
4.522100
5.965324
4.906960
-1.635653
-6.350183
-11.160928
-10.487424
-6.542613
-11.642002
-4.041026
-3.848596
-7.985836
-5.099389
-2.116728
-0.673504
-3.848596
-5.291819
-4.714530
-0.673504
2.982662
5.003175
6.253968
3.944811
1.347009
1.058364
0.192430
-0.192430
-0.865934
0.288645
-2.116728
1.347009
3.271306
2.694017
-1.731868
-5.484249
-5.772894
-4.810745
-5.676679
-5.388034
-1.924298
-2.694017
-1.154579
1.250794
3.848596
3.271306
2.694017
0.384860
-1.250794
-6.446398
-5.580464
-3.463736
0.192430
2.982662
5.003175
1.828083
-3.559951
-4.906960
-4.522100
-2.501587
-0.384860
0.096215
-0.192430
-0.865934
0.000000
0.384860
0.000000
0.288645
1.828083
2.501587
5.099389
7.023687
4.137241
6.253968
5.676679
4.137241
2.886447
2.405372
4.041026
6.831258
8.370696
4.810745
3.752381
2.694017
2.405372
3.848596
1.443223
1.347009
-1.058364
-1.443223
1.828083
2.116728
3.559951
3.944811
2.597802
0.000000
0.288645
-2.597802
-4.522100
-4.618315
-3.175092
0.288645
4.233455
4.810745
6.061538
4.041026
4.714530
2.790232
2.116728
0.192430
0.769719
2.597802
3.271306
4.233455
3.175092
1.731868
4.137241
4.329670
3.175092
-0.288645
0.384860
4.618315
8.659341
7.312332
5.291819
1.731868
2.886447
2.694017
-0.288645
-0.769719
-2.597802
-1.154579
1.924298
1.731868
2.212943
2.982662
2.790232
-0.192430
0.000000
-1.250794
-0.384860
-4.137241
-3.367521
1.347009
4.714530
7.600977
8.466911
3.271306
-1.731868
-4.041026
-5.388034
-2.790232
1.924298
4.714530
5.869109
4.618315
2.405372
-0.673504
-3.656166
-6.542613
-7.312332
-6.253968
-2.982662
1.058364
1.924298
3.463736
5.291819
2.309158
-1.154579
-3.848596
-3.559951
0.962149
4.425885
5.195604
2.309158
0.288645
7.600977
10.968498
10.776068
2.790232
-3.175092
-6.831258
-3.271306
0.384860
4.714530
4.618315
2.212943
0.000000
0.192430
-1.347009
-3.848596
-3.944811
0.673504
2.597802
3.078877
3.367521
3.078877
3.175092
-0.481074
-3.175092
-7.023687
-8.466911
-3.559951
0.673504
1.443223
0.288645
-2.597802
-5.388034
-6.350183
-7.312332
-8.178266
-8.947985
-10.583639
-6.638828
-1.539438
-0.192430
1.924298
2.982662
-0.481074
-0.865934
-5.003175
-6.542613
-5.580464
-4.425885
-2.886447
-1.154579
3.848596
7.119902
6.446398
2.116728
-1.443223
-4.425885
-6.446398
-8.659341
-9.621490
-5.484249
-4.714530
-1.443223
0.192430
-2.116728
-5.484249
-0.865934
-2.309158
-4.714530
-6.542613
-3.848596
-0.288645
-0.577289
-1.731868
-0.481074
-0.384860
0.000000
-1.347009
-2.982662
-1.250794
-1.058364
3.367521
7.408547
5.003175
2.694017
2.212943
1.828083
1.539438
5.772894
3.944811
1.731868
-0.769719
3.656166
9.813919
14.432234
12.604151
10.198779
5.965324
0.673504
1.731868
1.924298
3.559951
-1.250794
-4.041026
1.828083
3.944811
-4.522100
4.425885
1.731868
-3.656166
2.790232
2.886447
2.982662
2.309158
-0.577289
-2.020513
0.865934
2.212943
0.769719
-4.041026
-6.927473
-7.216117
-6.061538
-3.944811
-3.175092
-2.982662
-2.212943
-2.982662
-3.463736
-3.367521
-5.869109
-6.927473
-9.910134
-6.253968
-4.714530
-2.020513
-3.175092
-0.288645
2.790232
0.769719
-1.250794
-5.099389
-3.944811
-0.288645
1.058364
0.384860
-0.962149
-3.944811
-3.463736
-1.828083
-2.405372
-2.405372
-1.731868
-4.618315
-5.291819
-4.233455
-0.769719
-3.656166
-4.425885
-2.982662
-1.154579
0.384860
-1.731868
-3.367521
-5.869109
-4.810745
-7.312332
-5.003175
-4.522100
-5.291819
-3.463736
3.367521
3.848596
2.116728
-0.962149
-2.405372
-3.367521
-5.965324
-5.965324
-3.078877
-1.347009
-3.175092
-2.982662
-1.058364
1.250794
0.384860
-1.250794
-0.962149
-1.154579
2.020513
2.597802
0.673504
2.020513
2.212943
0.769719
3.367521
3.175092
4.233455
2.790232
0.384860
-0.577289
0.673504
5.291819
4.810745
2.309158
3.078877
3.367521
2.309158
3.848596
2.694017
2.597802
5.003175
3.752381
3.463736
3.848596
2.982662
4.810745
6.350183
4.618315
1.731868
-1.347009
-2.790232
-2.020513
-2.212943
-3.367521
-1.828083
0.000000
2.212943
0.096215
-1.154579
-2.982662
-3.271306
-5.388034
-8.178266
-7.697192
-5.676679
-3.848596
-2.886447
-1.154579
-1.731868
-0.962149
-4.425885
-8.563126
-7.793407
-4.329670
1.443223
5.388034
5.291819
5.291819
1.058364
0.481074
2.212943
3.175092
5.099389
4.041026
1.828083
1.154579
3.271306
2.405372
3.656166
0.481074
-0.096215
-2.212943
-1.539438
-3.752381
-0.673504
2.886447
4.329670
4.233455
4.233455
3.656166
-0.384860
-5.291819
-6.927473
-4.041026
-0.096215
1.635653
1.539438
0.096215
-1.154579
-3.078877
-2.212943
-1.443223
-2.886447
-0.673504
2.212943
5.099389
6.735043
5.291819
2.790232
-0.096215
-2.405372
-4.810745
-1.443223
1.250794
1.828083
4.425885
7.023687
7.793407
7.216117
7.985836
4.810745
2.790232
2.405372
-1.539438
-6.542613
-3.559951
0.192430
2.982662
5.772894
7.600977
1.443223
-4.329670
-7.793407
-7.600977
-4.810745
-1.539438
3.752381
5.772894
4.041026
5.099389
1.154579
-0.384860
1.058364
0.000000
-2.020513
-3.271306
-8.370696
-7.600977
-3.078877
1.828083
4.041026
7.793407
7.985836
2.309158
-1.539438
-3.367521
-3.944811
-7.216117
-9.429060
-7.504762
-3.944811
-1.731868
0.384860
1.924298
0.769719
-0.192430
-3.559951
-4.714530
-4.425885
-0.288645
3.559951
3.367521
-0.673504
-1.443223
-2.790232
-0.384860
-0.192430
0.384860
-2.597802
-3.078877
-1.443223
1.539438
1.347009
1.828083
0.865934
4.618315
3.559951
1.154579
-1.539438
-0.769719
-0.192430
2.020513
4.233455
5.388034
1.731868
-1.347009
-2.597802
-0.096215
2.405372
5.388034
2.501587
2.597802
-2.597802
-5.291819
-4.233455
0.192430
2.020513
-0.481074
-1.058364
-2.982662
-1.635653
-3.944811
-1.539438
-0.577289
-1.731868
-3.367521
-2.309158
1.154579
6.350183
9.621490
6.157753
1.443223
0.096215
0.577289
-0.288645
-2.116728
-4.137241
-4.233455
-3.271306
-0.962149
2.020513
1.635653
-2.212943
-0.865934
2.116728
4.233455
2.597802
0.673504
-2.405372
-1.731868
0.962149
-0.865934
-3.271306
-7.023687
-7.312332
-4.233455
0.769719
0.288645
-3.463736
-2.501587
-0.865934
1.154579
3.463736
1.443223
1.828083
2.790232
2.886447
3.175092
0.962149
0.288645
-1.154579
0.673504
1.058364
-0.096215
-4.329670
-5.965324
-2.020513
0.000000
3.367521
5.869109
1.731868
-2.597802
-4.137241
2.309158
2.212943
-2.982662
-2.597802
1.924298
2.020513
4.041026
3.944811
2.116728
-1.154579
-2.790232
-2.501587
-0.769719
-0.962149
-1.924298
-1.731868
-5.003175
-3.559951
-1.635653
1.731868
1.924298
4.329670
5.003175
2.597802
1.635653
1.443223
-0.384860
0.000000
-1.731868
-3.656166
-2.309158
1.443223
4.810745
5.484249
5.195604
3.078877
1.058364
-1.250794
-3.848596
-3.367521
-1.635653
2.501587
6.061538
6.638828
5.291819
5.291819
0.865934
-2.212943
-1.154579
0.769719
2.020513
4.618315
5.965324
3.271306
-0.865934
-0.384860
-0.192430
-2.982662
-0.673504
2.597802
4.233455
4.041026
3.367521
3.175092
2.309158
-0.096215
-1.828083
-2.309158
-3.848596
-0.962149
1.250794
3.559951
3.078877
2.694017
1.347009
0.577289
-0.384860
0.000000
-1.539438
-3.078877
-2.694017
-2.020513
1.347009
3.752381
1.924298
0.865934
-1.250794
-3.367521
-4.233455
-2.116728
2.212943
2.405372
7.600977
7.793407
7.312332
6.638828
0.865934
-0.577289
-2.501587
0.192430
2.212943
2.212943
5.003175
3.752381
0.384860
-1.828083
-2.790232
-6.927473
-9.140415
-3.463736
1.154579
4.714530
4.137241
0.769719
-0.192430
0.384860
-0.577289
-2.982662
-1.635653
1.924298
3.463736
4.041026
4.233455
3.175092
3.367521
3.559951
3.944811
3.656166
0.384860
-3.944811
-4.329670
-1.250794
1.058364
3.752381
7.600977
8.947985
5.195604
0.769719
3.175092
5.003175
2.501587
0.000000
0.577289
2.886447
7.504762
13.951160
16.356532
11.738217
4.233455
0.769719
1.539438
2.501587
5.869109
2.501587
1.347009
2.790232
4.329670
7.023687
7.312332
-0.096215
-0.192430
-3.271306
