5.498168
0.385836
2.507937
3.568987
2.218559
2.315018
3.472527
-0.964591
-0.675214
0.385836
0.385836
0.096459
-0.192918
2.218559
2.604396
3.761905
1.446886
3.472527
0.675214
-2.218559
-2.893773
-1.543346
-2.411477
-2.411477
-0.289377
0.192918
-1.061050
0.289377
-1.832723
-0.868132
0.192918
-1.639805
-0.578755
-0.385836
-2.122100
-2.507937
-1.061050
0.385836
2.604396
2.507937
2.507937
3.279609
2.122100
-2.025641
-1.157509
1.061050
-0.578755
-1.736264
-0.964591
-0.675214
-2.122100
-0.578755
0.578755
3.183150
-0.289377
-0.964591
0.385836
-0.964591
1.446886
0.096459
-0.675214
0.096459
-0.578755
-3.183150
-3.376068
-2.218559
-1.929182
-1.832723
-1.832723
-2.604396
-0.192918
-0.482295
2.411477
6.752137
9.067155
8.488400
9.067155
7.716728
3.086691
0.675214
-0.771673
-4.340659
-6.559219
-4.822955
-3.568987
-1.157509
-4.051282
-1.929182
1.157509
0.868132
5.787546
4.919414
3.376068
3.665446
2.893773
2.315018
1.832723
3.761905
5.112332
1.736264
2.893773
2.700855
4.630037
2.315018
2.025641
3.086691
2.604396
0.192918
1.929182
2.122100
1.736264
3.086691
4.726496
3.086691
-0.096459
-1.157509
-1.061050
-1.061050
-0.771673
-0.868132
1.157509
3.086691
4.147741
3.858364
5.015873
2.700855
0.000000
0.578755
0.192918
-0.192918
-0.096459
-2.315018
-2.990232
-1.736264
0.964591
-0.868132
0.385836
-0.385836
-0.578755
-0.385836
0.771673
3.279609
3.954823
2.604396
5.015873
5.498168
6.269841
3.858364
4.630037
3.858364
4.630037
1.350427
2.218559
0.385836
-1.832723
-3.954823
-6.848596
-4.051282
-3.858364
-5.305250
-1.736264
-2.893773
-1.253968
-0.289377
-2.315018
-1.446886
-0.192918
-0.771673
-0.675214
-1.061050
0.675214
-0.771673
-1.253968
0.771673
2.797314
-1.253968
0.964591
2.604396
4.437118
2.700855
1.157509
2.025641
2.990232
3.472527
5.594628
8.295482
10.514042
6.366300
7.523810
10.224664
5.980464
2.411477
1.639805
2.315018
1.061050
2.507937
4.533578
4.051282
4.919414
4.051282
3.761905
2.218559
3.086691
3.183150
4.822955
5.401709
4.919414
4.244200
3.472527
0.964591
0.868132
1.061050
3.376068
3.858364
3.954823
4.437118
2.122100
2.990232
1.929182
3.279609
5.884005
3.472527
1.543346
-0.289377
-0.482295
-3.279609
-5.208791
-3.086691
-3.761905
-5.980464
-4.822955
-5.691087
-7.716728
-9.163614
-8.391941
-6.655678
-7.330891
-6.752137
-6.076923
-4.244200
-2.507937
-3.086691
-0.482295
2.507937
2.604396
0.771673
-0.385836
-2.315018
-0.771673
-1.639805
-0.964591
-2.122100
-1.832723
-1.061050
-3.183150
-4.533578
-6.076923
-9.645910
-11.575092
-8.488400
-6.173382
-8.295482
-9.260073
-9.356532
-8.681319
-9.549451
-10.031746
-8.391941
-4.244200
-6.945055
-3.568987
-4.822955
-4.533578
-6.945055
-4.051282
-1.929182
0.385836
1.446886
3.665446
7.330891
9.356532
8.006105
6.945055
5.208791
2.990232
0.675214
0.289377
-1.253968
-0.964591
-0.096459
-2.122100
-1.639805
0.771673
1.639805
4.630037
4.630037
3.665446
4.244200
2.507937
3.761905
4.340659
2.990232
4.630037
3.761905
4.244200
7.330891
8.102564
7.909646
7.330891
5.401709
4.340659
5.594628
2.990232
-0.771673
0.385836
-1.929182
-0.675214
-0.192918
1.736264
2.507937
3.858364
5.691087
5.015873
3.761905
4.437118
5.208791
4.822955
5.980464
4.630037
0.675214
5.691087
5.498168
-0.289377
0.385836
2.990232
4.919414
4.919414
4.822955
3.472527
5.787546
1.929182
0.771673
0.385836
-2.700855
-3.376068
-4.051282
-2.797314
-2.315018
0.385836
1.350427
1.832723
4.533578
2.700855
1.350427
-0.578755
-1.061050
-0.771673
-0.482295
-3.279609
-5.305250
-2.893773
-2.893773
-1.543346
0.000000
2.700855
3.858364
5.980464
4.051282
4.630037
6.655678
6.655678
7.523810
6.366300
8.199023
6.945055
8.102564
4.533578
3.086691
1.543346
-0.192918
0.385836
-2.797314
-2.604396
-1.832723
-1.350427
0.096459
2.700855
3.279609
3.086691
3.954823
2.990232
4.437118
2.315018
0.771673
-2.025641
1.639805
1.929182
3.279609
3.472527
3.761905
2.700855
0.868132
-0.964591
-0.578755
-0.192918
-0.385836
1.832723
2.797314
2.893773
2.218559
3.761905
1.832723
1.157509
-2.025641
-2.218559
-1.543346
0.096459
0.964591
2.797314
5.787546
4.726496
8.006105
6.462759
8.584860
5.980464
5.112332
3.858364
2.025641
0.385836
0.385836
-0.096459
-0.675214
-3.858364
-2.990232
-4.051282
-5.691087
-3.954823
-1.350427
-1.543346
1.157509
1.446886
1.446886
-1.639805
-1.832723
-2.700855
-5.401709
-5.787546
-5.980464
-5.498168
-7.523810
-3.761905
-6.559219
-7.620269
-7.137973
-4.822955
-5.208791
-6.655678
-7.041514
-3.183150
-2.604396
-1.061050
-2.122100
-0.096459
2.893773
2.218559
2.315018
-0.385836
-1.350427
-3.376068
0.192918
2.025641
4.147741
6.945055
7.523810
6.848596
6.945055
2.797314
4.147741
2.700855
2.700855
6.559219
8.584860
7.620269
6.366300
6.269841
4.919414
3.279609
1.157509
2.122100
2.315018
2.218559
2.315018
5.498168
5.401709
4.051282
2.507937
4.244200
3.665446
4.051282
4.822955
8.295482
8.777778
7.716728
9.645910
8.295482
5.015873
4.051282
4.147741
3.183150
1.929182
4.147741
4.437118
5.980464
5.980464
7.427350
7.234432
4.919414
4.533578
3.858364
4.822955
3.665446
3.665446
2.990232
2.990232
5.401709
5.112332
6.752137
8.391941
6.752137
5.787546
3.183150
3.761905
1.543346
2.218559
5.884005
7.813187
6.366300
6.655678
5.208791
5.015873
6.655678
3.761905
2.893773
-0.385836
-1.446886
-0.868132
1.929182
2.122100
4.533578
7.427350
8.584860
6.173382
6.462759
6.269841
5.787546
2.507937
2.218559
-0.096459
2.025641
5.498168
6.076923
4.630037
3.761905
-1.639805
-5.980464
-8.199023
-4.919414
-4.822955
-1.446886
-2.797314
-1.543346
-1.736264
-0.385836
-0.482295
1.446886
0.868132
1.736264
0.192918
1.736264
0.868132
0.385836
2.122100
6.848596
7.716728
8.584860
9.260073
10.803419
8.681319
8.584860
5.787546
4.919414
1.446886
5.015873
3.472527
1.543346
-0.096459
-0.289377
-2.893773
-2.315018
-1.061050
-1.446886
0.385836
-3.086691
-1.253968
-1.061050
-3.086691
-3.086691
-5.112332
-4.822955
-6.173382
-5.787546
-3.858364
0.385836
0.385836
-0.096459
-0.192918
1.350427
1.929182
2.315018
0.192918
1.446886
1.736264
1.446886
-2.218559
0.096459
-1.350427
-2.604396
-3.086691
-1.832723
-4.147741
-5.691087
-7.620269
-7.909646
-9.935287
-12.153846
-9.549451
-10.031746
-9.549451
-8.681319
-5.015873
-4.533578
-1.543346
-0.964591
-1.736264
-2.893773
-2.797314
-3.568987
-3.761905
-7.234432
-7.523810
-8.681319
-7.234432
-10.803419
-6.848596
-7.620269
-6.173382
-5.305250
-4.244200
-8.199023
-8.584860
-8.295482
-9.356532
-5.691087
-6.076923
-4.919414
-4.630037
-6.462759
-4.147741
-4.919414
-2.990232
0.385836
-0.192918
0.289377
0.868132
0.385836
1.639805
3.568987
2.604396
1.929182
2.604396
-1.929182
-5.401709
-4.340659
-3.472527
-1.350427
-0.289377
2.893773
5.401709
9.067155
10.224664
7.620269
3.858364
0.868132
-2.700855
-2.604396
-1.350427
0.385836
2.893773
5.305250
5.594628
2.700855
1.543346
2.604396
7.909646
6.848596
7.523810
10.224664
5.401709
0.771673
6.462759
5.691087
-2.218559
-0.482295
3.761905
3.086691
0.578755
0.192918
-0.868132
-3.954823
-3.183150
1.157509
1.061050
-3.472527
-2.893773
0.289377
-0.385836
-2.218559
0.385836
4.051282
1.736264
-1.157509
-5.401709
-4.726496
-3.279609
-0.868132
-3.761905
-4.919414
-2.797314
1.350427
0.868132
-1.350427
2.604396
1.736264
-0.385836
-2.604396
-2.218559
-0.771673
0.771673
-1.543346
0.000000
1.736264
4.822955
4.630037
2.315018
2.218559
-0.289377
-0.192918
2.990232
1.639805
5.208791
5.401709
7.813187
3.568987
-2.990232
-3.761905
1.253968
-0.096459
-4.051282
-6.173382
-1.929182
-2.604396
-4.822955
-6.366300
-2.893773
1.350427
0.578755
1.543346
7.137973
10.514042
8.681319
2.218559
1.639805
-0.289377
2.507937
6.945055
12.539683
11.189255
7.813187
7.620269
12.732601
11.960928
6.945055
0.868132
1.446886
2.700855
2.025641
1.929182
2.122100
7.716728
8.391941
10.899878
10.224664
5.594628
2.122100
1.736264
1.061050
-2.990232
-1.253968
1.543346
5.594628
7.523810
7.813187
8.488400
8.584860
8.006105
2.990232
-0.096459
-3.279609
-5.401709
-5.208791
-0.964591
0.868132
-2.025641
-4.147741
-0.964591
3.858364
2.025641
0.675214
1.253968
3.376068
-2.507937
-5.594628
-2.122100
0.385836
0.964591
-1.832723
3.376068
5.112332
4.533578
3.568987
-0.385836
-5.208791
-7.041514
-6.848596
-7.427350
-8.295482
-7.137973
-5.112332
-1.929182
-0.578755
-1.253968
1.543346
3.665446
-1.446886
-3.279609
-2.507937
-1.446886
-6.655678
-8.874237
-9.163614
-6.173382
-7.137973
-3.376068
-2.218559
1.929182
0.868132
5.015873
4.533578
3.376068
-0.289377
-1.929182
-6.655678
-5.015873
-3.665446
-0.578755
1.446886
1.832723
3.761905
5.305250
5.691087
5.112332
5.787546
5.498168
3.568987
0.000000
-0.385836
-1.350427
-0.964591
-0.964591
1.639805
0.771673
2.315018
2.604396
0.868132
0.096459
0.868132
1.929182
0.289377
0.096459
0.192918
-0.964591
-2.315018
-5.401709
-5.401709
-2.411477
-0.192918
0.385836
-0.192918
2.604396
2.990232
3.858364
7.427350
7.716728
6.752137
5.305250
5.208791
4.726496
0.385836
-1.157509
-1.639805
-3.954823
-3.279609
-4.244200
-2.218559
-1.639805
-2.700855
-1.639805
0.289377
1.253968
-1.929182
-1.736264
-2.025641
-3.472527
-3.761905
-3.665446
-3.376068
-5.884005
-6.269841
-4.244200
-5.787546
-6.559219
-5.112332
1.736264
2.507937
-0.964591
0.289377
1.832723
-2.122100
-2.700855
0.096459
3.472527
1.929182
0.578755
1.350427
4.147741
3.376068
0.771673
-1.543346
-0.385836
-0.771673
-4.533578
-4.340659
-2.315018
0.192918
0.289377
0.385836
0.289377
-1.446886
0.000000
-1.446886
0.868132
0.000000
-0.289377
-2.218559
-0.289377
2.122100
0.675214
1.446886
2.122100
3.761905
4.822955
7.234432
7.620269
7.234432
9.742369
12.443223
14.372405
12.057387
13.890110
8.391941
6.173382
3.954823
3.665446
1.253968
2.218559
3.665446
2.315018
2.315018
0.675214
-1.061050
-1.253968
-2.315018
-0.192918
-1.736264
-0.964591
-0.868132
0.000000
0.385836
0.385836
1.061050
3.086691
4.051282
4.726496
3.472527
2.411477
1.350427
1.543346
1.061050
-0.385836
-2.315018
-1.639805
-1.639805
-2.700855
-4.051282
-6.269841
-3.761905
-1.639805
-2.218559
0.289377
2.411477
1.061050
-0.192918
0.964591
1.350427
-0.289377
0.289377
0.868132
-0.771673
-0.192918
-1.350427
-2.700855
-0.771673
0.771673
0.385836
2.507937
6.076923
7.716728
5.208791
5.787546
8.199023
7.716728
3.376068
0.192918
0.385836
-1.543346
-4.726496
-2.990232
-4.051282
-2.411477
-3.183150
-2.025641
1.061050
0.192918
2.507937
1.929182
3.568987
3.568987
1.350427
2.797314
2.604396
3.761905
2.411477
3.568987
4.919414
5.594628
6.848596
5.401709
4.437118
6.462759
5.305250
5.305250
4.244200
4.630037
6.173382
6.269841
7.041514
5.884005
6.173382
6.655678
5.980464
4.822955
3.472527
2.411477
0.096459
2.990232
4.822955
5.401709
4.244200
2.700855
2.700855
3.568987
2.604396
2.990232
2.893773
0.289377
0.578755
-1.061050
0.000000
1.350427
2.025641
3.568987
1.157509
-1.736264
1.736264
3.086691
4.147741
3.086691
3.086691
2.797314
3.568987
4.051282
0.192918
-1.253968
-1.350427
-3.086691
-4.437118
-3.568987
-3.472527
-2.700855
-5.401709
-4.340659
0.192918
0.385836
1.543346
4.630037
0.771673
0.868132
-0.192918
-1.157509
0.578755
1.929182
1.929182
3.568987
1.543346
-0.096459
0.964591
-1.157509
-1.253968
-2.411477
-3.761905
-2.507937
-3.086691
-3.376068
-5.112332
-3.472527
-0.771673
-3.183150
-2.411477
-2.797314
-5.208791
-6.752137
-6.269841
-4.340659
-2.122100
0.192918
-1.350427
1.446886
-1.832723
-1.736264
-1.061050
-2.604396
2.507937
6.848596
7.330891
10.514042
10.224664
9.163614
7.427350
5.015873
5.112332
3.665446
1.736264
0.192918
1.736264
0.964591
-0.289377
-0.289377
2.411477
-1.157509
-1.639805
-2.893773
-4.726496
-5.208791
-8.199023
-10.514042
-7.909646
-5.980464
-4.822955
-2.893773
-0.096459
0.096459
1.350427
0.096459
-2.411477
-4.340659
-5.980464
-11.478632
-9.067155
-5.208791
-2.122100
-1.639805
-1.061050
0.096459
1.446886
0.964591
0.964591
2.315018
-0.192918
-0.385836
-2.025641
-4.533578
-5.498168
-5.112332
-5.691087
-5.401709
-2.122100
-0.289377
-0.289377
0.385836
0.964591
-0.096459
-1.543346
-1.736264
-3.472527
-3.086691
-1.929182
-0.964591
2.604396
2.700855
3.568987
5.691087
6.752137
4.340659
5.208791
6.076923
4.726496
5.305250
5.401709
4.630037
4.437118
2.507937
-0.482295
-2.700855
-5.401709
-4.533578
-2.025641
-3.183150
-1.253968
-0.964591
-1.350427
-0.868132
1.061050
-0.868132
-1.832723
-1.350427
-2.122100
-1.736264
-2.218559
-3.954823
-3.954823
-3.665446
-3.665446
-1.929182
-2.315018
-3.954823
-1.832723
-1.832723
-1.253968
-0.578755
-0.385836
1.446886
4.340659
4.437118
6.848596
4.340659
2.604396
5.691087
6.462759
4.919414
3.183150
1.832723
0.385836
0.964591
-2.604396
-3.858364
-4.822955
-4.822955
-2.893773
-3.665446
-1.929182
-0.868132
0.964591
2.315018
2.411477
4.244200
4.437118
4.437118
3.472527
4.051282
6.945055
9.549451
5.787546
7.909646
9.645910
7.813187
7.137973
4.051282
1.157509
-1.736264
-5.594628
-8.006105
-10.514042
-8.874237
-7.813187
-6.752137
-7.620269
-6.945055
-4.919414
-1.350427
-3.568987
-1.061050
0.771673
0.096459
-0.482295
-0.964591
-1.832723
-1.350427
-3.086691
-2.507937
0.385836
0.385836
1.446886
1.157509
0.096459
3.665446
4.726496
1.253968
-1.350427
-1.639805
-4.437118
-6.076923
-6.945055
-5.884005
-2.411477
-3.858364
-7.523810
-3.858364
-2.700855
-3.086691
-1.446886
0.000000
0.385836
0.385836
-3.858364
-4.533578
-5.208791
-5.498168
-6.752137
-7.137973
-8.391941
-6.945055
-6.173382
-6.173382
-2.122100
2.604396
4.919414
5.401709
6.559219
6.848596
5.787546
6.173382
5.498168
3.954823
2.411477
2.122100
2.218559
1.639805
1.639805
6.945055
6.366300
4.147741
10.803419
9.935287
7.523810
9.645910
8.681319
3.761905
-1.350427
-1.832723
-0.192918
-1.157509
-6.559219
-7.813187
-8.295482
-7.427350
-7.620269
-3.086691
-2.700855
-0.482295
2.893773
1.736264
2.315018
4.437118
5.980464
4.630037
3.086691
0.771673
-1.350427
-1.157509
1.253968
-1.350427
-4.437118
-2.122100
0.096459
3.086691
4.437118
0.385836
3.472527
7.041514
6.462759
0.964591
-0.964591
-0.096459
1.929182
-1.543346
-4.919414
-5.015873
-2.411477
0.192918
-1.639805
-0.096459
3.086691
6.173382
3.086691
2.315018
1.253968
5.015873
4.051282
-2.604396
-5.691087
-3.472527
1.253968
3.279609
2.218559
-1.350427
-6.945055
-7.234432
-5.691087
-6.945055
-5.594628
-2.990232
0.385836
0.675214
-0.289377
-1.832723
4.437118
9.067155
6.752137
4.726496
3.665446
-0.675214
-1.061050
-5.594628
-5.401709
-2.700855
-0.096459
-0.675214
4.533578
5.980464
4.919414
5.112332
3.568987
2.411477
6.655678
7.041514
6.559219
8.391941
8.199023
1.350427
-0.771673
0.096459
0.868132
0.578755
-1.350427
-1.929182
2.507937
2.122100
3.761905
2.604396
-0.096459
1.350427
0.289377
-2.122100
-0.868132
0.868132
-1.061050
-1.446886
-0.578755
-0.482295
-0.096459
-2.797314
-5.884005
-5.305250
-6.269841
-8.970696
-5.498168
-7.523810
-8.970696
-4.437118
-2.507937
-2.700855
-3.761905
-0.482295
-0.385836
-0.096459
-4.244200
-8.874237
-6.752137
-2.797314
-3.183150
-3.183150
-2.411477
-4.630037
-7.909646
-6.945055
-3.665446
-3.665446
-3.376068
-3.568987
0.096459
4.051282
5.787546
5.594628
7.234432
6.945055
6.173382
0.868132
-3.954823
-6.076923
-4.340659
-5.305250
-5.112332
-0.675214
3.761905
2.990232
2.797314
3.472527
0.385836
-1.350427
-1.446886
-5.401709
-7.620269
-5.401709
-2.893773
-4.051282
-1.253968
0.385836
1.157509
3.665446
2.218559
0.675214
-1.061050
-0.675214
-2.604396
-4.726496
-3.954823
-1.061050
-4.244200
-4.533578
-0.964591
-0.964591
-3.568987
-0.192918
-2.025641
-2.990232
-0.771673
3.279609
4.244200
0.771673
0.868132
4.822955
6.655678
8.681319
8.199023
7.813187
8.199023
4.437118
2.315018
0.964591
1.253968
0.000000
-2.507937
-3.954823
-3.665446
-2.893773
0.675214
3.761905
5.594628
7.620269
8.874237
8.488400
7.427350
5.401709
1.446886
0.964591
-0.482295
-3.183150
-4.147741
-2.411477
-1.929182
1.832723
3.279609
2.990232
7.330891
9.549451
9.935287
10.417582
5.980464
4.244200
0.964591
-0.675214
-1.736264
-2.122100
-3.472527
-0.578755
0.385836
2.507937
1.736264
2.122100
2.411477
2.893773
5.884005
7.137973
4.147741
5.498168
8.006105
4.630037
3.376068
4.340659
2.218559
1.543346
-0.578755
-3.665446
-4.147741
0.868132
0.385836
0.771673
2.507937
3.858364
3.279609
2.507937
-0.096459
-0.192918
-5.884005
-7.041514
-7.234432
-10.803419
-12.346764
-10.224664
-7.813187
-8.006105
-8.102564
-5.884005
2.025641
3.183150
3.665446
2.122100
2.797314
5.015873
7.330891
7.523810
5.594628
4.726496
3.954823
2.604396
0.868132
-1.157509
-1.350427
0.289377
0.675214
4.437118
5.401709
3.376068
3.761905
2.315018
2.507937
4.437118
1.929182
-0.289377
-3.086691
-2.893773
-1.446886
-1.639805
0.192918
-0.578755
-2.893773
1.061050
1.929182
1.543346
0.771673
-0.771673
0.675214
0.868132
-1.736264
-2.700855
-4.437118
-3.858364
-1.736264
-2.604396
-6.076923
-2.700855
-2.700855
-2.604396
-2.025641
-1.543346
-0.868132
1.061050
-0.675214
0.771673
4.726496
5.691087
4.244200
2.797314
0.771673
-0.868132
-2.411477
-4.822955
-4.630037
-4.340659
-7.041514
-4.437118
-2.411477
0.868132
2.700855
6.173382
8.584860
10.128205
7.620269
4.437118
5.305250
4.533578
0.578755
-0.192918
-3.376068
-4.244200
-6.076923
-6.462759
-7.330891
-6.269841
-3.472527
0.385836
1.736264
0.771673
0.771673
0.771673
-4.147741
-4.822955
-3.376068
-2.893773
-2.700855
-4.051282
-6.173382
-6.848596
-4.340659
-2.797314
-2.411477
-5.208791
-7.716728
-6.076923
-4.437118
-3.376068
-0.385836
1.639805
5.884005
6.945055
6.559219
5.594628
5.498168
3.279609
2.122100
0.771673
1.639805
0.385836
-1.832723
-0.675214
0.964591
1.350427
3.086691
6.559219
10.706960
7.523810
4.340659
7.813187
5.112332
-0.675214
-0.675214
1.253968
-1.543346
-1.446886
-3.086691
-4.726496
-2.122100
-1.446886
1.929182
3.376068
3.472527
3.954823
4.244200
2.700855
0.964591
-0.578755
0.385836
2.315018
-3.376068
-4.822955
-1.929182
-3.472527
-3.279609
-2.411477
-2.122100
0.385836
0.096459
0.289377
1.543346
2.700855
1.446886
-1.253968
0.289377
0.964591
-0.868132
-1.832723
-2.025641
-0.964591
-2.893773
-1.736264
1.253968
2.507937
2.315018
2.025641
1.929182
-2.411477
-2.122100
0.289377
1.253968
0.385836
1.543346
2.025641
0.964591
0.000000
1.253968
-0.578755
0.289377
1.639805
1.446886
3.568987
1.639805
-1.736264
-4.147741
-2.507937
-0.868132
1.253968
5.498168
6.752137
6.752137
6.076923
5.305250
4.919414
0.289377
-2.122100
-2.797314
-2.700855
0.675214
6.173382
10.031746
13.504274
13.504274
14.275946
14.275946
12.153846
9.356532
6.173382
4.726496
3.086691
0.289377
1.253968
2.893773
4.051282
7.909646
11.478632
12.346764
11.285714
14.854701
17.073260
13.697192
7.137973
1.736264
-2.797314
-4.147741
-3.086691
-4.726496
-4.147741
-2.122100
-2.025641
0.964591
0.385836
2.315018
4.533578
5.015873
6.848596
5.208791
1.929182
2.700855
0.289377
-4.147741
-8.102564
-5.305250
-4.919414
-7.716728
-2.990232
1.061050
0.192918
0.096459
-0.578755
-0.675214
1.639805
-2.218559
-2.315018
-2.797314
-1.157509
-1.253968
-1.543346
0.385836
1.832723
-2.315018
-4.630037
-6.752137
-8.777778
-9.838828
-8.681319
-5.305250
-1.832723
-3.472527
-2.990232
1.639805
2.218559
0.385836
1.446886
3.086691
7.523810
6.173382
4.726496
3.665446
2.507937
2.025641
2.604396
-2.893773
-5.594628
-5.305250
-1.736264
-3.183150
-3.858364
-0.964591
-0.964591
-2.025641
-2.411477
-3.665446
-1.736264
-2.893773
-1.061050
-1.832723
-2.893773
-0.289377
-0.675214
1.253968
-1.639805
-1.639805
2.990232
6.462759
4.147741
1.061050
3.954823
0.868132
-1.061050
-2.411477
-4.340659
-3.183150
-3.761905
-1.736264
-1.446886
-1.736264
