0.675214
3.376068
2.604396
1.639805
4.340659
1.543346
-1.253968
-0.964591
3.376068
1.157509
0.000000
1.929182
2.122100
2.507937
2.990232
-2.507937
-0.771673
-1.543346
0.000000
2.604396
0.964591
4.147741
0.868132
-1.639805
1.253968
-2.893773
0.675214
-0.289377
-0.675214
1.350427
2.025641
1.446886
4.147741
2.507937
1.061050
-1.736264
-3.761905
3.568987
0.868132
-0.578755
2.893773
-2.700855
-0.482295
-4.340659
0.964591
1.832723
-2.218559
-5.401709
-4.726496
-3.086691
-2.893773
-0.771673
3.183150
1.446886
1.253968
0.385836
-0.964591
0.771673
3.086691
6.848596
4.630037
3.954823
7.909646
5.594628
1.350427
-0.578755
1.446886
1.253968
2.700855
5.112332
1.061050
-0.675214
1.543346
2.218559
3.665446
4.147741
6.076923
1.350427
4.244200
2.122100
5.691087
-0.771673
1.253968
3.954823
3.858364
1.061050
4.051282
5.208791
4.919414
1.061050
4.726496
3.761905
1.157509
2.218559
3.376068
4.822955
3.472527
0.964591
4.437118
-2.122100
0.385836
-3.376068
-0.096459
0.385836
2.122100
4.147741
5.112332
1.736264
2.218559
5.305250
3.279609
1.350427
4.340659
2.218559
0.385836
-0.578755
1.543346
2.315018
4.340659
3.472527
0.192918
2.315018
0.385836
0.385836
0.385836
1.446886
3.376068
0.675214
0.964591
-1.253968
-2.604396
-1.543346
-0.675214
-3.086691
-1.446886
1.061050
-0.192918
-2.315018
0.096459
-4.919414
-7.620269
-5.691087
-2.797314
-3.568987
-2.604396
4.051282
7.330891
6.462759
6.752137
3.858364
0.868132
-1.157509
1.253968
-1.832723
-5.305250
-1.639805
4.533578
3.279609
2.893773
3.858364
2.411477
-2.315018
0.289377
-2.411477
-2.315018
0.868132
4.340659
-1.061050
-1.061050
-1.253968
-1.736264
-4.533578
-5.015873
-1.446886
-5.884005
-1.446886
-0.289377
1.253968
-1.639805
0.675214
1.061050
0.868132
1.253968
2.893773
2.893773
3.279609
2.507937
3.858364
-2.507937
1.253968
2.315018
0.868132
-4.533578
-1.061050
2.507937
0.964591
2.122100
2.893773
2.025641
6.559219
2.507937
4.340659
1.736264
2.604396
2.025641
9.645910
6.655678
4.726496
5.787546
6.076923
5.884005
1.446886
2.411477
0.289377
-3.472527
-3.568987
-1.639805
1.929182
0.192918
1.639805
3.183150
3.858364
-0.192918
4.437118
2.604396
1.061050
-3.858364
-3.568987
-1.543346
-1.543346
-2.700855
0.385836
-2.315018
0.771673
2.122100
0.675214
-2.700855
-0.289377
0.192918
0.192918
-1.253968
0.675214
-0.868132
1.639805
0.964591
0.096459
-2.315018
1.253968
-1.253968
-1.832723
-3.665446
-1.832723
-5.015873
1.543346
3.761905
-0.096459
-2.218559
0.289377
-1.832723
-4.630037
-2.797314
-3.954823
-3.954823
-0.289377
-0.578755
0.385836
0.000000
0.868132
-3.376068
3.472527
0.675214
1.253968
1.543346
0.868132
0.289377
-2.990232
-2.990232
-2.122100
-3.086691
-3.472527
1.253968
0.964591
0.675214
-0.578755
1.543346
1.446886
3.954823
3.568987
4.533578
4.533578
7.137973
2.507937
5.884005
4.051282
1.736264
2.315018
2.893773
3.376068
0.964591
0.675214
0.578755
-1.061050
0.096459
2.700855
-0.289377
0.385836
-0.192918
0.000000
-0.385836
0.578755
-1.929182
-0.771673
-4.147741
-2.507937
-4.147741
-4.919414
-3.665446
-5.112332
-3.472527
-2.411477
-3.086691
-5.980464
-4.919414
-4.726496
-4.533578
-6.173382
-2.700855
-2.122100
-7.716728
-8.006105
-9.549451
-8.295482
-9.742369
-6.462759
-9.163614
-9.838828
-10.128205
-6.848596
-9.935287
-7.620269
-8.488400
-11.671551
-10.224664
-8.199023
-10.224664
-10.706960
-7.330891
-8.970696
-9.935287
-9.163614
-6.076923
-9.260073
-10.899878
-6.269841
-0.964591
-4.340659
-3.665446
-1.446886
-4.726496
-6.173382
-5.401709
-6.366300
-8.874237
-9.163614
-7.041514
-5.787546
-8.681319
-4.919414
-8.681319
-5.691087
-9.645910
-8.006105
-10.514042
-7.137973
-6.173382
-6.655678
-6.752137
-7.330891
-6.076923
-4.726496
-3.761905
-8.199023
-5.208791
-2.893773
-4.822955
-3.761905
-3.086691
-2.797314
-3.183150
-5.884005
-2.893773
-4.244200
-3.183150
-3.568987
-2.604396
3.183150
-1.157509
0.771673
1.639805
2.411477
-1.543346
-1.350427
0.385836
-2.797314
-4.533578
-5.305250
-4.244200
-3.665446
-7.137973
-5.401709
-4.630037
-4.726496
-4.726496
-2.604396
-5.305250
-6.269841
-2.507937
-0.385836
-8.681319
-5.884005
-0.385836
-6.945055
-6.462759
-0.192918
-6.366300
-6.655678
-5.015873
-5.884005
-10.321123
-8.681319
-3.665446
-3.761905
-3.858364
-3.376068
-2.411477
-3.665446
-5.787546
-1.253968
-7.427350
-1.832723
1.736264
2.315018
-3.665446
-0.964591
5.112332
-0.385836
-4.147741
-1.929182
-3.761905
-8.295482
-2.893773
-1.061050
0.385836
-0.964591
3.376068
3.472527
-2.507937
-3.472527
0.578755
-0.385836
-2.797314
1.929182
8.488400
4.919414
-0.289377
2.797314
2.411477
0.385836
-1.543346
1.736264
-3.858364
1.061050
4.051282
3.858364
0.868132
5.498168
0.385836
-1.543346
-3.183150
5.208791
5.401709
0.000000
2.122100
5.691087
0.868132
1.350427
1.157509
-2.025641
0.385836
8.006105
6.462759
8.777778
7.234432
8.006105
-0.868132
2.990232
2.411477
2.411477
1.929182
5.980464
3.954823
6.945055
9.260073
8.874237
2.507937
3.761905
1.253968
3.279609
1.543346
1.061050
1.253968
2.797314
1.832723
-2.122100
1.639805
2.025641
1.253968
1.736264
0.771673
0.964591
0.385836
1.832723
-1.736264
2.315018
2.507937
-1.639805
0.385836
-2.025641
-3.858364
-3.568987
0.771673
-1.832723
-1.832723
0.096459
-2.700855
-1.832723
0.192918
0.964591
1.543346
4.630037
1.446886
1.736264
-1.446886
-3.086691
-1.446886
-0.675214
-0.578755
0.192918
-0.289377
-1.543346
-1.832723
-1.350427
-5.015873
-2.025641
1.543346
-2.025641
-0.964591
0.385836
0.000000
-3.665446
-2.025641
1.736264
-0.192918
-2.411477
-0.096459
-2.700855
-2.411477
0.385836
1.736264
-0.192918
2.411477
2.315018
2.507937
2.122100
-2.025641
-1.736264
-0.964591
1.157509
0.000000
-1.832723
3.665446
5.594628
7.041514
8.970696
9.067155
6.076923
3.568987
4.630037
2.025641
0.675214
-0.578755
2.797314
3.086691
0.675214
-0.578755
-1.446886
0.482295
4.822955
4.244200
5.015873
5.691087
5.401709
5.401709
-0.578755
-1.061050
-1.736264
-4.244200
-6.945055
-4.726496
-3.858364
3.086691
5.980464
5.498168
5.594628
6.848596
4.340659
3.954823
1.832723
2.315018
-2.218559
-1.832723
-2.604396
-2.411477
-3.279609
-3.761905
-0.385836
1.736264
2.700855
2.411477
3.086691
6.076923
4.437118
8.006105
6.269841
3.472527
6.269841
6.848596
2.797314
4.822955
2.025641
2.990232
-1.543346
-0.964591
1.253968
-2.990232
-4.437118
-2.122100
-2.507937
-5.980464
-7.137973
-4.340659
-5.498168
-3.954823
-3.665446
-4.340659
-0.385836
-1.832723
-3.665446
-2.797314
-1.832723
2.218559
-1.253968
-2.218559
-1.832723
1.253968
1.736264
1.061050
-0.385836
2.604396
-1.061050
-5.498168
-1.061050
2.025641
2.025641
0.675214
0.000000
-0.771673
-1.639805
3.279609
4.822955
2.025641
4.051282
0.771673
1.446886
-0.964591
-0.289377
-1.543346
-2.315018
-3.954823
1.543346
3.665446
6.655678
1.543346
4.726496
10.514042
2.315018
2.893773
1.736264
-1.543346
-1.061050
3.568987
5.208791
2.025641
0.289377
6.462759
3.086691
4.630037
5.691087
3.665446
-2.411477
-1.446886
5.787546
8.102564
3.376068
-2.218559
-1.929182
4.533578
-1.736264
-4.147741
-4.822955
-7.620269
-1.350427
1.832723
1.061050
0.192918
-2.025641
-1.061050
2.797314
0.771673
0.868132
-3.954823
-2.507937
1.253968
-2.990232
-0.771673
-2.411477
0.000000
-1.736264
0.771673
0.096459
-1.157509
-4.340659
-0.578755
-3.858364
-5.594628
-5.208791
-5.208791
-5.208791
-6.655678
-4.147741
-3.472527
-3.568987
-1.061050
-3.665446
-5.015873
-2.797314
-2.122100
-5.015873
-8.874237
-6.945055
-5.691087
-10.224664
-10.128205
-5.594628
-4.244200
-9.067155
-8.681319
-9.260073
-10.610501
-9.742369
-5.691087
-2.990232
-1.639805
0.578755
-0.096459
-2.604396
-3.183150
-3.183150
-3.279609
-4.340659
-1.061050
1.350427
3.376068
2.507937
1.446886
-1.446886
-6.366300
2.315018
3.376068
5.305250
7.813187
3.279609
2.218559
0.385836
-0.771673
-3.858364
1.157509
2.411477
6.559219
9.067155
5.691087
2.218559
-6.269841
-8.199023
-0.096459
-1.736264
-5.401709
-0.964591
1.929182
-0.385836
-3.858364
-3.376068
-11.671551
-4.630037
-3.472527
-1.639805
-1.350427
2.797314
5.305250
0.675214
-2.700855
-8.199023
-7.523810
-1.061050
-0.964591
2.025641
-1.253968
3.183150
2.797314
6.945055
3.472527
-0.482295
0.385836
0.192918
1.832723
2.507937
2.122100
8.199023
4.630037
0.385836
0.385836
2.507937
2.025641
1.157509
0.289377
-0.771673
0.000000
-2.218559
-2.604396
-1.929182
-2.990232
3.954823
1.350427
0.385836
1.832723
5.594628
4.726496
1.446886
3.376068
6.462759
2.025641
-2.604396
-1.061050
1.832723
3.568987
1.350427
4.533578
2.893773
3.376068
0.964591
-1.929182
-0.482295
1.639805
3.665446
5.691087
9.356532
9.163614
4.919414
0.771673
-0.192918
-0.771673
0.964591
4.822955
7.909646
5.980464
5.884005
6.076923
4.437118
3.279609
4.533578
5.401709
6.173382
4.822955
8.295482
6.076923
3.376068
6.655678
7.427350
8.584860
6.076923
6.076923
7.716728
8.584860
3.761905
2.411477
10.610501
7.137973
6.269841
4.051282
7.427350
6.752137
3.376068
7.427350
9.645910
4.051282
4.630037
-0.096459
2.218559
3.086691
4.051282
4.051282
5.401709
3.858364
3.183150
4.437118
6.173382
3.665446
4.437118
4.340659
3.376068
0.578755
-2.604396
0.096459
1.929182
2.604396
3.665446
5.787546
5.305250
3.568987
-1.929182
-0.771673
-1.929182
-1.446886
-2.604396
-2.893773
-2.025641
-1.543346
1.446886
-1.736264
1.736264
0.675214
3.665446
2.025641
-1.157509
1.446886
5.787546
2.700855
3.086691
5.015873
6.752137
4.340659
3.183150
3.376068
-1.543346
0.000000
-6.173382
-7.427350
-5.787546
-6.173382
-3.279609
1.929182
5.498168
-3.183150
-4.630037
-2.122100
-3.086691
-4.919414
-2.990232
0.385836
0.000000
-1.543346
-1.446886
-0.868132
-0.964591
0.000000
2.122100
0.192918
-0.482295
1.929182
2.507937
2.990232
6.076923
6.076923
2.990232
1.157509
0.289377
-2.025641
-0.192918
3.086691
1.543346
0.771673
4.340659
-0.675214
-0.675214
-1.543346
-1.157509
-0.964591
3.086691
3.279609
3.954823
-1.736264
-0.096459
-0.578755
0.096459
-1.157509
-3.568987
-1.929182
-1.350427
-0.096459
-0.096459
0.096459
-0.675214
-2.411477
-4.340659
-0.771673
-2.797314
-3.568987
-4.244200
-2.893773
-3.665446
-2.218559
-0.289377
-1.446886
-0.482295
-3.954823
0.385836
-2.990232
-1.929182
-1.446886
-3.665446
-4.630037
-1.446886
-5.208791
-2.025641
1.929182
-2.122100
-1.157509
-0.385836
-0.289377
-3.279609
-0.096459
1.736264
0.000000
-2.218559
-2.122100
-2.411477
-0.675214
-3.279609
-1.543346
-0.964591
-5.498168
-0.964591
-0.675214
1.639805
-1.929182
0.192918
0.000000
2.411477
-2.700855
-0.578755
0.385836
-1.061050
1.350427
4.340659
2.507937
4.340659
7.523810
-0.192918
1.929182
3.086691
4.533578
1.446886
4.147741
6.848596
2.025641
4.726496
4.147741
7.137973
4.533578
6.655678
6.076923
4.822955
4.147741
6.752137
3.472527
3.568987
-2.507937
0.675214
-0.868132
-2.990232
-1.350427
1.446886
0.385836
0.385836
2.990232
6.655678
2.218559
2.218559
4.822955
2.507937
-1.543346
-4.244200
-2.411477
-3.183150
-5.305250
-5.015873
3.183150
1.832723
1.446886
1.929182
0.964591
3.279609
-0.385836
-2.700855
-3.858364
-4.244200
-5.401709
-0.868132
1.350427
2.507937
2.025641
2.604396
2.700855
-5.787546
-6.076923
-3.568987
-1.157509
-2.122100
1.350427
3.086691
1.543346
0.000000
1.446886
-1.543346
-6.366300
-3.665446
-5.691087
-5.691087
-3.376068
-3.954823
-4.051282
1.929182
-1.253968
-3.086691
0.385836
-2.025641
0.289377
0.289377
-2.604396
0.675214
1.639805
2.990232
-2.797314
-0.771673
-0.771673
-4.919414
-4.822955
-6.076923
-2.990232
-2.507937
-4.051282
-5.498168
0.385836
-2.604396
-3.472527
-2.990232
-4.437118
-2.797314
-2.893773
-3.472527
-5.498168
-1.543346
2.990232
-1.639805
0.385836
0.385836
-0.771673
0.000000
4.147741
1.253968
-0.096459
-2.797314
0.385836
-1.639805
-0.868132
-3.472527
-2.122100
-5.208791
-0.482295
-0.482295
0.192918
1.157509
-1.929182
-4.051282
-2.025641
-3.761905
-5.498168
-4.340659
0.675214
0.289377
1.253968
3.954823
1.157509
-0.482295
-2.507937
-3.279609
-1.446886
-4.147741
-3.472527
-2.990232
1.543346
1.253968
0.578755
-0.482295
1.061050
-2.411477
-1.446886
-0.096459
-0.385836
-0.675214
0.000000
-3.279609
-3.761905
-1.446886
1.061050
0.964591
1.350427
4.051282
1.253968
-2.122100
1.832723
4.340659
1.446886
1.253968
3.472527
5.305250
2.797314
2.411477
3.279609
0.385836
4.244200
1.061050
-1.253968
-0.385836
2.797314
1.543346
1.543346
2.797314
0.578755
0.868132
0.192918
-1.253968
0.192918
-0.096459
2.315018
-1.253968
-0.578755
2.990232
1.929182
1.446886
-2.604396
-0.771673
-0.385836
-4.533578
-1.736264
-0.192918
1.350427
5.401709
4.726496
4.919414
4.726496
3.279609
5.208791
4.051282
5.691087
4.051282
6.269841
7.813187
6.752137
6.848596
9.260073
7.041514
8.874237
8.584860
11.382173
10.514042
10.996337
8.006105
6.269841
7.427350
5.401709
4.147741
8.584860
7.330891
9.645910
5.884005
6.366300
4.822955
4.244200
2.315018
0.771673
2.218559
-0.675214
0.385836
-0.868132
3.954823
2.411477
1.350427
3.472527
3.183150
2.990232
0.192918
2.218559
2.990232
2.700855
2.893773
1.929182
2.218559
2.604396
-1.253968
3.665446
2.604396
-0.192918
-1.157509
-1.832723
-0.868132
-1.157509
0.385836
2.604396
-1.253968
-1.736264
-0.771673
-0.096459
1.253968
-6.076923
-2.700855
-0.192918
1.736264
2.604396
0.385836
-0.385836
0.096459
1.736264
-0.964591
-0.868132
-2.315018
-2.604396
-1.446886
2.025641
4.533578
-2.218559
-2.122100
-2.990232
-3.376068
-3.183150
-5.015873
0.000000
-3.086691
-4.822955
-6.173382
-5.401709
-1.929182
-0.578755
-0.675214
-2.025641
-1.350427
-1.929182
-0.192918
0.192918
0.192918
-0.868132
-1.253968
2.604396
1.832723
2.411477
1.253968
-2.025641
-2.797314
-2.411477
-5.208791
-0.578755
-1.157509
0.771673
1.543346
0.964591
1.061050
0.192918
-3.954823
-9.067155
-0.192918
-5.015873
-5.401709
0.385836
-2.797314
-1.061050
0.385836
-3.279609
0.192918
-1.446886
1.446886
0.000000
0.385836
1.253968
0.192918
-3.183150
-5.112332
-3.761905
-4.919414
-6.076923
-3.665446
-5.498168
-4.533578
-10.224664
-7.234432
-4.630037
-8.006105
-6.076923
-8.681319
-8.199023
-5.015873
-5.208791
-5.498168
-4.437118
-3.954823
-5.401709
-4.630037
-5.787546
-4.147741
-4.822955
-0.964591
1.350427
0.192918
0.192918
3.279609
-2.122100
-3.279609
-5.208791
-1.061050
-4.340659
-4.051282
-5.401709
-2.893773
-5.980464
0.578755
2.411477
1.543346
1.736264
-0.675214
0.000000
-1.253968
-1.061050
3.665446
4.630037
4.630037
7.813187
7.137973
5.401709
6.462759
3.665446
3.568987
2.797314
3.665446
1.639805
2.700855
5.015873
1.157509
-0.385836
-0.482295
1.543346
2.893773
4.919414
7.137973
4.919414
6.269841
6.848596
8.874237
9.838828
4.147741
9.742369
10.128205
8.777778
9.645910
6.462759
2.893773
3.183150
3.183150
4.437118
4.437118
4.340659
2.797314
4.533578
4.051282
2.411477
0.771673
5.401709
5.691087
4.147741
4.147741
2.990232
-1.929182
-1.350427
-4.147741
-1.736264
-1.350427
-0.096459
0.000000
-1.061050
-1.253968
-0.771673
1.543346
0.385836
2.411477
1.350427
2.507937
0.578755
-0.578755
-3.472527
-2.025641
-2.604396
-1.157509
0.868132
2.218559
-0.868132
1.736264
0.578755
0.385836
4.051282
2.990232
0.578755
4.919414
1.736264
2.218559
5.787546
4.244200
2.315018
-2.315018
2.990232
5.884005
0.675214
2.604396
2.507937
0.868132
-0.675214
2.411477
3.086691
2.025641
2.218559
4.051282
1.350427
-0.868132
1.253968
-1.253968
0.868132
1.061050
0.385836
3.086691
2.893773
2.604396
0.385836
1.253968
1.543346
-2.797314
-4.340659
-3.086691
-2.411477
-3.472527
-1.736264
-1.639805
-1.446886
0.771673
3.568987
7.523810
2.700855
5.594628
8.584860
7.716728
5.112332
3.086691
10.514042
7.137973
5.305250
10.224664
8.102564
7.234432
6.945055
3.954823
5.015873
1.929182
4.051282
5.208791
4.533578
3.279609
1.350427
0.771673
0.385836
-2.315018
-3.183150
-2.122100
-3.376068
-1.157509
-0.675214
1.736264
3.376068
3.279609
5.787546
8.777778
5.015873
2.122100
-2.411477
1.929182
4.147741
4.244200
4.244200
1.736264
2.411477
2.315018
1.736264
2.122100
1.350427
1.832723
0.385836
1.929182
2.604396
2.411477
-0.192918
1.832723
3.183150
0.675214
2.604396
6.752137
3.086691
3.376068
3.954823
2.797314
-0.964591
1.543346
-1.639805
1.543346
3.568987
1.350427
-1.736264
0.385836
1.639805
-4.244200
0.385836
-2.218559
3.858364
-0.096459
0.096459
3.858364
5.691087
1.157509
2.411477
0.385836
-0.868132
1.929182
-1.157509
0.578755
2.411477
4.051282
2.990232
2.893773
5.015873
0.289377
4.437118
4.919414
3.665446
2.122100
0.675214
1.253968
1.639805
2.507937
4.244200
2.122100
5.401709
3.665446
4.630037
3.568987
0.964591
-0.578755
0.771673
2.797314
2.025641
4.437118
3.761905
5.208791
2.700855
5.787546
5.208791
4.147741
-2.218559
2.604396
0.289377
0.192918
2.893773
2.700855
2.218559
3.761905
3.086691
0.385836
0.675214
1.832723
3.086691
1.157509
2.893773
-0.868132
2.218559
1.350427
0.868132
-0.578755
3.858364
1.543346
1.446886
4.244200
1.253968
3.376068
-2.025641
-5.884005
-5.787546
-2.315018
-1.929182
0.192918
-2.315018
-3.376068
-0.096459
-2.797314
-2.025641
-0.482295
-1.736264
-1.350427
-0.675214
0.675214
-2.604396
-3.472527
-2.604396
-3.279609
0.385836
-5.594628
-1.061050
-1.639805
-2.797314
-3.665446
-10.321123
-7.813187
-2.797314
-0.096459
-0.096459
1.543346
2.507937
0.964591
-0.771673
-7.813187
-14.758242
-12.539683
-3.086691
0.578755
5.691087
4.051282
7.813187
2.315018
-4.822955
-5.980464
-14.372405
-13.311355
-11.092796
-5.112332
1.253968
1.929182
7.234432
3.954823
-1.543346
-6.655678
-8.199023
-12.539683
-11.864469
-6.173382
2.122100
3.954823
2.604396
5.015873
5.787546
3.376068
-3.472527
-12.636142
-12.636142
-11.382173
-3.858364
-0.578755
-0.675214
7.909646
9.645910
9.163614
2.411477
-4.437118
-12.057387
-13.890110
-16.205128
-10.706960
-3.568987
1.639805
5.015873
3.761905
2.122100
-0.385836
-5.691087
-9.742369
-12.539683
-13.407814
-9.549451
1.061050
4.051282
4.822955
5.691087
8.102564
7.909646
-1.736264
-10.128205
-10.996337
-8.006105
-0.964591
1.061050
-0.675214
2.700855
2.122100
1.543346
4.726496
3.761905
-1.061050
-2.700855
-2.797314
-4.822955
-1.543346
-2.700855
0.385836
-0.482295
-1.832723
0.096459
0.868132
0.771673
0.868132
5.691087
4.437118
3.954823
1.736264
-2.604396
-3.279609
-1.446886
-1.350427
-2.411477
-0.578755
-0.192918
-0.868132
0.771673
2.315018
-3.086691
-1.157509
-0.868132
-0.771673
-4.244200
-1.543346
0.771673
2.025641
-0.675214
2.315018
3.376068
0.385836
-0.096459
0.289377
-1.253968
-3.472527
-1.543346
0.000000
0.096459
0.964591
4.147741
3.761905
-0.096459
-1.929182
2.218559
-2.507937
-4.244200
0.385836
1.446886
0.675214
3.858364
5.401709
6.173382
1.736264
3.183150
0.289377
0.192918
0.385836
3.761905
4.244200
7.330891
5.015873
2.025641
-1.157509
2.797314
3.376068
3.086691
1.157509
5.498168
5.691087
5.884005
3.086691
2.700855
0.868132
-2.797314
-0.578755
-2.025641
1.253968
2.218559
2.315018
5.305250
3.858364
5.884005
3.665446
1.929182
3.954823
3.086691
1.639805
-1.736264
-0.482295
2.025641
2.507937
0.675214
5.691087
4.726496
4.919414
1.446886
5.980464
5.208791
1.832723
4.822955
4.822955
3.858364
-1.639805
-5.112332
-0.096459
2.990232
0.000000
2.507937
5.015873
5.112332
2.990232
2.700855
1.543346
0.096459
3.279609
0.578755
0.964591
1.061050
4.244200
5.208791
2.700855
3.472527
-0.578755
-1.639805
-3.183150
-1.253968
-0.675214
0.964591
2.315018
1.736264
5.980464
3.665446
6.559219
-0.192918
1.832723
0.964591
1.832723
1.736264
4.147741
3.761905
5.112332
3.954823
3.858364
2.315018
2.315018
0.964591
2.604396
1.543346
2.411477
4.822955
5.015873
6.848596
6.462759
3.279609
6.366300
