-3.752381
0.096215
-0.288645
-2.309158
-1.924298
-2.982662
-4.906960
1.058364
3.463736
0.673504
0.769719
0.577289
1.347009
3.271306
0.865934
-0.673504
1.347009
2.116728
0.577289
-0.481074
-2.020513
0.000000
1.058364
1.250794
0.769719
1.347009
1.347009
1.828083
2.212943
3.175092
3.656166
2.212943
-1.058364
-2.405372
-4.137241
-2.982662
-1.250794
-1.154579
-0.769719
-0.962149
-0.577289
1.347009
0.577289
0.096215
-3.175092
-2.886447
-0.962149
2.405372
1.635653
1.924298
3.944811
2.694017
2.886447
3.848596
2.405372
1.924298
2.982662
3.944811
1.924298
1.828083
0.096215
1.731868
1.154579
-1.154579
-0.384860
0.769719
5.772894
6.735043
5.869109
4.906960
3.367521
2.212943
1.828083
1.924298
4.714530
5.772894
8.466911
9.332845
6.831258
4.329670
1.347009
1.443223
1.731868
3.463736
5.195604
4.233455
0.288645
-0.192430
-0.481074
0.673504
2.020513
0.673504
-1.058364
-1.539438
1.154579
1.731868
1.058364
0.000000
0.192430
-2.405372
-4.137241
-1.154579
-1.058364
-1.347009
0.962149
2.501587
2.501587
0.962149
-1.347009
-3.848596
-4.329670
-3.944811
-1.731868
-0.384860
-1.154579
-4.906960
-4.425885
-2.694017
-1.347009
-1.924298
-2.212943
-4.810745
-1.058364
-1.347009
-0.865934
-2.597802
-2.790232
0.481074
3.175092
1.828083
1.731868
0.962149
3.559951
3.656166
0.384860
-1.635653
-3.656166
-5.195604
-6.350183
-7.216117
-6.253968
-0.865934
2.212943
0.865934
-0.962149
-5.388034
-4.906960
-3.078877
-1.154579
-1.635653
1.635653
5.965324
8.178266
3.944811
1.347009
2.405372
0.000000
-3.559951
-0.096215
4.810745
6.061538
5.676679
6.831258
3.559951
-0.288645
0.481074
1.731868
0.769719
-1.347009
-0.288645
1.731868
4.329670
6.253968
5.965324
5.388034
3.656166
1.443223
1.731868
-0.673504
0.000000
2.982662
5.869109
6.157753
5.099389
4.425885
2.309158
2.597802
1.539438
2.309158
-0.288645
-0.865934
1.058364
5.676679
3.271306
0.192430
-0.769719
0.769719
-2.020513
-1.828083
-3.463736
-2.694017
-1.250794
-0.673504
-1.058364
0.000000
-3.367521
-3.078877
-1.347009
-2.020513
-2.790232
-2.501587
-2.020513
-1.635653
-1.250794
-2.597802
-5.195604
-7.312332
-7.119902
-5.099389
-3.559951
-4.041026
-3.848596
-4.522100
-2.886447
-0.096215
0.865934
-0.769719
-2.886447
-0.769719
0.577289
-0.096215
-0.769719
-4.041026
-3.944811
-3.559951
-10.006349
-3.175092
-2.694017
-2.694017
-4.618315
-5.291819
-6.735043
-3.367521
-4.618315
-5.580464
-7.504762
-4.714530
-2.116728
-0.192430
1.154579
2.020513
1.154579
0.673504
-1.443223
-4.618315
-4.906960
-3.271306
-2.597802
-2.501587
-0.384860
-4.137241
1.443223
1.154579
-1.347009
-2.212943
-1.635653
-1.635653
-1.250794
-1.250794
-1.443223
-1.635653
-0.865934
-1.635653
-0.096215
1.924298
3.752381
2.790232
1.828083
2.212943
6.542613
4.906960
1.924298
-1.154579
-0.384860
0.769719
2.116728
1.924298
1.828083
2.212943
-1.058364
2.116728
3.078877
5.195604
5.099389
4.714530
2.982662
1.443223
3.367521
1.924298
0.865934
4.041026
2.501587
-0.577289
-1.154579
-0.577289
-0.673504
-2.020513
1.539438
0.865934
-2.116728
-0.865934
0.192430
1.731868
1.539438
-1.154579
-7.697192
-10.006349
-7.119902
-4.810745
-3.271306
-1.539438
-1.828083
-1.635653
1.347009
2.212943
0.096215
-0.192430
-1.058364
-1.731868
0.192430
3.078877
2.116728
0.000000
0.000000
-1.635653
-3.367521
-2.405372
0.288645
-0.288645
-0.384860
-2.790232
-4.137241
1.058364
3.656166
5.388034
4.425885
2.501587
1.250794
0.481074
-0.865934
-3.848596
-3.559951
-0.769719
-0.288645
1.058364
1.539438
1.250794
3.367521
1.828083
1.154579
3.463736
3.559951
1.058364
0.192430
0.577289
-0.481074
-1.154579
0.384860
0.000000
-2.116728
-3.367521
-2.597802
-0.577289
1.828083
5.580464
4.810745
2.501587
1.347009
3.752381
5.965324
5.484249
3.752381
5.099389
5.291819
3.656166
3.367521
2.790232
3.463736
3.559951
2.212943
0.673504
-0.288645
0.769719
2.212943
3.848596
2.405372
1.828083
-0.192430
-0.288645
2.212943
2.694017
5.388034
5.580464
1.154579
-2.212943
-1.731868
-0.769719
3.944811
4.329670
-1.154579
-3.463736
-1.347009
0.577289
1.154579
-0.865934
-1.250794
-2.982662
-2.020513
0.000000
1.539438
2.982662
4.714530
7.023687
5.580464
2.694017
0.865934
2.309158
1.154579
0.288645
1.058364
0.000000
-0.577289
3.271306
5.676679
7.697192
2.694017
-1.347009
-4.714530
-2.886447
-0.384860
2.020513
1.154579
1.347009
-1.250794
0.096215
0.288645
-0.192430
0.096215
-0.673504
-2.212943
-1.443223
-5.003175
-4.906960
-1.635653
-0.769719
1.347009
1.443223
2.501587
-1.443223
0.384860
0.865934
-0.865934
-2.212943
-0.865934
2.405372
3.752381
4.425885
6.061538
6.831258
6.831258
3.271306
-1.443223
-1.250794
1.828083
4.233455
6.927473
4.618315
5.291819
4.233455
5.195604
4.233455
2.501587
1.347009
2.886447
0.769719
0.192430
2.212943
3.752381
0.096215
-1.635653
-1.828083
-1.539438
-0.962149
2.020513
2.309158
3.175092
2.501587
6.157753
3.078877
-0.673504
-2.020513
-2.309158
-4.041026
-0.962149
-0.962149
0.192430
-1.828083
-1.154579
0.000000
0.865934
1.731868
-2.501587
-8.947985
-13.758730
-15.971673
-14.624664
-7.889621
-1.828083
-0.192430
-1.635653
-2.886447
-8.082051
-10.198779
-10.391209
-9.236630
-6.542613
-3.752381
-1.347009
2.309158
2.982662
0.096215
-4.714530
-7.504762
-6.735043
-3.078877
-0.962149
-3.752381
-0.481074
1.539438
1.828083
3.656166
2.694017
1.635653
0.577289
1.347009
0.865934
1.058364
-0.577289
1.443223
0.769719
0.288645
1.058364
-0.577289
-1.828083
-4.137241
-5.099389
-5.003175
-6.350183
-3.463736
0.481074
2.116728
2.694017
0.192430
-0.288645
-0.192430
-1.250794
-0.962149
-2.212943
-2.790232
-2.020513
0.192430
1.539438
2.597802
1.731868
2.790232
-8.947985
1.443223
0.096215
-1.443223
-1.154579
0.769719
2.886447
3.367521
2.982662
3.944811
3.559951
3.078877
3.463736
0.865934
-2.020513
-2.405372
0.865934
0.673504
-1.443223
-2.212943
-4.233455
-4.137241
-12.411722
-3.271306
-4.618315
-3.848596
-1.635653
0.192430
0.481074
-1.058364
-1.635653
-4.522100
-5.580464
-4.233455
-6.253968
-5.291819
-8.370696
-7.889621
-7.408547
-8.178266
-7.216117
-5.195604
-2.982662
-1.058364
-0.192430
-1.635653
-3.752381
-2.597802
0.481074
3.271306
4.233455
2.886447
1.250794
-0.673504
-3.559951
-2.982662
-0.865934
-1.347009
0.000000
0.000000
-1.635653
-11.064713
0.962149
3.752381
5.388034
0.865934
-1.828083
-4.522100
-6.446398
-7.697192
-3.559951
-0.096215
1.731868
2.982662
3.078877
0.288645
-2.309158
-6.350183
-7.985836
-6.542613
-6.061538
-4.233455
-3.175092
-2.982662
-1.539438
0.577289
2.309158
-0.384860
-0.192430
-0.865934
-1.443223
-0.769719
0.288645
2.790232
4.522100
1.828083
-0.481074
1.443223
2.694017
4.233455
3.078877
2.405372
2.405372
2.694017
3.175092
3.944811
6.157753
6.253968
6.927473
7.312332
4.906960
1.828083
2.694017
4.041026
7.023687
7.216117
3.752381
1.250794
3.752381
5.099389
4.810745
3.559951
-0.192430
-3.848596
-4.137241
-2.886447
-3.271306
-0.962149
1.443223
0.865934
-0.192430
-0.577289
-0.962149
-4.522100
-3.559951
-1.058364
0.192430
-1.347009
-1.539438
-2.886447
-5.388034
-5.965324
-5.869109
-2.982662
-0.962149
-2.501587
-3.656166
-5.291819
-3.944811
-1.347009
-1.347009
-3.559951
-7.793407
-8.082051
-5.003175
-3.271306
-3.271306
-5.484249
-1.347009
0.673504
1.347009
5.003175
4.329670
1.347009
0.962149
3.752381
4.233455
5.099389
0.769719
-0.769719
-1.924298
-2.020513
-0.192430
-0.865934
-3.559951
-3.848596
-2.694017
-3.559951
-0.288645
-0.288645
-1.539438
-2.116728
-1.250794
1.635653
3.848596
2.982662
0.962149
-0.192430
0.192430
-0.192430
-2.212943
-1.635653
-0.962149
0.000000
0.481074
1.058364
0.769719
0.769719
0.962149
1.154579
1.539438
0.673504
1.443223
0.673504
0.384860
0.865934
0.000000
-1.058364
0.962149
2.405372
3.463736
0.962149
0.192430
-0.481074
-1.154579
-4.233455
-3.752381
-4.618315
-3.271306
-2.886447
-3.078877
-3.752381
-4.137241
-5.099389
-2.886447
-0.384860
-0.288645
-0.288645
-3.848596
-6.638828
-3.367521
-1.828083
0.000000
0.000000
-2.020513
-3.463736
-7.408547
-2.982662
-3.078877
-2.694017
-2.309158
0.962149
0.288645
-0.384860
-2.405372
-1.347009
-0.769719
-1.347009
-3.271306
-2.116728
0.000000
1.828083
3.271306
3.367521
5.676679
-0.481074
0.000000
-1.924298
0.288645
0.481074
-1.347009
-1.731868
-0.577289
0.000000
0.096215
-0.673504
-1.635653
-2.501587
-1.635653
-0.288645
3.271306
3.078877
1.443223
-3.367521
-3.463736
-2.309158
1.731868
4.041026
4.233455
5.099389
4.233455
4.425885
4.522100
6.542613
5.965324
2.309158
0.384860
0.673504
1.539438
3.656166
4.714530
3.271306
2.116728
0.000000
-2.694017
-1.635653
0.000000
-1.443223
-0.288645
0.384860
1.058364
1.828083
4.906960
6.157753
8.178266
5.676679
3.463736
3.078877
3.463736
5.388034
5.195604
5.388034
5.099389
6.446398
4.714530
3.656166
3.848596
2.694017
1.250794
3.367521
2.309158
3.175092
4.137241
3.367521
1.924298
1.539438
2.886447
3.463736
1.443223
-0.096215
0.865934
1.635653
3.559951
3.848596
4.137241
4.329670
0.962149
-4.618315
-4.618315
-4.810745
-2.790232
-2.694017
-2.694017
-2.309158
-0.384860
1.539438
1.539438
0.288645
-3.367521
-5.484249
-5.003175
-0.192430
1.443223
0.673504
0.769719
-1.443223
-2.694017
-3.271306
3.656166
4.714530
2.501587
0.288645
-1.058364
0.288645
1.828083
1.539438
1.731868
2.501587
0.000000
-3.175092
0.000000
2.597802
1.635653
-7.312332
0.577289
0.962149
-0.384860
-2.597802
-1.828083
-1.828083
1.154579
0.769719
4.137241
3.944811
6.253968
4.810745
4.522100
5.003175
2.982662
1.347009
1.154579
0.481074
1.924298
2.694017
2.405372
2.501587
3.848596
3.656166
4.329670
3.944811
2.309158
1.539438
1.154579
0.192430
-0.577289
1.058364
2.020513
2.501587
4.810745
4.906960
5.291819
1.250794
-1.635653
-3.559951
-2.790232
-2.405372
0.000000
1.058364
0.096215
-1.058364
-1.154579
1.443223
3.078877
3.367521
-1.154579
-1.058364
-1.731868
-0.288645
0.962149
-1.828083
-3.656166
-3.463736
-2.116728
-8.947985
-2.212943
-0.577289
3.175092
1.347009
4.041026
5.580464
0.384860
-3.367521
-1.347009
-1.443223
-1.347009
-3.078877
-2.982662
-1.443223
0.384860
1.443223
0.288645
-3.848596
-6.253968
-6.735043
-16.933822
-5.291819
-2.501587
-1.924298
-2.886447
-2.405372
-2.886447
-1.924298
-3.559951
-4.329670
-2.116728
0.769719
2.020513
2.982662
3.463736
3.175092
1.539438
-1.731868
-4.618315
-4.233455
-2.790232
-1.924298
-3.078877
-3.367521
-1.924298
0.481074
3.656166
3.367521
0.481074
-1.347009
-2.405372
-2.886447
-1.924298
0.577289
-0.384860
-0.577289
-2.886447
-3.559951
-2.309158
0.096215
0.577289
0.000000
-1.058364
-0.384860
1.539438
2.405372
1.828083
2.309158
2.982662
-0.673504
0.192430
2.597802
6.927473
8.947985
4.425885
0.865934
1.828083
3.367521
4.041026
3.848596
3.463736
0.769719
0.673504
4.041026
7.889621
7.985836
7.889621
5.003175
2.982662
0.865934
-1.250794
-0.288645
-0.192430
-0.384860
-3.078877
-0.481074
1.347009
2.501587
1.635653
-0.577289
-1.635653
-0.192430
1.347009
1.539438
-0.769719
-1.924298
-3.559951
-1.347009
2.694017
4.137241
2.886447
-1.347009
-5.291819
-4.041026
-3.848596
-6.542613
-7.216117
-10.391209
-8.466911
-3.656166
0.000000
1.539438
0.865934
-0.673504
-3.944811
-3.367521
-3.848596
-3.848596
-1.058364
0.577289
-0.673504
0.865934
0.000000
-2.597802
-8.274481
-9.717705
-6.735043
-5.580464
-5.869109
-1.635653
0.865934
1.924298
3.463736
6.253968
5.388034
1.539438
2.309158
4.329670
3.656166
2.116728
-5.099389
1.828083
-0.673504
-0.481074
-0.769719
-1.250794
0.096215
0.673504
1.731868
1.443223
-1.731868
-5.195604
-1.635653
1.250794
1.443223
1.539438
1.731868
1.924298
1.154579
4.618315
3.752381
4.329670
4.425885
6.542613
9.717705
5.772894
0.096215
-2.212943
-1.539438
-6.735043
3.944811
5.965324
6.350183
6.542613
7.889621
8.274481
4.041026
3.848596
3.656166
0.769719
-2.982662
-3.367521
-2.886447
-3.463736
-5.388034
-4.233455
-8.370696
-5.003175
-6.927473
-8.755556
-6.253968
-2.886447
1.731868
1.635653
1.924298
-1.539438
-5.772894
-9.429060
-11.545788
-11.834432
-6.638828
-4.233455
-2.886447
-2.116728
-2.886447
-4.906960
-4.137241
-1.443223
-0.384860
0.000000
1.828083
2.020513
-0.673504
-2.405372
-1.347009
-1.924298
4.425885
3.752381
5.772894
4.425885
1.154579
1.058364
1.154579
0.000000
-0.577289
2.790232
7.889621
11.160928
11.353358
7.023687
1.250794
-5.965324
-5.772894
-2.982662
3.656166
7.889621
11.257143
12.219292
10.391209
5.003175
3.559951
-5.965324
6.350183
4.233455
1.443223
1.539438
1.154579
3.559951
2.694017
0.577289
-1.443223
-4.041026
-1.443223
3.367521
6.542613
6.061538
7.119902
8.274481
9.236630
4.714530
1.731868
-0.962149
-3.656166
-2.790232
1.443223
2.212943
4.233455
6.253968
6.061538
4.522100
7.023687
6.638828
8.851770
10.583639
10.583639
10.391209
8.466911
7.793407
5.484249
0.865934
-1.058364
-2.309158
-1.443223
1.443223
6.446398
7.504762
5.291819
1.443223
-0.962149
-1.635653
-1.924298
-2.116728
1.347009
3.848596
6.446398
8.659341
6.446398
0.673504
-2.982662
-2.405372
0.000000
-3.944811
-0.096215
-1.058364
0.577289
0.096215
2.694017
4.425885
1.635653
-1.924298
-2.309158
2.597802
4.714530
4.137241
1.443223
-3.367521
-7.023687
-6.542613
-4.618315
-2.020513
-0.577289
2.212943
3.944811
2.886447
1.731868
3.752381
3.271306
0.096215
0.288645
3.271306
5.772894
9.044200
10.294994
7.216117
-3.463736
-7.023687
-7.023687
-5.195604
-6.446398
-5.869109
0.577289
7.119902
7.985836
6.350183
4.906960
1.154579
-1.539438
-2.886447
-4.233455
-4.810745
-2.597802
-0.769719
-2.116728
-0.096215
1.443223
2.405372
3.656166
2.886447
-0.865934
-1.250794
-1.539438
-3.559951
-3.944811
0.288645
0.769719
1.924298
3.078877
1.828083
-0.288645
-2.405372
-5.580464
-5.291819
-2.790232
-0.096215
0.481074
-1.058364
-1.635653
-1.443223
-0.769719
-1.731868
-0.673504
0.192430
-1.058364
-2.982662
-3.463736
-2.886447
-3.175092
-5.772894
-7.600977
-6.446398
-6.061538
-2.116728
-0.769719
-0.865934
-0.288645
-0.481074
-7.023687
-8.947985
-9.621490
-10.102564
-5.388034
-1.347009
-3.367521
-7.889621
-7.600977
-4.906960
-2.597802
-2.982662
-3.848596
-4.810745
-3.944811
-1.635653
-1.250794
-2.982662
-7.216117
-11.738217
-10.006349
-6.831258
-3.078877
-0.384860
-0.481074
0.962149
-0.288645
-0.096215
-0.192430
-1.443223
-3.656166
-8.851770
-11.738217
-11.160928
-9.813919
-7.312332
-4.714530
-3.656166
-2.982662
-3.463736
-3.367521
-5.003175
-4.137241
-3.078877
-2.501587
-0.962149
-3.463736
-6.253968
-6.831258
-5.195604
-1.731868
-4.041026
-4.906960
-6.735043
-4.810745
-3.367521
-2.501587
-1.924298
-4.714530
-6.157753
-6.542613
-2.116728
0.481074
4.522100
3.175092
0.192430
0.192430
1.539438
1.058364
1.924298
0.577289
1.443223
1.058364
-0.288645
0.962149
-0.577289
-2.501587
-1.924298
-1.731868
-0.288645
-0.673504
0.288645
0.000000
-4.714530
-8.659341
-7.793407
-4.714530
-4.714530
-5.003175
-1.828083
0.481074
-0.288645
-1.635653
-3.656166
-5.195604
-2.790232
3.271306
3.752381
-0.096215
-2.501587
-9.621490
-2.597802
-2.790232
-0.769719
-0.481074
-1.250794
0.000000
1.924298
3.752381
4.714530
5.869109
2.886447
0.577289
-1.058364
-0.096215
2.597802
2.020513
2.116728
1.443223
2.116728
4.329670
2.790232
2.982662
0.384860
2.020513
3.944811
5.291819
5.772894
4.425885
2.501587
1.731868
1.154579
2.501587
2.982662
3.271306
3.271306
1.731868
2.501587
3.463736
2.020513
1.924298
1.250794
2.116728
3.944811
4.714530
4.425885
4.329670
3.559951
6.061538
7.119902
9.332845
6.735043
-7.216117
4.041026
6.061538
6.446398
4.041026
4.906960
6.831258
6.542613
7.504762
8.466911
7.600977
7.119902
7.216117
11.449573
12.796581
9.813919
7.985836
8.659341
6.253968
4.329670
4.233455
3.559951
7.697192
8.563126
9.621490
10.679853
5.388034
1.924298
1.347009
2.501587
2.597802
0.192430
0.192430
0.192430
-0.384860
-0.577289
3.367521
4.522100
3.463736
4.041026
4.425885
1.539438
-0.673504
-1.443223
-1.635653
-2.790232
-1.635653
-3.175092
-6.350183
-4.329670
-5.772894
-3.559951
-4.425885
-1.058364
-1.924298
-4.906960
-5.580464
-4.425885
-5.099389
-3.752381
-4.233455
1.635653
5.003175
3.944811
0.000000
0.481074
2.212943
4.714530
6.157753
3.367521
0.288645
0.000000
0.000000
2.790232
2.405372
-4.233455
-6.350183
-5.003175
-2.790232
-1.250794
-3.271306
-0.962149
2.405372
0.962149
0.481074
-1.443223
-0.384860
-0.384860
-1.828083
-1.058364
-4.233455
-2.694017
2.405372
0.769719
-1.635653
-1.828083
2.116728
0.865934
0.000000
0.096215
2.982662
6.253968
5.003175
3.656166
2.116728
3.463736
0.384860
1.347009
-0.481074
-1.731868
-2.309158
-3.463736
-2.212943
0.481074
0.865934
2.501587
4.041026
6.927473
6.927473
4.522100
2.116728
-2.597802
-0.962149
2.405372
-1.731868
0.577289
0.577289
1.250794
-1.154579
0.769719
3.271306
3.848596
-0.288645
-1.058364
0.000000
-2.501587
-2.020513
-2.597802
-2.886447
-2.790232
-0.481074
-2.694017
-1.347009
-2.694017
-3.848596
-0.288645
1.635653
3.078877
-0.192430
-0.865934
-1.635653
-0.865934
-0.865934
-4.714530
-6.253968
-4.329670
-3.944811
-5.099389
-2.405372
-3.271306
-4.425885
-5.195604
-5.291819
-3.271306
-2.020513
-6.157753
1.347009
2.694017
2.790232
2.982662
1.635653
3.078877
2.020513
-1.539438
-2.694017
-5.965324
-6.831258
-5.388034
-1.443223
0.384860
1.731868
1.058364
1.058364
3.175092
2.982662
1.154579
0.673504
0.096215
1.250794
0.962149
4.233455
6.446398
6.831258
5.195604
3.271306
1.154579
-1.154579
-4.233455
-2.597802
0.288645
3.944811
7.023687
5.772894
4.714530
5.195604
3.367521
0.865934
0.673504
0.673504
0.000000
0.962149
2.212943
1.250794
-0.577289
-1.058364
-0.481074
0.673504
2.212943
3.944811
3.656166
3.944811
2.405372
0.481074
2.212943
2.501587
1.731868
3.559951
2.790232
2.405372
0.673504
-3.367521
-5.869109
-2.309158
0.962149
4.041026
1.731868
-2.694017
-4.041026
-3.944811
-4.137241
-3.463736
-2.116728
-2.116728
-2.597802
-3.078877
-4.233455
-5.676679
-6.350183
-4.618315
-3.463736
-1.924298
-1.347009
-6.735043
-20.301343
-6.542613
1.731868
1.539438
7.119902
1.731868
-3.271306
-5.099389
-7.697192
-8.466911
-4.425885
-1.539438
-0.577289
0.577289
1.731868
-0.769719
-2.501587
-1.635653
-3.367521
-3.848596
-3.656166
0.577289
2.405372
2.694017
-0.769719
-3.656166
-6.542613
-5.965324
-4.233455
0.673504
2.501587
2.694017
2.597802
3.752381
1.828083
0.096215
-2.116728
-1.731868
-2.982662
-1.635653
2.886447
9.813919
11.353358
7.793407
3.944811
0.481074
2.309158
0.000000
-2.212943
0.000000
2.982662
6.061538
9.813919
9.910134
6.927473
5.195604
0.769719
-1.731868
-3.078877
-1.924298
0.000000
3.271306
1.924298
1.539438
2.309158
-0.769719
-6.446398
-7.600977
-7.023687
-6.350183
-3.848596
-1.347009
-0.096215
0.384860
-4.233455
-6.542613
-8.659341
-6.061538
-3.944811
-3.078877
-2.405372
0.288645
2.501587
2.694017
2.790232
3.078877
3.944811
-0.288645
-4.329670
-3.752381
-1.154579
-0.192430
-1.731868
-1.539438
-1.539438
-1.539438
-2.790232
-3.367521
-3.271306
-5.965324
-4.329670
-0.481074
0.769719
-1.828083
-3.078877
-4.810745
-4.425885
-6.157753
-6.542613
-2.309158
-1.828083
-5.388034
-5.195604
-7.408547
-8.755556
-8.851770
-5.772894
-2.309158
-2.309158
-3.656166
-5.388034
-3.175092
-6.253968
-4.425885
-4.906960
-4.906960
-2.886447
-1.731868
1.154579
3.175092
0.962149
-0.288645
0.096215
0.577289
-2.501587
-2.886447
-3.271306
-4.041026
-6.253968
-6.446398
-4.329670
0.481074
1.924298
2.597802
2.790232
3.752381
4.233455
1.154579
-3.078877
-2.212943
-1.731868
2.790232
4.329670
2.405372
1.250794
0.000000
1.154579
3.559951
4.714530
1.443223
2.886447
6.253968
7.697192
5.484249
5.291819
8.851770
8.370696
6.253968
2.020513
0.192430
-0.481074
-0.673504
-0.192430
0.865934
0.577289
1.347009
1.828083
1.828083
-1.635653
-2.694017
