-1.828083
-5.003175
-4.137241
-1.443223
1.443223
2.982662
3.271306
2.212943
1.154579
1.731868
0.865934
1.924298
0.865934
0.096215
1.539438
2.020513
2.501587
2.212943
2.597802
-0.384860
-3.656166
-5.003175
-1.635653
-1.058364
3.367521
5.291819
3.078877
4.041026
4.618315
4.233455
5.291819
3.175092
0.096215
-1.924298
-3.656166
-4.810745
-5.580464
-5.580464
-3.944811
-3.559951
0.384860
0.481074
0.865934
-1.635653
-5.195604
-8.466911
-6.735043
-2.694017
2.597802
3.559951
3.559951
-0.096215
1.443223
2.501587
5.195604
5.195604
2.501587
-4.425885
2.309158
5.484249
7.023687
5.484249
1.828083
3.559951
5.869109
7.985836
7.023687
6.157753
6.061538
5.772894
6.350183
9.332845
8.659341
7.023687
6.253968
5.291819
2.982662
7.312332
8.755556
10.583639
9.525275
5.388034
3.175092
5.388034
6.253968
7.023687
4.041026
4.137241
4.810745
7.119902
9.717705
5.580464
1.250794
-0.192430
-0.384860
4.425885
6.350183
5.388034
0.577289
1.154579
2.212943
2.212943
0.384860
-1.250794
-2.309158
-2.020513
-1.828083
-1.154579
0.000000
-0.096215
-0.384860
3.752381
5.869109
2.405372
-1.154579
-0.769719
-1.058364
-0.384860
1.731868
-0.096215
-0.577289
0.962149
-0.288645
-2.212943
-1.250794
-2.020513
-1.539438
-3.559951
-4.137241
-6.542613
-5.195604
-4.522100
-5.580464
-6.927473
-7.119902
-9.621490
-9.621490
-6.542613
-7.889621
-7.408547
-6.446398
-3.848596
-2.212943
-3.078877
-2.886447
-2.982662
0.288645
-1.058364
-2.212943
-3.752381
-3.848596
-2.020513
-0.962149
1.058364
1.635653
-2.597802
-0.865934
-0.384860
-0.577289
2.501587
0.096215
1.250794
3.367521
2.405372
3.848596
3.752381
3.848596
2.982662
1.731868
3.078877
3.271306
2.982662
-5.965324
2.309158
4.618315
6.253968
5.676679
6.446398
7.216117
9.910134
9.525275
9.332845
10.391209
12.411722
10.776068
11.834432
11.738217
13.181441
12.796581
10.583639
7.889621
5.580464
6.927473
7.600977
10.102564
10.487424
10.487424
8.178266
6.061538
4.233455
6.446398
8.659341
8.947985
8.755556
8.947985
6.735043
4.041026
3.175092
2.405372
1.828083
1.443223
2.694017
2.212943
4.233455
1.828083
2.212943
1.828083
-0.481074
-0.288645
1.250794
1.250794
1.924298
-0.962149
-4.810745
-5.195604
-4.810745
-4.425885
-7.600977
-6.061538
-2.597802
-3.175092
-4.041026
-2.405372
-4.810745
-3.175092
-2.212943
-1.443223
-3.656166
-3.656166
-2.309158
-0.577289
2.309158
2.694017
1.058364
-3.367521
-2.405372
-1.635653
-0.481074
0.577289
-1.250794
-1.731868
-7.985836
-1.924298
-2.694017
-5.676679
-7.504762
-6.253968
-3.078877
-0.096215
0.962149
0.288645
-1.058364
-5.965324
-7.985836
-7.312332
-8.466911
-7.793407
-3.752381
-1.154579
-1.250794
-12.700366
-6.927473
-8.466911
-10.006349
-9.813919
-8.274481
-3.078877
-1.058364
2.212943
-3.944811
-7.119902
-7.793407
-4.041026
-0.192430
-0.673504
-5.291819
-4.522100
-0.288645
3.559951
1.828083
-0.962149
-2.212943
0.865934
1.731868
-2.212943
-3.656166
-3.271306
-4.522100
-4.041026
-5.869109
-6.253968
-4.810745
-0.192430
3.848596
5.099389
2.694017
-0.962149
-2.116728
-5.869109
-6.542613
-7.312332
-8.851770
-7.793407
-1.924298
2.694017
4.906960
1.250794
-2.309158
-4.329670
-5.869109
-5.484249
-2.501587
-1.250794
-1.635653
-1.635653
-4.137241
-5.291819
-6.446398
-4.233455
-2.501587
-0.384860
-0.577289
-0.288645
-4.329670
-1.250794
-0.384860
-2.020513
-2.501587
-1.731868
-2.020513
-3.175092
-2.790232
-2.020513
-3.078877
-1.635653
-2.501587
-5.291819
-4.233455
-1.731868
-0.673504
-1.347009
-2.405372
-6.157753
-6.831258
-4.329670
-2.309158
-3.848596
-3.078877
-1.250794
0.673504
1.443223
0.577289
-0.962149
-2.309158
-3.078877
-3.175092
-1.443223
2.597802
1.443223
-4.041026
-3.848596
-3.175092
0.000000
-0.096215
-1.539438
-1.154579
1.154579
3.271306
4.233455
1.443223
-3.656166
-5.291819
-2.309158
-1.539438
-0.384860
-0.481074
-0.673504
1.154579
1.924298
2.116728
-0.481074
-2.309158
-2.020513
-1.443223
-2.212943
0.288645
1.539438
1.539438
-0.962149
-2.212943
-3.752381
-2.886447
-2.694017
-4.329670
-3.848596
-2.116728
1.250794
2.597802
1.250794
0.481074
-0.384860
-1.250794
-1.443223
-2.501587
-0.096215
0.000000
-2.694017
-2.309158
0.384860
4.233455
1.154579
3.078877
3.175092
3.463736
3.078877
2.597802
-0.865934
-5.099389
-2.405372
0.096215
2.116728
2.212943
2.790232
3.944811
4.233455
4.810745
8.466911
8.082051
7.119902
6.542613
6.446398
4.810745
1.058364
-1.828083
-6.253968
-3.175092
2.790232
2.790232
0.384860
0.384860
1.154579
2.020513
2.982662
0.769719
0.577289
1.154579
0.673504
2.501587
4.906960
5.099389
4.233455
2.790232
0.962149
0.288645
-1.828083
-0.673504
0.096215
-1.154579
-0.384860
-0.673504
2.212943
-1.443223
-4.714530
-5.676679
-3.271306
-5.099389
-5.965324
-3.367521
0.769719
5.676679
5.195604
2.694017
2.982662
2.982662
1.731868
0.673504
4.522100
3.656166
4.425885
7.889621
6.927473
5.195604
4.041026
2.886447
1.924298
1.828083
-0.096215
0.288645
3.078877
3.944811
4.329670
4.522100
1.250794
-1.058364
-1.058364
0.384860
1.347009
0.288645
2.597802
3.175092
3.463736
1.347009
-3.078877
-6.253968
-5.580464
-6.638828
-5.580464
-3.175092
1.443223
1.828083
0.000000
-4.233455
-5.291819
-3.656166
-2.405372
-5.869109
-5.484249
-1.731868
-0.577289
-1.347009
0.000000
1.443223
-0.865934
-3.367521
-3.752381
-1.924298
-4.233455
-3.463736
-3.078877
-0.288645
-0.481074
-2.020513
-3.367521
0.096215
0.962149
1.924298
-0.865934
-0.096215
-2.020513
-1.154579
-3.078877
-3.367521
-2.309158
-2.790232
-4.522100
-8.370696
-7.119902
-5.291819
-3.367521
0.769719
1.347009
-3.367521
-6.157753
-6.157753
-1.539438
-3.271306
-4.810745
-5.195604
-0.962149
-1.347009
-2.116728
-2.790232
-2.694017
-1.828083
-2.020513
-2.790232
0.000000
3.559951
3.367521
1.539438
3.367521
3.944811
0.673504
-7.697192
1.539438
2.116728
1.347009
0.000000
3.656166
3.848596
-0.384860
-4.425885
-1.731868
1.539438
5.195604
2.886447
2.405372
1.443223
2.116728
0.962149
-1.250794
-0.673504
-1.250794
0.577289
1.924298
0.769719
-0.288645
-2.597802
-5.388034
-3.175092
-4.522100
-1.924298
-0.096215
3.367521
2.694017
2.982662
-0.481074
-3.271306
-5.676679
-5.291819
-2.597802
0.673504
2.020513
1.058364
-0.192430
1.731868
2.597802
0.000000
-3.752381
-4.618315
-3.175092
-2.790232
-1.924298
-3.848596
-3.752381
-2.405372
2.597802
3.752381
0.096215
-3.559951
-4.618315
-5.195604
-5.291819
-3.463736
1.154579
5.195604
8.466911
9.236630
8.274481
6.253968
2.116728
0.577289
-0.096215
1.443223
2.886447
3.367521
4.522100
4.906960
1.443223
6.061538
3.078877
2.405372
0.673504
-0.192430
-4.137241
-6.542613
-0.577289
4.810745
6.638828
7.985836
7.889621
8.659341
9.910134
9.044200
4.618315
0.481074
1.250794
6.927473
11.738217
11.930647
9.813919
7.312332
5.580464
1.924298
0.000000
-0.962149
1.731868
8.370696
13.470085
15.875458
10.198779
1.635653
0.000000
-0.577289
0.962149
4.041026
6.350183
7.504762
6.350183
5.099389
5.580464
3.752381
0.000000
-4.329670
-3.367521
-1.347009
0.865934
3.848596
3.944811
1.154579
1.828083
2.020513
0.000000
0.000000
-3.656166
-1.539438
-0.962149
0.288645
-1.154579
-1.250794
-0.673504
-0.481074
-3.559951
-3.944811
-2.309158
-0.192430
-1.154579
-0.192430
1.539438
0.673504
-3.367521
-3.463736
-1.635653
-2.694017
-2.309158
0.096215
4.329670
6.157753
2.886447
-3.078877
-5.195604
-4.137241
-0.384860
-2.020513
-3.271306
-4.906960
-3.752381
-2.501587
0.288645
2.597802
2.116728
1.924298
2.405372
0.577289
0.673504
0.577289
1.250794
0.577289
0.384860
1.443223
-5.580464
3.944811
2.212943
1.828083
0.962149
3.175092
2.694017
2.694017
1.924298
-0.288645
-0.192430
-1.058364
-6.542613
-9.236630
-7.600977
-2.405372
3.559951
5.291819
3.656166
-2.020513
-5.580464
-6.735043
-7.504762
-5.388034
-0.865934
2.212943
5.003175
4.522100
4.233455
4.041026
3.656166
0.962149
0.096215
2.790232
5.195604
5.772894
6.061538
4.810745
1.731868
0.384860
-0.481074
0.481074
5.195604
8.178266
5.291819
0.096215
1.250794
1.347009
3.078877
3.752381
3.367521
0.384860
2.694017
3.752381
4.233455
0.865934
-0.288645
1.058364
3.463736
1.731868
1.347009
-0.769719
-2.309158
-2.212943
-0.384860
1.828083
-1.250794
-2.694017
-3.367521
-1.924298
0.000000
-0.769719
-4.522100
-2.694017
-1.058364
3.271306
3.367521
1.058364
-1.347009
0.384860
2.020513
0.865934
-1.635653
-3.175092
-1.347009
-1.154579
-2.212943
-3.463736
1.828083
4.137241
6.542613
7.985836
6.350183
-1.635653
-7.408547
-7.697192
-2.501587
-0.673504
0.769719
2.116728
-0.384860
0.000000
-0.096215
0.000000
-2.116728
-5.003175
-2.982662
-0.384860
-0.096215
-1.539438
-0.577289
2.405372
5.676679
7.600977
8.082051
6.831258
6.253968
7.504762
4.618315
7.408547
6.831258
6.831258
5.484249
3.271306
4.618315
5.291819
3.848596
3.944811
4.810745
7.216117
4.425885
3.271306
3.752381
2.405372
2.694017
3.463736
1.731868
-1.058364
1.250794
2.405372
0.673504
0.481074
0.000000
-0.288645
2.116728
1.828083
-0.192430
0.384860
1.154579
-1.250794
-1.539438
-1.828083
-0.673504
-2.212943
0.384860
-0.288645
1.154579
1.058364
1.154579
-1.443223
-3.367521
-4.522100
-4.425885
-4.810745
-4.329670
-5.869109
-4.522100
-3.175092
-4.137241
-4.906960
-4.906960
-5.003175
-5.484249
-6.542613
-4.906960
-3.078877
-2.790232
-1.154579
-0.577289
0.865934
-0.288645
-1.347009
-4.137241
-5.099389
-4.714530
-2.694017
-2.405372
0.673504
1.731868
-0.962149
-2.886447
-5.291819
-6.350183
-5.676679
-6.350183
-4.714530
-2.597802
-0.673504
0.000000
2.116728
2.982662
0.481074
-0.481074
-1.924298
-2.116728
-1.539438
-0.962149
0.192430
-0.962149
-0.673504
-2.501587
-2.597802
-4.041026
-2.309158
-2.790232
-4.329670
-4.137241
-2.405372
0.000000
2.790232
4.329670
4.425885
5.965324
6.061538
3.944811
5.580464
6.831258
8.947985
7.408547
5.965324
4.425885
2.790232
2.309158
1.635653
-1.347009
-3.175092
-4.041026
-3.752381
-3.752381
-4.522100
-2.982662
-1.539438
-2.886447
-3.559951
-0.865934
0.000000
-3.367521
-4.041026
-2.212943
-1.539438
-1.924298
-4.329670
-4.714530
-2.309158
0.865934
3.271306
4.714530
3.752381
1.828083
-2.212943
-11.738217
-10.294994
-11.449573
-7.889621
-3.752381
-2.501587
-2.405372
-0.769719
-0.384860
-1.058364
-2.212943
-3.752381
-4.522100
-4.618315
-5.388034
-6.253968
-4.233455
-1.539438
-1.154579
-1.154579
-3.848596
-3.656166
-5.291819
-5.772894
-7.793407
-7.889621
-8.851770
-8.659341
-9.621490
-6.831258
-6.542613
-6.350183
-2.309158
0.673504
-0.192430
-0.673504
-4.618315
0.673504
0.288645
0.000000
0.096215
-0.192430
-0.192430
-0.865934
2.597802
1.635653
2.501587
-2.886447
3.463736
4.714530
3.175092
2.982662
4.233455
3.752381
6.638828
6.157753
7.216117
7.312332
5.676679
4.425885
3.175092
0.577289
-2.597802
-0.577289
2.309158
3.175092
1.635653
1.635653
0.000000
-1.924298
-3.271306
-2.790232
0.384860
0.865934
1.154579
2.694017
3.848596
3.175092
-0.577289
-0.096215
0.962149
0.673504
-0.865934
-0.865934
-0.384860
2.405372
3.944811
8.178266
7.504762
5.291819
0.000000
-1.443223
-1.250794
-0.481074
-0.481074
-1.058364
-3.078877
-4.522100
-4.618315
-3.271306
-2.694017
-2.597802
-1.250794
-0.481074
-2.116728
-1.443223
0.673504
1.443223
0.673504
-0.096215
0.673504
1.347009
1.347009
2.501587
1.443223
0.384860
2.694017
1.347009
1.539438
2.501587
2.982662
3.078877
-2.020513
-1.250794
-1.539438
0.481074
-0.865934
-1.828083
-1.828083
-1.539438
-0.577289
-0.577289
1.058364
0.192430
1.250794
0.577289
-0.481074
-1.058364
0.769719
2.309158
3.271306
2.405372
0.384860
0.481074
0.096215
0.192430
-1.058364
0.962149
2.694017
1.828083
2.020513
2.597802
4.522100
4.714530
7.408547
8.178266
9.429060
8.947985
7.216117
0.288645
-0.577289
-0.769719
1.539438
2.212943
3.175092
3.078877
4.810745
3.944811
3.271306
1.347009
1.635653
0.096215
3.463736
0.000000
0.673504
-0.673504
-1.828083
0.000000
1.154579
0.384860
2.501587
3.078877
3.752381
3.752381
5.869109
6.638828
8.274481
3.175092
0.481074
-2.886447
-1.154579
0.865934
1.347009
-1.828083
-1.443223
-0.962149
0.000000
5.291819
5.869109
6.350183
4.041026
-2.212943
-2.212943
-6.253968
-5.772894
-1.731868
7.697192
11.545788
8.851770
4.906960
-3.559951
-3.944811
1.828083
2.982662
4.329670
1.443223
1.539438
2.020513
3.944811
2.309158
0.288645
-0.673504
0.000000
0.000000
1.635653
5.772894
4.522100
-0.192430
-1.058364
-0.192430
5.003175
6.061538
5.580464
0.384860
-3.848596
-1.731868
0.000000
-0.673504
-0.288645
1.443223
6.253968
8.274481
7.504762
4.137241
4.137241
2.405372
1.635653
1.924298
1.539438
4.137241
5.580464
7.600977
4.233455
3.078877
1.250794
1.924298
1.635653
2.982662
1.635653
3.944811
6.157753
7.504762
8.082051
10.487424
7.889621
4.329670
3.463736
0.288645
0.096215
-0.673504
2.020513
2.405372
1.635653
3.271306
4.137241
2.790232
0.673504
-0.481074
-2.212943
-3.078877
-3.175092
-2.597802
0.000000
-2.020513
-3.367521
-2.597802
-2.501587
-5.484249
-4.522100
-6.253968
-8.082051
-8.851770
-4.810745
-3.367521
-2.405372
-2.982662
-1.539438
-3.656166
-4.714530
-7.408547
-8.851770
-8.563126
-6.253968
-2.309158
0.192430
0.577289
1.154579
2.597802
-1.154579
-4.618315
-5.869109
-5.003175
-2.597802
-0.288645
0.481074
2.597802
2.212943
0.384860
-1.828083
-0.865934
-4.329670
-7.889621
-6.253968
-2.694017
-0.096215
-0.769719
-1.539438
-2.116728
-3.271306
-2.886447
-4.137241
-7.985836
-11.930647
-11.160928
-9.236630
-9.140415
-9.429060
-8.466911
-6.061538
-3.175092
-6.350183
-7.119902
-5.965324
-4.522100
-1.731868
0.096215
-0.384860
1.731868
3.078877
0.769719
0.288645
0.288645
-0.577289
-1.924298
-1.731868
0.192430
3.848596
4.522100
4.425885
3.752381
3.175092
1.731868
1.443223
3.367521
4.522100
2.982662
2.020513
1.828083
-0.673504
-5.099389
-5.388034
-5.195604
-6.446398
-3.944811
-4.522100
-4.041026
-4.137241
-3.656166
-2.309158
-1.154579
-2.405372
-4.041026
-4.233455
-5.772894
-2.982662
-2.309158
-0.865934
-1.924298
-2.309158
-4.522100
-4.906960
-2.116728
-2.982662
-2.501587
-0.962149
0.769719
0.000000
0.096215
-2.694017
-0.673504
2.501587
1.347009
-0.481074
-1.635653
-0.096215
1.539438
2.116728
2.501587
-0.288645
0.000000
0.288645
0.673504
2.309158
4.233455
3.752381
1.924298
0.000000
1.250794
1.058364
-1.924298
0.000000
-1.154579
-3.078877
-0.865934
2.501587
1.443223
2.116728
3.078877
2.501587
0.481074
-1.347009
-4.041026
-2.405372
0.000000
-0.481074
-0.865934
-0.769719
1.058364
1.828083
1.058364
1.154579
0.962149
2.212943
0.673504
1.443223
2.597802
1.347009
1.154579
2.405372
3.367521
5.195604
5.388034
0.000000
-0.577289
2.212943
1.635653
2.405372
2.886447
1.539438
0.769719
0.865934
-0.192430
0.865934
1.443223
2.212943
0.000000
4.425885
4.233455
4.618315
4.810745
5.484249
6.446398
5.772894
3.078877
1.347009
0.865934
1.347009
2.501587
2.886447
0.096215
-1.058364
0.769719
2.212943
2.790232
1.828083
-2.116728
-3.944811
-2.116728
-2.116728
-1.443223
-0.865934
-4.906960
-3.752381
-3.271306
-2.212943
-2.116728
-2.694017
-2.212943
-2.694017
-0.577289
-0.577289
-2.212943
-3.752381
-5.195604
-2.405372
-3.367521
-2.116728
-2.309158
-1.731868
-1.539438
-0.577289
0.384860
0.096215
1.250794
1.347009
2.982662
4.137241
3.752381
2.886447
1.347009
2.597802
0.577289
1.731868
0.577289
0.865934
-1.635653
0.192430
0.769719
-0.192430
-0.192430
-6.350183
-4.714530
-2.212943
-1.154579
-3.175092
-4.137241
-3.175092
-2.212943
0.577289
0.577289
0.192430
0.192430
1.058364
1.347009
-0.673504
1.058364
2.212943
2.501587
-1.154579
-1.250794
-2.405372
-2.405372
-1.154579
-1.154579
-2.116728
-3.944811
-4.906960
-1.635653
1.635653
2.597802
2.309158
2.309158
2.886447
3.271306
6.542613
7.697192
5.580464
-3.656166
-5.965324
-4.137241
-1.443223
3.271306
5.869109
5.099389
2.597802
3.944811
6.061538
3.078877
0.962149
-1.635653
-3.944811
-1.635653
-0.192430
0.096215
0.288645
0.673504
3.078877
3.175092
3.559951
0.865934
-0.096215
-2.020513
-3.848596
-4.618315
-2.116728
2.597802
5.291819
3.559951
0.865934
-3.463736
-6.157753
-5.965324
-2.790232
-0.577289
-2.020513
-1.250794
0.769719
4.329670
4.810745
4.041026
3.848596
2.886447
2.501587
2.116728
6.927473
5.484249
4.522100
-5.676679
0.962149
0.673504
3.271306
5.965324
5.195604
2.790232
1.539438
1.828083
1.828083
3.175092
2.501587
-1.347009
-0.962149
0.000000
3.175092
4.233455
2.597802
2.790232
1.539438
2.886447
4.618315
5.003175
3.367521
-1.443223
1.924298
5.099389
5.965324
4.714530
1.539438
0.962149
-1.058364
1.731868
5.099389
6.735043
7.312332
7.119902
7.119902
5.099389
4.041026
0.962149
-0.192430
-2.597802
-3.271306
-1.347009
0.288645
2.020513
2.597802
3.175092
3.367521
3.848596
5.580464
4.810745
4.522100
3.656166
5.291819
3.559951
1.828083
0.673504
4.137241
7.119902
6.446398
6.253968
7.023687
4.906960
3.944811
4.906960
4.233455
0.769719
0.384860
-1.828083
-1.924298
-4.522100
-7.312332
-9.332845
-7.889621
-4.618315
-3.848596
0.288645
0.192430
-0.769719
0.192430
2.405372
2.694017
2.597802
-0.384860
-3.175092
-3.559951
-3.463736
-5.388034
-4.522100
-2.501587
-0.673504
-1.347009
-1.539438
-2.597802
-3.175092
-2.597802
-0.481074
-2.790232
-2.116728
-1.250794
-1.731868
-3.656166
-3.078877
-4.137241
-4.906960
-6.350183
-5.676679
-7.023687
-6.157753
-3.944811
1.828083
4.522100
6.927473
5.484249
2.790232
0.000000
-2.597802
-4.425885
-5.869109
-4.714530
-4.041026
-3.752381
-3.752381
-2.212943
-1.731868
0.481074
2.116728
0.481074
-8.947985
-2.116728
-0.384860
1.539438
4.906960
3.463736
1.635653
2.886447
0.096215
1.347009
1.347009
2.886447
2.212943
4.425885
6.446398
4.041026
6.061538
6.927473
4.522100
3.944811
2.405372
0.865934
2.309158
2.501587
0.962149
1.154579
1.539438
1.635653
0.288645
-1.539438
-2.597802
-4.618315
-5.099389
-2.886447
-1.924298
-0.769719
-1.539438
-0.577289
0.000000
-2.790232
-2.116728
-2.405372
-3.078877
-3.752381
-3.463736
-3.848596
-3.944811
-6.157753
-5.003175
-5.772894
-5.484249
-6.542613
-5.676679
-6.253968
-3.463736
-3.271306
-4.041026
-5.580464
-5.195604
-2.116728
-2.309158
-3.656166
-4.618315
-5.388034
-3.752381
-2.309158
-0.865934
-0.865934
-0.673504
-1.443223
-2.020513
-2.309158
-1.058364
0.096215
-0.673504
-2.694017
-5.195604
-6.446398
-5.580464
-3.944811
-0.096215
-1.347009
-4.041026
-5.676679
-2.309158
-2.116728
-3.078877
-12.315507
-1.347009
1.731868
3.078877
1.347009
3.175092
0.673504
0.577289
-2.309158
-3.463736
-3.752381
-2.405372
-2.020513
-2.501587
-0.673504
0.192430
1.539438
1.635653
-0.865934
0.481074
0.192430
-0.288645
-2.790232
-0.577289
3.078877
4.522100
5.388034
4.329670
4.233455
3.752381
3.848596
4.906960
3.078877
0.577289
-0.481074
-0.769719
0.865934
0.865934
0.673504
4.041026
1.731868
0.096215
0.096215
-1.058364
-3.463736
-3.559951
-2.020513
-2.116728
-2.982662
-2.694017
-2.405372
-1.154579
0.481074
0.000000
0.769719
-0.288645
-0.481074
1.635653
1.443223
0.865934
-0.288645
-1.154579
-2.212943
-2.309158
-2.790232
-4.425885
-2.886447
-3.271306
-1.250794
-3.175092
0.000000
0.000000
0.288645
-2.309158
-1.058364
-0.288645
-1.250794
-1.154579
-2.982662
-1.539438
0.673504
3.175092
3.944811
0.577289
-0.962149
-3.078877
-3.656166
-3.271306
-2.597802
-1.347009
3.175092
0.577289
2.309158
1.058364
-4.233455
-4.425885
-1.250794
-0.288645
-0.481074
1.731868
3.175092
1.250794
3.656166
2.694017
1.635653
0.673504
0.577289
0.288645
2.309158
1.154579
-1.347009
-1.250794
-2.501587
-1.154579
1.250794
2.116728
1.539438
-0.481074
0.865934
2.597802
3.367521
2.501587
3.367521
0.962149
2.020513
2.982662
3.944811
7.312332
6.446398
6.735043
4.329670
1.058364
-0.673504
-1.828083
-1.539438
-0.962149
1.924298
8.082051
7.889621
5.772894
3.944811
2.982662
1.250794
-0.288645
-1.539438
-1.828083
