1.347009
2.020513
1.250794
-0.096215
-2.694017
-2.309158
-2.405372
-1.539438
1.635653
1.250794
-0.577289
0.000000
-0.192430
2.212943
0.096215
-2.309158
-2.886447
-1.731868
-0.962149
-1.154579
-1.828083
-1.250794
-0.096215
0.962149
-0.481074
-0.673504
2.886447
2.020513
1.828083
4.329670
4.714530
5.484249
5.772894
3.848596
0.769719
-1.924298
-3.559951
-5.484249
-3.463736
-2.886447
-2.212943
-0.481074
-1.443223
-1.058364
-2.982662
-0.769719
-1.443223
-3.175092
-1.443223
-1.058364
-2.020513
-2.309158
-2.309158
-1.154579
-2.694017
-1.539438
-2.309158
-0.769719
0.865934
1.635653
0.192430
-0.577289
-2.212943
-3.078877
0.673504
0.962149
2.212943
2.597802
1.635653
2.790232
1.539438
-0.673504
-0.673504
-1.828083
-4.233455
-5.195604
-2.116728
2.790232
6.542613
5.003175
5.580464
5.580464
4.329670
2.597802
-0.192430
0.481074
-0.096215
-1.058364
1.250794
4.714530
8.563126
8.082051
7.889621
5.580464
3.656166
4.137241
4.329670
2.501587
3.175092
1.154579
0.673504
0.865934
-0.288645
-0.769719
-1.539438
-3.271306
-3.271306
-3.944811
-4.618315
-2.694017
0.673504
3.656166
3.175092
2.982662
2.309158
2.309158
1.924298
3.463736
0.481074
0.865934
4.233455
6.735043
8.755556
8.755556
7.697192
6.253968
3.078877
0.577289
-3.656166
-4.906960
-6.542613
-4.329670
-3.078877
-2.116728
0.000000
4.714530
7.600977
6.831258
2.405372
6.253968
3.271306
4.137241
4.522100
4.233455
3.944811
3.848596
4.522100
4.906960
5.965324
7.023687
6.927473
1.250794
-4.329670
-1.154579
1.154579
1.731868
0.288645
-1.539438
-1.539438
-0.384860
0.000000
-2.212943
-3.367521
-2.597802
-5.388034
-3.656166
-1.154579
-2.982662
-3.367521
-0.673504
0.769719
0.096215
0.096215
3.752381
2.982662
2.790232
3.175092
0.000000
0.000000
0.865934
-0.288645
-1.250794
-0.769719
-2.020513
-1.443223
0.577289
4.041026
4.618315
6.253968
4.137241
2.886447
3.752381
0.481074
-0.192430
-3.848596
-3.271306
-2.694017
-1.635653
-0.769719
-0.384860
0.865934
1.539438
1.731868
0.096215
-1.058364
-1.154579
-1.924298
-0.192430
-0.962149
-0.673504
-1.539438
-0.962149
0.384860
0.288645
0.288645
1.828083
-0.673504
-0.481074
-1.347009
-0.096215
-1.154579
-0.962149
-3.463736
-2.790232
-2.212943
-1.154579
-1.924298
-1.924298
-2.309158
-0.288645
0.288645
-0.577289
-1.250794
0.096215
2.116728
2.212943
2.886447
3.271306
2.886447
2.309158
3.175092
0.481074
0.192430
-0.481074
0.000000
1.443223
-1.828083
-3.559951
-3.367521
-2.309158
-2.405372
-0.384860
-1.828083
-3.175092
-3.271306
-4.906960
-3.367521
-3.078877
-0.288645
2.020513
3.078877
3.752381
3.078877
2.982662
-1.154579
-2.405372
-1.347009
-1.250794
-1.443223
-1.539438
-1.731868
-2.212943
-2.405372
-4.906960
-2.982662
-3.078877
-3.463736
-2.694017
-2.501587
1.154579
3.078877
3.367521
2.790232
4.714530
5.484249
3.944811
2.694017
1.828083
3.078877
3.367521
2.790232
2.886447
2.309158
1.635653
1.924298
-0.384860
0.192430
1.154579
3.078877
0.096215
0.769719
-0.962149
-0.288645
0.481074
-0.384860
-0.192430
1.828083
0.962149
-1.539438
-1.154579
-0.481074
0.673504
-2.501587
-4.137241
-0.192430
0.865934
-1.828083
-4.425885
-4.329670
-2.982662
-4.329670
-5.195604
-7.312332
-5.772894
-2.597802
-0.481074
-3.848596
-5.195604
-7.023687
-5.965324
-4.810745
-5.676679
-9.621490
-10.968498
-8.851770
-3.944811
-0.673504
-2.309158
-6.735043
-8.659341
-10.968498
-10.198779
-5.195604
-3.078877
-0.673504
-1.539438
-6.061538
-8.947985
-9.813919
-9.910134
-9.910134
-7.697192
-5.484249
-5.580464
-6.061538
-6.061538
-7.023687
-6.831258
-10.872283
-10.872283
-8.947985
-6.927473
0.096215
2.790232
3.078877
-1.635653
-6.542613
-7.312332
-4.522100
1.154579
3.559951
-0.288645
-4.618315
-2.694017
-1.539438
0.962149
1.924298
4.425885
1.250794
-0.481074
0.288645
1.635653
1.250794
-0.192430
-3.463736
-3.848596
0.096215
4.233455
5.003175
4.329670
6.061538
6.061538
7.793407
10.679853
11.738217
11.064713
4.714530
2.020513
2.982662
4.522100
6.446398
6.831258
5.772894
2.212943
0.384860
1.924298
1.635653
2.020513
2.982662
1.154579
0.288645
1.250794
0.000000
0.288645
-1.635653
-1.443223
-2.501587
0.096215
1.058364
3.367521
-0.096215
2.309158
1.924298
1.443223
-1.154579
-4.233455
-5.484249
-3.656166
-1.731868
-1.924298
2.212943
3.752381
5.291819
5.388034
3.752381
2.309158
1.635653
1.250794
1.828083
0.096215
0.481074
1.539438
3.752381
3.848596
2.405372
0.673504
0.673504
0.481074
-0.673504
-0.096215
2.116728
3.463736
4.906960
4.329670
3.559951
4.425885
2.597802
3.559951
2.020513
0.865934
1.828083
3.078877
4.618315
5.580464
5.003175
4.522100
3.559951
4.714530
3.463736
5.869109
5.676679
5.676679
7.119902
6.350183
4.137241
5.772894
7.793407
8.563126
6.638828
5.484249
0.962149
0.192430
4.425885
4.810745
3.848596
5.291819
5.099389
4.714530
3.175092
1.924298
1.635653
2.597802
5.388034
4.522100
4.714530
7.889621
6.831258
2.501587
-0.096215
1.443223
5.676679
4.233455
2.212943
-2.212943
-1.828083
2.597802
6.446398
5.388034
4.329670
1.539438
-1.635653
-1.347009
1.347009
3.752381
3.848596
4.329670
2.694017
2.116728
3.175092
3.559951
2.886447
-1.347009
-3.559951
-2.116728
0.000000
1.828083
2.694017
3.271306
2.405372
2.212943
0.192430
-3.271306
-3.752381
-3.944811
-4.810745
-4.906960
-4.041026
-2.212943
-2.597802
-5.003175
-2.886447
-2.886447
-4.714530
-2.886447
0.192430
3.752381
3.078877
5.195604
5.003175
2.597802
-2.212943
-5.099389
-5.965324
-4.233455
-2.501587
-1.250794
0.769719
4.618315
4.041026
2.309158
1.347009
-1.443223
-2.886447
-2.501587
-1.250794
0.769719
0.673504
-1.250794
-2.405372
-2.309158
-3.848596
-4.329670
-2.597802
-0.865934
1.058364
2.597802
-0.577289
-0.481074
-0.577289
-0.288645
-0.384860
-0.384860
-2.790232
-3.078877
0.577289
2.020513
5.388034
6.061538
0.865934
-3.559951
-5.195604
-4.329670
-1.058364
1.058364
0.384860
2.020513
1.539438
0.577289
2.886447
6.157753
6.542613
6.446398
2.694017
0.192430
1.828083
4.041026
2.020513
-1.731868
-4.714530
-7.889621
-7.504762
-2.501587
0.000000
-1.250794
-3.078877
-4.522100
-4.618315
-3.367521
-3.656166
-4.714530
-8.178266
-6.927473
-5.772894
-5.003175
-4.906960
-3.463736
-5.195604
-5.676679
-5.869109
-7.600977
-7.600977
-7.408547
-7.023687
-3.752381
-2.597802
-3.656166
-3.944811
-4.810745
-5.099389
-5.484249
-5.772894
-7.216117
-2.790232
0.384860
-3.463736
-6.061538
-6.927473
-5.869109
-2.116728
0.000000
-2.501587
-6.638828
-5.003175
-2.597802
-0.865934
1.058364
-2.405372
-2.501587
0.769719
2.694017
3.752381
1.347009
-3.175092
-2.790232
3.559951
2.405372
1.058364
1.250794
0.192430
-1.924298
-3.271306
-5.484249
-6.350183
-2.694017
-1.635653
-1.828083
1.250794
3.656166
7.312332
5.388034
2.982662
-2.309158
-6.061538
-7.119902
-4.522100
0.384860
5.676679
4.233455
-0.865934
-3.367521
-0.192430
6.253968
9.236630
9.332845
3.559951
0.769719
0.384860
0.192430
-1.443223
-0.673504
2.212943
6.157753
7.697192
4.714530
2.982662
1.443223
0.192430
-1.347009
-5.869109
-12.026862
-11.064713
-4.041026
-1.635653
-2.886447
-2.020513
0.000000
5.772894
6.350183
7.600977
5.195604
-0.192430
-2.597802
-5.003175
-9.621490
-7.697192
-4.425885
-4.425885
-3.559951
-5.099389
-1.828083
-4.233455
-0.673504
1.347009
-2.212943
-3.463736
-2.116728
-1.731868
-1.443223
-2.116728
0.481074
-0.096215
0.673504
0.481074
1.443223
-1.154579
-1.058364
-4.233455
-5.676679
-5.676679
-2.116728
-2.501587
-0.769719
2.790232
2.694017
2.694017
3.944811
1.731868
-0.865934
-1.924298
-0.673504
2.501587
4.233455
4.137241
1.154579
0.288645
1.828083
2.405372
2.982662
1.635653
0.865934
-0.384860
-2.020513
-1.154579
2.309158
3.078877
2.886447
1.154579
-2.405372
-2.790232
1.347009
4.618315
3.271306
-2.694017
-4.329670
-2.597802
2.501587
3.175092
4.714530
3.175092
3.175092
5.772894
5.676679
6.542613
3.656166
0.288645
-2.790232
-2.694017
-1.924298
0.192430
0.000000
2.020513
4.137241
3.656166
1.347009
0.481074
-0.384860
-0.769719
-0.673504
0.288645
2.501587
0.962149
0.865934
-1.924298
-4.810745
-7.600977
-14.817094
-8.274481
-6.542613
-4.137241
-3.463736
0.384860
-1.443223
-2.886447
-3.271306
-2.886447
-3.078877
-5.772894
-6.253968
-8.370696
-8.466911
-3.752381
2.501587
5.676679
6.157753
3.175092
0.481074
-4.329670
-7.216117
-6.061538
-5.772894
-5.484249
-2.694017
-2.309158
-2.116728
-1.347009
0.673504
1.828083
-3.175092
-8.851770
-11.449573
-7.697192
-5.291819
-1.828083
0.769719
2.694017
3.944811
5.099389
4.810745
5.965324
4.137241
1.539438
-0.192430
1.539438
0.384860
2.116728
1.539438
3.848596
6.735043
5.291819
3.078877
2.597802
2.020513
2.116728
5.195604
6.350183
6.157753
4.714530
5.099389
4.714530
3.271306
1.731868
1.058364
0.769719
0.481074
0.577289
1.154579
4.906960
5.676679
6.831258
5.772894
6.446398
6.157753
5.195604
6.542613
7.889621
7.023687
3.271306
2.116728
-1.443223
-1.635653
-0.577289
2.694017
3.078877
0.288645
-1.347009
-1.443223
0.769719
3.944811
6.638828
5.676679
3.559951
0.384860
-2.116728
-0.577289
0.769719
-0.096215
-0.384860
-2.020513
2.212943
2.982662
-0.769719
-3.367521
-3.078877
-2.405372
-2.020513
-0.673504
-0.962149
-0.096215
2.309158
3.271306
4.618315
2.694017
3.271306
1.250794
0.577289
-0.384860
0.962149
3.848596
5.099389
3.752381
-0.673504
-3.078877
-2.790232
-1.828083
-1.347009
-0.673504
-0.865934
-3.367521
-7.793407
-8.755556
0.000000
8.178266
8.466911
5.388034
0.000000
-4.041026
-7.119902
-3.463736
0.096215
1.539438
2.694017
6.061538
7.119902
7.023687
3.559951
-0.192430
-1.154579
0.673504
3.944811
4.233455
7.889621
12.796581
12.989011
12.026862
7.408547
1.828083
-1.443223
-0.288645
-1.058364
1.058364
0.962149
-0.962149
-5.195604
-6.253968
-7.023687
-1.828083
3.656166
5.291819
3.367521
-2.886447
-5.195604
-3.848596
-4.329670
-2.212943
-1.154579
0.000000
-0.769719
-1.731868
-3.463736
-0.288645
-0.865934
-2.020513
-2.212943
-4.233455
-5.003175
-4.906960
-5.772894
-4.425885
-4.233455
-4.906960
-2.982662
1.828083
4.233455
3.944811
6.927473
6.253968
5.484249
2.212943
-3.752381
-11.257143
-15.201954
-11.064713
-7.312332
-3.848596
-1.154579
0.000000
-4.041026
-1.828083
0.000000
-1.347009
-5.869109
-7.023687
-7.023687
-7.408547
-9.717705
-13.277656
-12.700366
-5.003175
-0.096215
-1.828083
-2.309158
-4.233455
-14.047375
-8.659341
-3.271306
5.195604
4.618315
1.924298
3.367521
4.618315
3.367521
1.347009
-0.962149
-1.347009
0.769719
-1.731868
-2.116728
0.577289
2.982662
2.309158
0.288645
-1.154579
-2.212943
-0.384860
3.078877
5.099389
2.212943
-3.271306
-8.466911
-7.023687
-1.250794
5.580464
6.253968
2.597802
-5.195604
-9.044200
-5.676679
-0.192430
1.828083
3.463736
1.250794
-2.309158
-4.233455
-2.790232
-1.058364
-3.271306
-3.463736
-7.600977
-11.449573
-10.583639
-4.618315
0.481074
5.965324
11.930647
13.470085
8.466911
3.463736
1.924298
2.597802
0.865934
-2.116728
-2.982662
-1.635653
-2.886447
-2.116728
3.078877
7.119902
6.542613
7.119902
6.157753
3.559951
-1.539438
-8.466911
-7.216117
-4.137241
-3.175092
-4.618315
-5.195604
-4.137241
-4.137241
-8.178266
-9.429060
-7.504762
-7.504762
-6.446398
-3.752381
-0.865934
-2.790232
-5.676679
-7.793407
-7.216117
-7.119902
-4.906960
-3.559951
-3.848596
-0.865934
0.577289
2.982662
5.484249
2.982662
0.384860
2.982662
5.099389
8.082051
6.253968
2.790232
-3.175092
-3.559951
-2.694017
0.000000
0.769719
0.384860
0.288645
-1.347009
-2.116728
-1.347009
-3.078877
-5.099389
-6.542613
-4.618315
-2.886447
-2.597802
-2.309158
-2.982662
-1.058364
-0.192430
-0.673504
-1.443223
-0.769719
1.924298
0.192430
0.384860
1.154579
3.463736
1.828083
1.154579
0.288645
2.982662
3.175092
4.618315
7.408547
5.580464
4.425885
7.119902
8.947985
9.621490
8.563126
8.947985
6.157753
5.580464
3.656166
3.656166
5.291819
6.350183
4.329670
2.790232
0.000000
-2.116728
-1.250794
1.924298
2.982662
2.309158
3.656166
3.559951
3.367521
-0.384860
-0.096215
2.405372
0.962149
-1.539438
-2.405372
-0.384860
1.443223
3.367521
2.982662
4.041026
6.350183
6.350183
6.061538
4.233455
2.212943
0.481074
1.828083
1.154579
-0.865934
-3.271306
-3.367521
-3.078877
-1.731868
0.384860
0.673504
1.347009
0.000000
-0.192430
-2.309158
-1.924298
-5.580464
-3.175092
0.000000
3.175092
5.099389
6.831258
9.044200
9.044200
11.064713
10.487424
8.082051
4.137241
0.673504
-1.539438
-3.848596
-1.828083
-0.288645
3.175092
2.886447
2.501587
1.443223
1.924298
2.694017
3.367521
1.924298
5.291819
7.119902
7.216117
6.253968
5.772894
3.367521
3.271306
4.137241
3.656166
5.772894
6.735043
3.944811
2.597802
2.790232
3.175092
4.714530
4.810745
3.752381
4.329670
5.195604
2.886447
1.250794
-1.635653
-3.367521
-3.463736
-0.192430
1.154579
2.212943
2.020513
2.405372
3.078877
4.233455
3.656166
2.982662
1.731868
1.635653
1.443223
2.116728
0.096215
-2.501587
-1.539438
1.250794
3.944811
1.731868
0.865934
0.000000
0.192430
-0.384860
-2.405372
-2.694017
-0.577289
-0.096215
0.192430
0.481074
0.192430
0.192430
0.673504
1.154579
-3.463736
-2.886447
-0.962149
1.443223
2.212943
3.752381
4.906960
4.329670
2.020513
-0.865934
-2.501587
-1.250794
0.000000
-2.405372
-2.212943
0.865934
0.865934
0.096215
-4.137241
-5.676679
-6.542613
-5.965324
-4.714530
-3.752381
-1.154579
2.212943
2.694017
2.309158
-0.481074
-0.673504
1.443223
2.116728
2.116728
0.288645
0.865934
3.078877
5.869109
4.425885
4.714530
5.388034
5.676679
2.694017
3.463736
4.041026
7.119902
8.659341
6.735043
6.253968
7.312332
6.061538
5.291819
5.195604
5.965324
6.831258
7.600977
8.082051
9.813919
11.160928
11.449573
11.930647
10.102564
7.408547
5.388034
2.694017
-0.769719
0.962149
-0.865934
-1.443223
-0.096215
-1.058364
-2.694017
-3.463736
-0.673504
-1.443223
-2.212943
-0.769719
-0.769719
-1.828083
-3.175092
-1.347009
-0.577289
1.154579
3.367521
4.041026
3.463736
2.405372
1.635653
-1.154579
-0.769719
-0.673504
-0.962149
-2.020513
-2.309158
-3.175092
-0.384860
-2.116728
-4.425885
-4.329670
-6.350183
-6.735043
-7.216117
-8.659341
-8.851770
-8.851770
-7.119902
-3.463736
-3.463736
-4.425885
-5.772894
-6.157753
-4.041026
-3.656166
-2.597802
-2.790232
-4.522100
-3.078877
-4.810745
-7.119902
-8.851770
-7.889621
-7.697192
-6.157753
-4.137241
-1.539438
-0.577289
1.250794
2.597802
4.329670
4.137241
2.886447
0.384860
1.731868
2.886447
1.635653
0.000000
-0.769719
0.192430
0.481074
-1.731868
-2.886447
-4.906960
-5.099389
-3.559951
-2.309158
-3.175092
-3.944811
-2.116728
-2.694017
-2.116728
-2.982662
-2.597802
-5.965324
-8.563126
-8.755556
-5.484249
-4.041026
-0.673504
2.116728
4.233455
3.367521
2.982662
2.694017
4.233455
2.212943
1.828083
0.096215
0.096215
-1.443223
-3.944811
-5.099389
-2.694017
-1.443223
-0.577289
-1.250794
-1.347009
-1.347009
0.192430
0.865934
-0.192430
-2.790232
-4.041026
-3.078877
-2.501587
-2.694017
0.288645
1.347009
0.192430
0.673504
1.924298
0.288645
-0.384860
-2.886447
-4.522100
-1.828083
-2.212943
-3.559951
-4.906960
-3.656166
-2.309158
-0.481074
4.041026
4.137241
1.828083
0.865934
2.212943
4.137241
3.656166
1.828083
1.635653
2.982662
5.965324
7.023687
4.425885
0.769719
-4.329670
-1.924298
-1.347009
-13.373871
-8.274481
-7.312332
-3.656166
0.673504
1.924298
2.694017
2.886447
2.886447
1.539438
-1.058364
-4.522100
-4.714530
-2.982662
-2.020513
-1.058364
-0.384860
1.539438
1.539438
1.443223
0.481074
3.367521
1.731868
0.577289
1.924298
7.697192
8.466911
7.312332
6.157753
2.020513
-1.154579
-4.233455
-4.233455
-2.982662
-2.886447
-1.250794
-1.058364
-2.790232
-2.694017
-2.116728
0.000000
0.481074
0.865934
1.250794
3.271306
4.137241
2.982662
3.175092
5.195604
5.003175
6.350183
8.370696
11.930647
8.370696
6.061538
6.927473
5.388034
5.195604
4.810745
2.790232
2.405372
1.443223
-0.962149
0.577289
2.309158
3.559951
-0.577289
2.694017
7.600977
4.137241
0.673504
-0.481074
0.673504
-0.577289
-1.154579
-3.848596
-4.425885
-1.347009
-2.212943
0.288645
-0.673504
-3.752381
-4.425885
-2.982662
-3.463736
-4.137241
-1.539438
-0.577289
-3.367521
-3.175092
-3.752381
-6.157753
-6.927473
-3.944811
-2.212943
-4.137241
-1.539438
0.000000
0.000000
-1.443223
-2.212943
-2.790232
-3.463736
0.673504
0.384860
-1.058364
-0.384860
0.769719
0.673504
0.096215
-0.865934
-0.481074
-2.309158
0.000000
-0.096215
-0.384860
2.309158
0.481074
-1.250794
-0.288645
-2.405372
-5.099389
-5.676679
-5.580464
-2.501587
1.731868
-3.559951
-5.099389
-3.656166
-0.962149
2.020513
1.154579
-6.446398
-9.044200
-4.522100
2.790232
4.522100
2.501587
-2.116728
-7.793407
-6.927473
0.769719
4.233455
6.253968
4.810745
3.078877
2.886447
2.982662
8.563126
9.525275
5.965324
1.924298
1.443223
2.501587
3.463736
3.559951
2.309158
-4.714530
-1.635653
-1.924298
0.481074
1.924298
3.175092
2.309158
-1.924298
-3.944811
-1.828083
0.000000
1.731868
1.635653
-0.865934
-2.212943
-1.154579
-0.096215
-2.790232
-2.020513
-1.924298
-1.539438
-3.078877
-4.329670
-4.233455
-2.405372
-1.924298
-4.714530
-2.694017
-2.597802
-0.673504
-0.769719
-1.539438
-1.635653
-2.116728
-2.116728
-3.752381
-2.501587
0.288645
2.886447
0.384860
-1.539438
-2.212943
-2.116728
-4.714530
-2.982662
2.020513
4.041026
2.116728
-0.384860
-2.982662
-1.347009
-0.769719
-4.137241
-3.367521
-2.020513
0.192430
1.250794
0.769719
0.481074
-3.848596
-4.425885
-1.539438
1.731868
2.982662
0.769719
2.886447
2.020513
-0.192430
-0.769719
3.271306
3.078877
2.501587
3.463736
2.212943
1.539438
-0.577289
-1.347009
-0.192430
-0.288645
0.481074
1.635653
4.618315
3.463736
1.250794
0.673504
0.288645
-0.673504
-2.694017
-0.673504
3.848596
4.714530
3.271306
-2.020513
-2.886447
0.096215
1.731868
4.137241
1.443223
0.673504
4.906960
7.985836
7.985836
5.676679
3.752381
3.271306
6.831258
5.099389
3.944811
5.676679
7.793407
8.082051
5.195604
2.790232
5.580464
5.869109
4.714530
6.831258
6.061538
4.233455
-0.481074
-4.233455
-3.271306
-0.673504
-0.384860
0.577289
3.656166
4.906960
5.869109
2.405372
-0.384860
-0.673504
-2.116728
-3.175092
-1.539438
-0.673504
0.096215
-0.192430
-2.116728
1.154579
-0.577289
-3.367521
-0.384860
2.501587
0.865934
0.288645
-0.192430
-0.384860
0.673504
1.250794
-0.577289
-0.192430
0.577289
1.443223
1.154579
0.288645
-0.673504
0.288645
1.347009
-0.096215
0.000000
0.769719
2.982662
1.828083
1.443223
2.405372
3.944811
4.425885
3.367521
1.058364
1.058364
1.347009
2.501587
-0.192430
-1.731868
-0.673504
3.848596
3.656166
1.924298
-1.635653
-2.597802
-1.250794
-0.481074
-2.597802
-0.481074
-1.828083
-2.116728
-2.212943
0.192430
2.116728
2.405372
2.405372
4.233455
5.388034
4.041026
4.041026
2.501587
2.212943
2.886447
4.425885
4.810745
3.175092
5.965324
8.082051
8.082051
5.965324
2.982662
2.982662
-2.405372
0.096215
1.443223
2.501587
2.116728
0.577289
0.577289
0.577289
0.096215
-1.828083
-2.212943
-2.020513
-0.577289
-1.154579
0.481074
-1.635653
-1.154579
-1.154579
-4.714530
-8.082051
-8.851770
-6.446398
-4.522100
-4.137241
-2.597802
-0.288645
-3.078877
-1.154579
-3.271306
-4.041026
-5.580464
-0.673504
2.116728
3.752381
1.731868
-0.673504
-2.309158
-0.962149
0.000000
-1.924298
-6.350183
-6.927473
-1.250794
-0.673504
0.000000
-0.673504
0.192430
0.192430
0.000000
1.635653
0.769719
1.250794
0.962149
-1.154579
-0.577289
-0.384860
-1.828083
-1.058364
-0.384860
-0.865934
-0.577289
0.384860
0.384860
2.886447
2.694017
0.865934
-1.250794
0.481074
1.443223
-2.405372
-4.329670
-6.446398
-5.965324
-4.041026
0.000000
1.828083
1.347009
1.443223
1.058364
0.481074
-0.481074
1.443223
2.212943
2.212943
2.212943
1.731868
0.000000
1.154579
3.367521
5.099389
3.848596
4.329670
4.233455
3.175092
4.522100
-4.522100
5.003175
3.367521
1.828083
2.116728
