-4.810745
-6.253968
-4.906960
-5.099389
-1.924298
1.731868
2.020513
-1.058364
-2.982662
-5.291819
-2.790232
-1.539438
-1.443223
-3.559951
-6.638828
-7.985836
-5.965324
-3.944811
-2.020513
-1.250794
-1.924298
-3.656166
-2.886447
-1.443223
0.769719
-0.288645
-2.212943
-5.772894
-5.772894
-1.828083
2.212943
0.000000
1.058364
-0.384860
-1.058364
-0.192430
0.577289
3.944811
3.944811
3.463736
-0.096215
-3.848596
-3.656166
-1.828083
2.405372
2.694017
-0.673504
-0.769719
-1.924298
-1.154579
-3.175092
0.481074
-0.192430
-5.676679
-3.271306
0.769719
1.058364
0.962149
-3.078877
-3.848596
-3.078877
-0.192430
-1.058364
1.539438
1.347009
-2.116728
-4.522100
-0.865934
2.309158
2.694017
-0.096215
1.924298
3.271306
5.003175
6.253968
9.910134
9.140415
4.714530
3.944811
7.023687
8.274481
9.044200
5.195604
3.367521
1.828083
1.154579
2.886447
4.041026
4.522100
7.408547
6.831258
7.408547
5.772894
6.157753
3.559951
2.501587
2.116728
3.944811
4.329670
7.023687
5.099389
2.886447
2.405372
0.769719
-0.192430
2.212943
3.752381
3.848596
4.714530
6.446398
5.676679
4.041026
3.463736
2.790232
-5.580464
-1.635653
0.769719
1.635653
3.271306
3.944811
3.078877
-1.058364
-3.944811
-5.388034
-4.137241
-2.790232
0.000000
0.192430
0.577289
2.886447
3.271306
1.250794
2.116728
3.367521
2.309158
0.384860
2.790232
6.735043
5.099389
0.577289
-1.828083
-3.848596
-1.539438
-2.116728
-2.790232
-1.828083
1.154579
1.731868
-0.384860
0.288645
2.309158
1.635653
2.405372
2.405372
2.790232
2.405372
2.694017
1.635653
3.752381
3.175092
1.731868
-1.828083
-3.367521
-5.003175
-5.195604
-4.137241
-0.577289
3.175092
0.384860
-1.443223
-2.309158
-2.501587
-1.347009
-1.635653
-1.731868
0.000000
0.481074
-0.577289
0.962149
3.559951
4.714530
3.175092
2.694017
0.192430
4.810745
3.944811
5.195604
0.769719
0.192430
1.250794
2.309158
2.116728
0.000000
-0.673504
2.212943
0.769719
0.962149
0.673504
2.405372
-0.962149
-3.078877
-4.522100
-3.848596
-1.828083
-1.731868
-1.828083
-4.041026
-4.329670
-2.886447
-1.635653
-0.096215
1.924298
1.154579
0.000000
0.962149
0.962149
0.481074
-3.078877
-5.965324
-2.597802
-2.020513
-3.078877
-3.463736
-3.271306
-1.539438
-0.769719
-1.058364
1.347009
0.288645
-1.347009
-1.539438
-2.212943
-0.481074
0.962149
1.347009
-3.175092
-4.137241
-4.137241
-1.058364
0.000000
0.192430
0.192430
-0.096215
-0.384860
-0.673504
-0.577289
1.154579
-1.058364
1.924298
0.481074
0.096215
-1.154579
-2.597802
-1.539438
0.192430
2.116728
1.539438
3.271306
1.058364
-2.501587
-4.041026
-5.484249
-6.735043
-8.466911
-6.735043
-3.848596
-1.347009
-1.058364
1.250794
0.962149
-0.192430
-0.481074
1.828083
0.962149
1.828083
-0.384860
3.367521
2.982662
4.041026
5.772894
6.831258
7.889621
5.291819
2.405372
1.828083
3.367521
3.559951
4.425885
5.195604
4.906960
4.522100
2.405372
0.769719
-9.525275
-1.250794
-0.384860
-0.192430
-0.096215
-0.096215
-0.192430
-0.288645
-2.212943
-0.769719
-2.694017
-5.003175
-4.522100
-1.828083
-1.924298
-1.250794
-0.865934
-0.865934
0.000000
-0.096215
-0.481074
0.962149
2.501587
3.463736
4.425885
1.347009
-0.192430
0.865934
-1.731868
-4.906960
-4.810745
-2.405372
-2.309158
-0.769719
1.924298
0.000000
-1.635653
0.096215
-0.096215
0.288645
0.192430
-3.463736
-2.694017
-2.694017
-5.772894
-3.848596
-1.058364
-3.175092
-5.676679
-5.772894
-5.291819
-2.212943
-2.790232
-3.175092
-0.673504
0.481074
-0.288645
-1.635653
-7.312332
-3.848596
-2.116728
-0.769719
-1.250794
-1.924298
-5.003175
-5.291819
-3.944811
-2.020513
-0.673504
-0.865934
-2.405372
-2.020513
0.000000
0.481074
-3.559951
-8.370696
-6.253968
-1.347009
0.865934
1.250794
-2.116728
-5.388034
-6.253968
-0.865934
1.828083
2.694017
1.539438
-0.384860
-0.865934
-4.329670
-3.752381
0.384860
2.309158
2.116728
1.443223
-1.154579
-1.539438
0.673504
-0.481074
-0.673504
0.192430
1.058364
-1.443223
-2.501587
1.250794
-1.154579
-3.656166
-3.175092
-2.597802
-2.309158
-1.828083
-1.828083
-2.501587
-1.250794
-0.673504
-0.288645
0.962149
1.828083
1.250794
2.212943
3.175092
2.982662
3.271306
-1.250794
-1.058364
-1.443223
-0.769719
-1.058364
-2.405372
-2.116728
-2.116728
-1.347009
-1.539438
-4.522100
-2.982662
-1.635653
2.982662
2.694017
1.731868
0.769719
0.769719
0.673504
1.731868
0.769719
0.384860
-1.347009
-2.020513
-1.154579
-0.096215
0.192430
0.000000
0.577289
-0.769719
-2.212943
-0.384860
1.828083
-1.058364
-2.790232
-2.982662
-4.906960
-3.463736
-3.752381
-5.003175
-4.329670
-3.656166
-2.694017
-2.886447
-1.250794
-0.962149
-1.058364
-0.384860
-2.501587
-4.137241
-0.769719
-0.673504
0.481074
-0.192430
-3.752381
-5.484249
-2.790232
-2.309158
-2.597802
-1.635653
-0.096215
0.384860
4.233455
7.023687
6.350183
4.522100
2.020513
3.175092
3.463736
0.769719
-0.769719
-0.673504
2.020513
6.253968
6.061538
5.965324
6.638828
5.869109
4.618315
5.195604
9.813919
8.274481
3.848596
1.539438
1.154579
0.192430
0.769719
0.384860
-0.096215
-1.731868
-0.577289
-3.175092
-1.828083
-4.137241
-8.178266
-4.906960
-3.752381
-2.309158
-2.982662
0.096215
2.405372
0.000000
-0.865934
-1.539438
-2.597802
-3.463736
-4.425885
-1.731868
1.731868
0.577289
-0.096215
0.481074
1.058364
-0.192430
-0.962149
-6.061538
-7.697192
-5.965324
-3.367521
-3.078877
-2.597802
-1.828083
-1.058364
-1.828083
-0.384860
-0.384860
-0.481074
-0.769719
-1.058364
0.096215
3.078877
1.924298
0.000000
-1.347009
-3.078877
-6.350183
-5.291819
-3.944811
-3.848596
-2.212943
0.000000
1.347009
1.443223
0.673504
-0.192430
-1.443223
-2.020513
-3.848596
-4.425885
-3.463736
-1.731868
-0.577289
0.673504
1.731868
0.000000
-1.443223
0.481074
1.058364
0.962149
-1.250794
0.192430
-0.865934
-2.597802
1.058364
-5.003175
3.463736
3.656166
0.384860
-1.154579
-3.078877
-3.271306
0.000000
2.212943
2.982662
4.137241
5.099389
1.924298
2.790232
4.041026
1.924298
2.405372
0.962149
-0.096215
2.886447
2.309158
0.962149
2.116728
3.078877
1.924298
3.463736
0.000000
-2.309158
-3.656166
-3.271306
0.192430
-2.886447
-4.041026
-5.772894
-2.020513
-1.058364
-2.982662
-0.769719
-1.443223
-1.828083
0.481074
1.347009
0.673504
2.597802
2.309158
0.481074
2.212943
3.271306
4.233455
3.175092
3.078877
2.694017
3.078877
5.195604
7.216117
6.253968
6.927473
7.408547
4.618315
2.020513
2.597802
1.731868
2.886447
5.099389
4.714530
2.020513
1.347009
1.539438
0.096215
0.096215
0.288645
-1.539438
-0.096215
0.673504
3.367521
5.099389
6.542613
6.446398
4.329670
2.790232
0.769719
0.288645
-0.865934
-0.577289
1.443223
4.522100
4.522100
2.405372
-1.154579
-4.425885
-2.886447
-1.347009
-2.790232
-4.522100
-2.020513
0.000000
1.058364
2.116728
1.443223
2.405372
6.157753
6.446398
5.772894
2.212943
0.288645
1.347009
4.906960
6.542613
8.274481
6.831258
4.137241
1.058364
2.212943
0.962149
-0.865934
-1.058364
1.250794
5.869109
6.542613
7.600977
6.157753
1.828083
-1.731868
-2.116728
-2.694017
-0.384860
0.865934
5.291819
2.790232
2.982662
3.271306
2.405372
3.752381
2.886447
2.694017
3.656166
6.061538
4.041026
1.347009
1.731868
3.078877
2.405372
0.865934
2.020513
2.982662
-0.769719
-4.425885
-3.656166
-3.559951
-2.982662
-2.212943
-1.250794
-3.656166
-3.078877
-4.425885
-0.769719
1.250794
2.501587
0.288645
-0.192430
-2.405372
-2.694017
-2.020513
-0.577289
2.116728
4.233455
3.175092
0.288645
0.384860
-1.058364
-3.367521
-2.501587
1.443223
5.099389
2.790232
-3.848596
5.003175
5.195604
3.752381
0.384860
-2.020513
-2.212943
-0.673504
2.212943
2.309158
3.175092
2.405372
5.099389
2.886447
2.694017
-0.481074
-2.020513
-2.212943
0.096215
4.714530
1.828083
-2.116728
-1.635653
0.481074
-1.731868
-0.673504
1.443223
5.099389
9.525275
2.886447
2.694017
4.425885
5.772894
5.484249
5.772894
5.869109
5.003175
5.965324
4.618315
4.618315
5.965324
5.965324
6.350183
5.291819
5.676679
4.041026
1.731868
1.443223
0.577289
0.288645
-0.577289
-1.443223
-3.944811
-3.463736
-2.405372
-1.058364
2.694017
-0.096215
0.096215
1.443223
0.000000
0.288645
0.384860
2.501587
0.096215
0.384860
-1.635653
0.192430
2.309158
0.096215
-1.250794
-4.233455
-7.023687
-7.408547
-7.216117
-9.236630
-6.831258
-3.078877
-1.539438
-2.309158
-2.020513
-3.367521
-5.099389
-8.755556
-4.714530
-6.350183
-6.253968
-2.694017
0.769719
0.481074
-2.309158
-4.329670
-2.694017
-1.731868
-1.635653
-3.271306
0.096215
4.233455
5.003175
3.752381
1.635653
1.924298
0.288645
1.058364
1.347009
1.635653
0.769719
-1.250794
-2.116728
0.673504
-2.116728
-3.559951
-4.041026
-4.522100
-3.271306
-1.731868
1.154579
2.212943
2.020513
0.384860
0.769719
-0.962149
2.405372
4.906960
2.116728
1.250794
1.635653
0.577289
-0.962149
-2.982662
-3.463736
-3.271306
-4.714530
-6.157753
-7.119902
-6.927473
-8.947985
-10.583639
-8.659341
-2.982662
-2.212943
-2.501587
-2.694017
-1.443223
-2.212943
-3.559951
-3.848596
-5.291819
-3.078877
-0.673504
-0.865934
-1.443223
-2.020513
-1.347009
0.577289
-1.635653
0.096215
-0.577289
-1.924298
-4.041026
-5.099389
-4.810745
-4.233455
-3.656166
-6.350183
-4.618315
-3.463736
-4.041026
-3.463736
-1.924298
-1.347009
-1.635653
-0.865934
0.192430
-0.192430
-0.192430
0.000000
0.481074
-2.116728
-2.886447
-0.769719
1.250794
2.212943
3.078877
2.212943
1.347009
-5.388034
-8.947985
-9.429060
-7.119902
-3.078877
1.828083
3.848596
5.388034
5.580464
6.927473
2.020513
0.481074
1.539438
0.962149
-1.250794
-2.116728
-1.058364
-1.731868
-2.694017
-3.367521
-3.463736
-1.154579
-1.154579
2.405372
0.673504
-1.058364
-0.192430
-0.192430
0.192430
3.944811
5.965324
5.965324
4.137241
3.367521
0.673504
0.000000
-0.962149
-0.577289
0.769719
3.367521
6.253968
4.329670
7.504762
7.119902
6.831258
9.140415
8.755556
6.638828
9.429060
9.525275
5.676679
-2.309158
-5.388034
-6.542613
-3.463736
-3.271306
-3.944811
-6.253968
-5.869109
-6.735043
-4.906960
-3.656166
-6.253968
-6.638828
-5.965324
-7.504762
-5.388034
-4.522100
-0.384860
1.250794
2.501587
2.501587
-1.347009
-0.769719
2.116728
1.443223
2.501587
4.522100
3.271306
2.405372
0.769719
-3.848596
-5.099389
-3.271306
-1.731868
-2.790232
-1.924298
-2.501587
-7.697192
-5.195604
-3.752381
-1.539438
1.828083
0.000000
0.000000
1.924298
3.175092
2.982662
1.635653
2.982662
1.443223
-0.192430
0.000000
0.288645
4.137241
0.000000
-2.982662
-1.731868
-0.288645
-1.539438
-2.309158
-4.041026
-3.078877
-1.635653
-1.539438
-3.175092
-3.463736
-1.828083
-2.212943
0.000000
0.577289
1.058364
0.192430
-1.058364
-0.384860
-1.924298
-1.924298
-2.116728
-1.924298
-0.673504
2.309158
5.291819
6.061538
6.350183
4.522100
5.291819
3.848596
5.003175
4.137241
3.656166
4.041026
4.137241
4.425885
5.484249
3.848596
1.828083
3.175092
1.250794
-1.250794
0.000000
4.618315
6.735043
8.274481
6.735043
5.195604
2.982662
-1.443223
-3.078877
-8.563126
-10.102564
-8.659341
-4.714530
-0.962149
2.790232
4.425885
2.116728
3.848596
3.175092
-0.769719
-2.309158
-1.443223
-2.020513
0.192430
4.906960
4.522100
2.597802
4.137241
6.542613
7.023687
5.772894
4.714530
5.195604
3.271306
1.250794
-2.405372
3.175092
5.869109
5.772894
3.752381
1.924298
-1.731868
-2.790232
-4.233455
-2.982662
-1.635653
-1.539438
-1.250794
-1.058364
2.020513
0.577289
1.731868
-0.192430
-4.041026
-6.157753
-7.216117
-6.735043
-5.772894
-4.810745
-3.175092
-1.058364
-1.731868
-1.539438
0.769719
2.405372
0.769719
-0.481074
2.020513
-7.985836
2.309158
1.250794
1.154579
1.924298
3.078877
1.731868
-0.096215
-3.271306
-3.271306
-2.694017
-3.271306
-1.539438
-0.192430
2.886447
2.309158
2.116728
2.405372
1.443223
3.175092
3.078877
0.962149
1.443223
-0.962149
-2.020513
-1.058364
-1.347009
-0.481074
2.309158
5.003175
7.793407
10.583639
8.466911
8.659341
8.659341
7.119902
5.580464
3.463736
-0.577289
-6.831258
-10.391209
-11.257143
-3.944811
-0.577289
2.116728
2.405372
1.443223
1.828083
1.250794
0.000000
-0.384860
-2.212943
-1.924298
-3.944811
-3.078877
-1.154579
-0.096215
0.000000
1.058364
-0.192430
1.154579
-1.347009
-2.212943
1.539438
3.752381
4.233455
1.347009
-0.769719
-1.154579
0.096215
0.865934
1.058364
-0.769719
-1.347009
-2.212943
-0.577289
-2.982662
-4.906960
-2.501587
0.288645
0.865934
3.367521
1.731868
-0.288645
-0.577289
-0.769719
0.096215
-0.384860
-3.463736
-6.446398
-8.370696
-7.023687
-4.329670
-1.731868
1.924298
2.597802
2.597802
2.309158
3.271306
2.501587
1.154579
0.673504
0.096215
0.000000
2.116728
2.597802
-5.195604
2.212943
1.539438
1.924298
3.078877
1.924298
4.137241
3.944811
5.580464
6.446398
5.195604
4.425885
3.078877
1.347009
1.635653
1.250794
0.481074
0.000000
3.752381
6.542613
8.466911
7.312332
8.755556
8.755556
6.831258
3.175092
0.000000
-0.384860
-0.865934
-2.309158
-1.731868
1.058364
0.192430
-1.443223
-4.714530
-4.618315
-3.944811
-1.250794
-1.058364
-0.962149
-2.405372
-4.041026
-3.848596
-3.463736
-6.253968
-8.851770
-6.831258
-3.559951
-2.116728
-0.673504
-0.192430
-0.192430
1.154579
2.501587
4.137241
1.635653
0.673504
0.384860
2.020513
1.635653
3.848596
3.078877
2.790232
1.828083
0.288645
1.828083
-0.577289
-6.735043
-8.274481
-4.810745
-1.443223
-0.288645
0.577289
-1.731868
-3.078877
-3.752381
-6.157753
-9.429060
-8.947985
-10.583639
-7.312332
-6.350183
-2.116728
2.501587
1.828083
0.673504
0.288645
-0.288645
-2.501587
-4.233455
-2.886447
-2.212943
-7.697192
0.769719
2.405372
2.309158
4.329670
8.755556
11.160928
9.910134
6.157753
5.195604
4.522100
7.119902
7.119902
5.676679
8.659341
8.851770
9.525275
7.889621
7.216117
2.501587
-1.058364
-1.347009
0.384860
-8.082051
1.924298
1.443223
2.597802
4.137241
2.309158
0.673504
-1.539438
-1.828083
-5.965324
-7.023687
-5.484249
-1.924298
-1.058364
-1.154579
-1.058364
-1.635653
-2.501587
-1.828083
0.000000
0.192430
-0.769719
-2.982662
-2.405372
-2.597802
-0.096215
-0.288645
2.982662
1.250794
-2.597802
-3.559951
-4.618315
-4.522100
-4.714530
0.096215
3.656166
2.501587
3.848596
0.096215
-4.041026
-4.810745
-7.312332
-9.140415
-10.679853
-9.332845
-8.178266
-7.793407
-6.735043
-4.137241
1.250794
6.927473
9.813919
10.102564
9.332845
4.233455
-0.673504
-1.154579
-0.577289
1.539438
1.058364
-1.154579
-0.577289
0.000000
-2.694017
-0.865934
-1.635653
-4.041026
-5.965324
-5.965324
-6.350183
-5.965324
-4.233455
0.096215
-0.096215
-1.539438
-0.962149
-2.597802
-7.697192
-9.332845
-8.659341
-5.580464
-2.212943
-2.886447
-0.096215
-0.288645
0.384860
0.192430
0.577289
-0.577289
-2.020513
-2.694017
-2.694017
-3.656166
-13.662515
-7.119902
-7.408547
-8.755556
-5.869109
-4.714530
0.000000
1.828083
-0.481074
0.096215
-3.367521
-6.542613
-7.312332
-9.140415
-6.831258
-5.965324
-8.274481
-8.659341
-6.927473
-6.446398
-4.522100
-4.522100
-6.638828
-7.216117
-6.253968
-7.985836
-8.178266
-6.350183
-5.965324
-5.869109
-3.752381
-1.828083
-2.501587
-1.731868
-2.020513
-3.078877
-3.175092
-4.329670
-3.752381
-6.638828
-6.927473
-6.735043
-7.600977
-7.697192
-6.446398
-6.831258
-5.484249
-6.253968
-5.388034
-2.790232
-1.924298
-2.501587
-4.522100
-2.886447
-0.288645
-0.192430
-0.192430
-1.828083
2.694017
4.522100
3.559951
2.982662
0.577289
-1.154579
-3.078877
-1.635653
2.405372
2.886447
2.982662
0.673504
-1.154579
-0.192430
-0.769719
-3.559951
-4.618315
-2.597802
0.481074
3.848596
3.463736
0.577289
1.347009
5.772894
9.044200
10.776068
4.522100
0.769719
0.769719
2.309158
1.154579
1.347009
3.078877
5.388034
5.388034
4.233455
3.271306
2.982662
5.195604
5.965324
3.367521
2.116728
5.003175
7.023687
4.522100
5.003175
7.985836
8.370696
9.429060
8.755556
5.291819
3.367521
3.848596
3.752381
2.694017
4.618315
3.656166
5.580464
6.350183
5.869109
5.195604
2.886447
0.769719
2.116728
0.673504
1.250794
2.501587
2.790232
3.175092
2.982662
7.408547
8.274481
10.006349
6.446398
1.250794
1.924298
3.559951
3.752381
2.501587
2.212943
-0.865934
-0.384860
1.443223
2.309158
1.828083
0.192430
1.443223
2.212943
1.443223
4.618315
5.869109
2.982662
1.347009
2.790232
4.329670
9.140415
7.119902
5.965324
5.291819
4.329670
4.329670
3.656166
2.020513
2.020513
7.697192
9.910134
10.198779
12.219292
11.064713
8.563126
4.137241
0.481074
-0.673504
-0.865934
3.463736
6.350183
4.810745
3.559951
5.580464
7.889621
4.041026
2.212943
0.577289
-0.577289
1.250794
2.116728
1.154579
0.192430
-0.288645
1.924298
5.099389
7.504762
7.312332
3.175092
3.078877
0.192430
-1.924298
-3.078877
-0.384860
2.790232
7.119902
8.755556
10.776068
9.236630
4.233455
2.405372
2.309158
-1.154579
-0.096215
-2.116728
-2.309158
-1.924298
1.443223
2.790232
0.577289
-2.309158
-1.443223
-0.288645
0.096215
-1.731868
-1.058364
-1.924298
-4.810745
-3.175092
-2.886447
0.000000
1.924298
0.192430
2.405372
0.865934
1.154579
0.096215
-0.962149
-1.635653
-0.481074
-3.271306
-3.271306
-3.752381
-0.288645
-1.539438
-5.580464
-7.023687
-6.446398
-9.140415
-7.793407
-5.965324
-5.580464
-4.810745
-3.656166
-2.020513
0.577289
0.000000
0.096215
-4.041026
-6.638828
-9.429060
-10.583639
-10.198779
-6.735043
-4.137241
-2.886447
-2.790232
-1.539438
2.405372
0.000000
-3.367521
-1.828083
-0.481074
-0.192430
0.000000
0.192430
-1.731868
-0.096215
-0.865934
-2.790232
-5.772894
-7.312332
-7.408547
-6.157753
-7.408547
-7.504762
-6.157753
-6.831258
-4.329670
-2.597802
-1.731868
-3.078877
-4.522100
-0.384860
4.233455
4.810745
5.388034
5.388034
3.559951
1.924298
2.694017
3.656166
1.347009
2.309158
4.425885
6.831258
6.542613
7.697192
10.006349
8.370696
9.621490
7.119902
5.869109
2.597802
2.886447
2.501587
-1.443223
-5.291819
-4.137241
-1.635653
-0.192430
2.886447
7.985836
6.927473
7.504762
8.274481
5.291819
4.810745
1.347009
1.539438
2.790232
2.694017
4.810745
5.580464
5.676679
4.906960
5.484249
6.446398
5.869109
3.848596
2.982662
4.329670
4.618315
5.291819
2.886447
3.271306
3.944811
0.000000
-1.443223
-2.790232
-4.137241
-7.408547
-11.353358
-13.951160
-14.239805
-14.817094
-11.160928
-7.600977
-5.869109
-0.962149
2.790232
8.755556
12.219292
10.679853
6.927473
6.542613
6.542613
4.329670
1.347009
1.250794
-1.058364
-2.597802
-1.347009
-3.175092
-2.020513
-2.405372
1.250794
5.580464
6.638828
4.906960
2.405372
-0.769719
-4.233455
-4.810745
-5.965324
-2.212943
-1.731868
-1.731868
-10.487424
-5.099389
-4.906960
-2.116728
-0.673504
2.116728
4.041026
1.154579
-0.192430
-1.828083
-2.116728
-4.618315
-7.697192
-8.659341
-9.910134
-7.023687
-4.137241
-4.522100
-4.522100
-5.965324
-7.889621
-9.717705
-9.525275
-5.965324
-4.233455
-4.618315
-0.481074
2.309158
4.906960
-4.714530
4.233455
3.752381
2.694017
0.769719
-1.347009
-3.752381
-5.580464
-4.714530
-3.175092
-2.982662
-2.694017
-3.848596
-4.041026
-3.559951
-4.137241
-5.003175
-5.099389
-4.329670
-2.309158
-2.309158
-1.347009
-1.058364
0.096215
0.000000
-10.294994
-2.597802
-2.212943
-2.405372
-3.463736
-0.577289
-0.288645
0.096215
0.769719
-0.192430
-0.192430
0.000000
-2.982662
-5.195604
-8.178266
-7.985836
-6.927473
-8.274481
-8.851770
-5.388034
-0.577289
3.752381
3.944811
-0.096215
-4.522100
-5.965324
-4.329670
-5.965324
-5.388034
-1.924298
-1.347009
-2.020513
0.962149
0.577289
0.192430
1.154579
-0.769719
-0.096215
1.347009
-0.384860
-0.577289
-1.250794
4.137241
4.810745
0.865934
0.384860
-0.673504
-2.020513
-2.886447
-2.597802
-2.501587
-1.443223
-0.962149
0.000000
5.676679
6.542613
6.542613
7.985836
2.597802
0.673504
1.250794
1.635653
3.752381
6.735043
3.078877
1.635653
-3.078877
-0.481074
-1.828083
-2.982662
-4.522100
-7.312332
-5.291819
-0.865934
2.694017
6.157753
5.965324
3.559951
4.714530
7.312332
8.755556
8.659341
10.583639
11.834432
11.545788
7.216117
4.906960
4.233455
3.559951
1.539438
2.982662
2.694017
1.443223
