-3.063736
2.072527
3.424176
5.046154
2.342857
1.261538
-3.153846
-6.217582
-6.487912
-5.676923
-4.505495
-0.901099
4.054945
5.226374
5.046154
1.261538
-3.874725
-7.298901
-8.830769
-10.723077
-8.380220
-10.632967
-4.415385
-0.270330
6.127473
10.452747
10.993407
4.054945
-2.883516
-5.046154
-5.767033
-8.290110
-3.874725
-0.090110
2.613187
3.694505
7.298901
6.848352
5.767033
3.964835
0.720879
-0.540659
-3.874725
-3.874725
-2.703297
-3.334066
-2.523077
0.450549
1.892308
1.802198
-0.450549
2.523077
5.586813
1.351648
-3.243956
-7.839560
-8.920879
-8.019780
-6.037363
-1.892308
2.432967
3.694505
3.784615
5.226374
2.793407
2.072527
0.270330
-2.432967
-5.316484
-0.901099
3.514286
4.325275
3.964835
3.874725
5.226374
3.604396
-0.360440
-1.441758
-2.523077
-0.630769
1.171429
3.604396
4.235165
4.505495
3.694505
1.171429
-0.901099
-3.063736
-3.334066
-0.180220
4.775824
6.307692
5.767033
3.784615
2.703297
0.270330
-1.802198
-4.595604
-3.694505
2.342857
2.523077
1.712088
1.261538
0.090110
-2.613187
-7.028571
-7.479121
-4.685714
-1.712088
2.162637
5.496703
6.397802
5.947253
1.802198
-0.540659
-3.424176
-1.892308
-2.162637
2.613187
4.145055
4.956044
6.487912
6.668132
5.857143
3.153846
0.630769
1.621978
1.351648
2.793407
6.668132
8.650549
5.496703
4.325275
3.694505
0.090110
0.720879
0.360440
1.982418
4.775824
4.325275
6.127473
3.334066
1.261538
0.360440
-0.991209
3.063736
4.415385
3.243956
2.883516
5.857143
10.723077
9.461538
8.019780
0.450549
-4.865934
-4.415385
-4.145055
-2.342857
-1.171429
2.613187
4.054945
4.595604
2.252747
2.162637
0.630769
-0.270330
-1.081319
-0.901099
1.351648
0.180220
2.883516
3.604396
2.072527
1.171429
-1.892308
-3.153846
-3.604396
-3.604396
-4.415385
-3.063736
-1.441758
0.000000
3.153846
7.839560
6.127473
4.775824
5.857143
1.171429
0.360440
0.540659
-0.991209
0.540659
4.235165
6.217582
5.767033
5.226374
1.441758
1.892308
1.351648
-0.270330
-5.767033
-1.712088
-1.531868
-2.613187
-1.712088
3.514286
4.956044
5.226374
1.081319
-0.630769
-2.432967
-3.514286
-2.883516
-0.630769
-0.090110
-0.450549
1.171429
1.441758
0.000000
-1.171429
-1.982418
-0.901099
-2.342857
-0.180220
-1.892308
0.450549
-0.450549
2.252747
3.153846
3.063736
0.450549
1.621978
4.505495
7.929670
6.217582
5.316484
4.865934
5.676923
5.676923
2.613187
1.441758
4.235165
0.810989
-1.712088
-0.630769
2.072527
0.180220
-0.180220
3.694505
5.496703
2.613187
-4.325275
-7.028571
-6.397802
-2.793407
0.360440
0.090110
0.270330
-0.540659
-1.081319
-1.802198
-4.325275
-2.342857
-1.982418
-0.270330
-0.901099
0.540659
1.261538
0.540659
1.802198
2.703297
3.514286
5.316484
8.650549
6.487912
5.316484
1.261538
0.360440
-1.171429
-0.630769
-1.892308
-2.342857
1.351648
1.441758
-1.441758
-0.901099
-0.090110
2.973626
1.621978
0.000000
0.991209
2.613187
5.136264
3.604396
0.720879
1.171429
0.720879
-1.982418
-2.703297
0.180220
-3.694505
-2.973626
-0.810989
2.342857
1.802198
4.865934
0.991209
-2.793407
-5.226374
-4.325275
-2.973626
0.270330
-0.270330
2.883516
2.973626
0.630769
-1.171429
-0.810989
-2.432967
-1.441758
-2.072527
-2.432967
-1.982418
2.973626
3.063736
3.243956
2.252747
5.586813
2.613187
0.901099
-1.441758
-1.712088
0.270330
0.901099
1.171429
6.217582
5.136264
2.613187
3.874725
1.171429
0.630769
3.063736
4.235165
2.703297
-3.243956
-7.839560
-7.389011
-7.749451
-6.578022
-5.226374
-4.054945
-1.261538
-0.450549
0.720879
-3.874725
-3.604396
-5.947253
-7.569231
-7.929670
-5.226374
-3.694505
-3.694505
0.450549
4.325275
0.630769
2.523077
1.351648
1.802198
3.694505
4.054945
4.775824
2.432967
-0.270330
0.540659
1.081319
0.630769
1.261538
1.531868
3.063736
2.342857
2.432967
2.883516
0.901099
-0.540659
-3.243956
-2.793407
-2.703297
-0.720879
-2.342857
-0.540659
2.883516
4.685714
7.118681
5.136264
2.252747
2.162637
0.991209
0.810989
-3.514286
-1.892308
-1.982418
1.261538
1.621978
2.342857
5.136264
5.947253
4.145055
1.982418
-0.090110
-1.531868
-3.604396
-1.712088
-2.432967
-0.991209
0.270330
0.630769
1.802198
1.171429
0.090110
1.892308
1.802198
3.063736
3.243956
4.235165
4.325275
2.252747
0.630769
1.171429
1.531868
1.171429
0.180220
0.720879
1.081319
-1.081319
-3.694505
-4.595604
1.531868
0.901099
-1.621978
-2.973626
-5.586813
-7.028571
-6.848352
-3.784615
-0.540659
-1.081319
0.540659
1.531868
-0.180220
0.360440
0.270330
-2.432967
-1.712088
-0.901099
0.270330
1.171429
2.973626
1.081319
2.973626
5.406593
6.127473
6.037363
9.912088
8.920879
5.947253
3.784615
2.162637
-0.090110
-2.162637
-3.243956
-2.523077
-1.261538
0.270330
1.892308
5.496703
6.037363
9.821978
8.470330
10.272527
7.208791
6.127473
4.505495
0.540659
-0.810989
-0.270330
-2.883516
-3.694505
-3.694505
-3.424176
-6.037363
-6.307692
-8.470330
-5.136264
-4.145055
-0.540659
1.081319
4.325275
4.054945
4.956044
0.360440
1.171429
0.000000
2.523077
-1.261538
-2.342857
-3.424176
-4.054945
-7.749451
-7.659341
-6.578022
-5.676923
-9.101099
-8.200000
-4.595604
0.540659
-0.090110
-0.630769
0.270330
3.153846
3.874725
4.505495
3.694505
1.441758
-1.712088
-5.496703
-3.243956
-1.621978
-5.767033
-5.136264
-4.235165
-2.793407
-2.973626
0.360440
4.956044
5.226374
5.586813
4.685714
11.353846
11.624176
7.479121
1.712088
-2.162637
-4.145055
-7.389011
-9.101099
-6.397802
-3.424176
-1.171429
-1.351648
-0.630769
1.081319
3.604396
3.243956
2.703297
1.621978
-1.712088
-2.793407
-2.613187
-6.127473
-6.938462
-5.406593
-3.874725
-1.712088
-2.432967
-4.054945
-2.432967
-2.252747
-2.703297
-7.118681
-2.703297
-0.630769
0.991209
1.802198
2.973626
5.046154
5.676923
3.694505
4.235165
1.531868
1.171429
-4.235165
-3.874725
-4.054945
-2.523077
0.630769
2.793407
3.153846
4.235165
5.316484
3.153846
1.892308
-0.090110
-1.531868
0.450549
0.180220
-1.261538
0.810989
0.540659
-0.540659
-2.072527
-4.956044
-1.261538
-0.901099
-3.514286
-0.450549
2.973626
1.441758
1.892308
0.901099
2.883516
1.712088
3.514286
-0.180220
0.360440
2.973626
0.540659
1.351648
0.720879
2.162637
2.613187
1.892308
3.243956
3.784615
3.964835
3.874725
2.613187
3.964835
2.432967
0.270330
1.621978
-1.441758
-1.621978
-5.226374
-7.028571
-6.578022
-4.145055
-4.325275
-2.793407
-2.973626
-1.802198
-2.613187
2.072527
4.325275
2.432967
-1.892308
-6.217582
-2.793407
-1.712088
-1.081319
-1.892308
-2.703297
-0.720879
-7.659341
-2.613187
-3.604396
-5.046154
-2.883516
-3.153846
-1.892308
2.703297
5.046154
5.316484
6.938462
8.740659
9.641758
10.272527
11.624176
10.272527
9.731868
5.226374
7.479121
5.947253
3.784615
5.226374
3.694505
4.865934
6.217582
7.479121
10.542857
12.525275
10.002198
12.975824
10.362637
8.290110
8.200000
3.874725
2.432967
2.162637
3.243956
0.901099
0.000000
-2.072527
-1.982418
-2.342857
-0.630769
3.784615
6.037363
6.578022
7.028571
4.415385
4.956044
5.586813
4.685714
4.685714
5.226374
4.595604
5.136264
4.415385
2.342857
-0.270330
0.270330
0.720879
3.153846
-4.415385
0.270330
-2.252747
-3.694505
-4.505495
-2.883516
-0.360440
3.243956
3.694505
5.136264
4.235165
2.703297
2.703297
-0.180220
-1.261538
-2.432967
-4.325275
-5.406593
-3.694505
-4.775824
-4.415385
-1.712088
-0.991209
1.531868
2.883516
9.912088
8.290110
6.217582
1.531868
-2.342857
-4.956044
-5.676923
-7.479121
-8.920879
-8.380220
-8.560440
-9.912088
-10.272527
-10.182418
-7.659341
-4.775824
1.081319
5.136264
7.208791
7.389011
-1.982418
5.136264
2.342857
2.072527
3.424176
0.360440
-0.630769
0.810989
2.973626
0.000000
1.081319
1.621978
2.703297
1.982418
-1.081319
-1.441758
0.540659
-0.270330
4.595604
5.947253
7.749451
8.920879
10.542857
11.173626
9.461538
7.929670
3.514286
2.162637
2.973626
1.982418
4.235165
5.046154
5.316484
2.883516
1.982418
-0.540659
-0.090110
-1.982418
-4.235165
-3.424176
-2.883516
-1.621978
-0.901099
-2.072527
-1.982418
-2.793407
-5.226374
-8.560440
-7.929670
-10.723077
-11.443956
-9.731868
-8.380220
-5.947253
-6.127473
-6.037363
1.712088
1.171429
0.991209
-0.090110
-1.531868
-4.235165
-3.694505
-2.432967
-4.956044
-5.226374
-3.424176
-1.712088
-1.351648
0.360440
1.892308
1.171429
1.621978
0.450549
0.180220
-0.540659
-1.621978
0.000000
5.586813
4.145055
3.784615
2.883516
3.784615
4.235165
5.496703
5.226374
4.956044
6.127473
6.668132
9.191209
8.290110
4.235165
5.046154
2.613187
6.938462
4.956044
2.883516
3.424176
3.153846
1.171429
1.171429
2.793407
2.162637
0.270330
-0.090110
-1.441758
-2.432967
0.000000
2.613187
1.351648
2.523077
6.578022
8.200000
6.307692
3.424176
2.162637
2.973626
3.514286
5.767033
5.496703
5.496703
4.595604
3.063736
1.531868
-0.180220
0.810989
1.892308
1.982418
3.063736
3.604396
4.775824
6.668132
7.208791
5.767033
5.226374
5.406593
4.505495
5.136264
2.072527
1.081319
-1.351648
3.334066
3.874725
6.127473
4.595604
7.208791
4.956044
4.865934
3.424176
2.793407
2.703297
2.703297
0.450549
-1.802198
-2.072527
-3.243956
0.630769
1.261538
-1.531868
-0.630769
-1.531868
3.153846
1.712088
2.523077
2.523077
-0.810989
-0.901099
-2.883516
-2.613187
-1.531868
-1.261538
-0.991209
-2.342857
-2.162637
-0.540659
0.180220
8.109890
11.804396
7.839560
2.793407
1.081319
-1.892308
-2.523077
-3.964835
-4.505495
-4.054945
-6.578022
-4.865934
-7.839560
-3.874725
-3.874725
0.540659
0.270330
1.081319
-0.540659
-0.270330
2.072527
3.063736
1.441758
0.000000
-0.450549
-6.668132
-2.523077
-1.441758
-5.136264
-5.857143
-8.560440
-5.226374
-8.560440
-8.200000
-11.173626
-9.191209
-5.586813
-3.514286
2.793407
3.874725
5.496703
6.848352
5.767033
2.072527
0.450549
-1.081319
-1.531868
-0.901099
-0.901099
-3.063736
-3.694505
-3.874725
-3.874725
-4.685714
-4.325275
-0.720879
1.351648
5.046154
6.397802
7.749451
8.470330
3.604396
0.720879
2.162637
0.450549
-0.270330
-1.081319
-0.901099
-0.450549
0.180220
2.072527
1.982418
5.406593
0.901099
0.901099
0.180220
-1.892308
-2.342857
-2.883516
-2.342857
1.621978
1.892308
3.694505
3.784615
7.659341
5.676923
7.479121
4.775824
0.180220
-1.171429
-1.261538
-4.325275
-5.046154
-4.235165
-1.712088
-3.243956
-4.145055
-2.613187
-4.145055
0.810989
6.217582
6.127473
4.775824
-0.450549
-0.090110
0.270330
-0.720879
-1.261538
-0.720879
1.892308
1.171429
-1.171429
-2.613187
-0.180220
-0.720879
0.000000
3.424176
8.019780
5.136264
4.595604
4.956044
6.127473
6.758242
6.938462
8.920879
7.208791
11.083516
10.092308
8.740659
6.307692
5.496703
3.514286
1.351648
-0.180220
-1.261538
-4.956044
-5.046154
-6.217582
-2.793407
-1.531868
1.712088
7.569231
7.569231
8.290110
6.217582
5.586813
7.028571
3.784615
6.668132
6.758242
10.002198
5.857143
5.586813
2.432967
3.694505
5.767033
4.505495
1.441758
3.063736
2.342857
2.973626
4.415385
5.046154
1.982418
2.162637
0.991209
0.540659
-1.171429
-1.802198
-1.982418
-0.450549
0.180220
2.432967
1.802198
1.621978
1.892308
-0.180220
-1.712088
-0.901099
0.540659
1.081319
0.720879
1.441758
0.360440
3.514286
4.505495
3.153846
-2.432967
3.874725
2.523077
1.712088
-0.450549
-3.604396
-2.432967
-0.360440
-1.892308
-6.307692
-8.290110
-6.848352
-4.415385
-0.991209
-3.514286
-4.595604
-3.424176
-5.136264
-4.505495
-3.694505
-4.865934
-4.956044
-3.604396
-4.775824
-2.793407
-3.334066
-2.523077
-1.802198
-2.523077
-1.621978
0.901099
-1.531868
-1.441758
0.901099
-1.892308
-4.054945
-0.630769
0.360440
0.090110
-0.180220
-0.270330
-1.441758
1.441758
-2.342857
-2.072527
-2.883516
-3.243956
-1.351648
0.630769
1.261538
3.694505
4.145055
5.316484
5.586813
8.920879
7.929670
8.109890
4.235165
1.712088
2.793407
3.334066
1.802198
0.180220
-0.270330
-0.901099
0.720879
2.072527
2.613187
6.307692
3.334066
1.261538
0.630769
0.090110
-1.171429
-5.767033
-7.929670
-9.281319
-10.903297
-9.821978
-9.461538
-9.281319
-7.749451
-11.804396
-11.804396
-10.362637
-6.938462
-0.991209
2.973626
5.226374
5.947253
4.054945
3.334066
4.775824
1.531868
1.171429
-0.540659
-2.252747
-2.883516
-7.028571
-6.578022
-5.947253
-6.938462
-4.235165
-4.595604
-5.136264
-3.424176
1.802198
2.432967
2.613187
-0.270330
-4.145055
-3.874725
-5.226374
-2.883516
-5.226374
-5.406593
-2.793407
-4.415385
-1.892308
-3.424176
-4.145055
-5.496703
-4.505495
-8.290110
-7.749451
-6.578022
-5.136264
-1.621978
0.180220
3.874725
5.316484
5.226374
3.784615
2.613187
2.793407
2.162637
2.883516
2.432967
3.964835
6.848352
9.461538
11.083516
9.281319
6.037363
3.874725
1.982418
4.145055
4.505495
7.929670
6.127473
9.461538
12.795604
13.156044
13.246154
12.435165
15.048352
10.452747
10.813187
10.723077
6.127473
7.929670
4.054945
4.054945
4.235165
4.145055
3.874725
4.595604
7.479121
7.389011
5.857143
6.127473
6.037363
3.334066
0.991209
-2.162637
-3.784615
-5.046154
-9.731868
-0.090110
0.540659
1.802198
5.046154
3.964835
4.865934
1.892308
-0.991209
-3.063736
-1.892308
-1.712088
0.720879
-0.630769
3.334066
6.397802
9.551648
8.740659
7.298901
5.676923
6.307692
4.505495
1.621978
-1.261538
-4.415385
-4.956044
-2.252747
-1.982418
0.270330
-1.351648
-1.892308
3.604396
8.380220
8.109890
4.415385
-1.982418
-3.243956
-3.784615
-2.703297
-3.243956
-3.243956
0.090110
1.261538
2.162637
1.982418
0.000000
3.874725
3.063736
5.316484
-2.883516
6.307692
2.252747
4.325275
2.703297
2.793407
-1.261538
-2.432967
-0.630769
-0.630769
-1.712088
-4.505495
-5.767033
-4.865934
-7.569231
-10.362637
-10.362637
-3.784615
-0.901099
-3.604396
-1.802198
-3.424176
-6.758242
-9.010989
-9.641758
-8.740659
-5.226374
-2.162637
-2.793407
-1.261538
-1.351648
-1.621978
0.810989
2.432967
0.090110
-3.153846
-4.054945
-6.217582
-6.037363
-7.839560
-3.604396
-3.243956
-6.487912
-6.668132
-8.109890
-11.984615
-8.830769
-6.307692
-3.514286
0.090110
0.540659
-0.090110
-1.802198
-1.081319
-3.243956
0.810989
2.162637
4.054945
3.334066
1.531868
5.226374
7.929670
9.551648
7.929670
3.604396
0.360440
-2.252747
-2.432967
-2.072527
-1.712088
0.901099
-1.351648
-1.531868
-0.270330
3.153846
4.595604
4.595604
4.685714
6.487912
12.435165
11.984615
9.551648
5.316484
1.982418
-3.694505
-2.703297
-2.342857
-2.523077
-1.712088
-4.235165
-3.514286
-4.956044
-6.127473
-6.037363
-4.235165
-2.072527
-0.720879
1.802198
3.063736
6.307692
4.865934
9.641758
13.156044
12.345055
9.641758
9.281319
7.659341
5.767033
1.802198
2.793407
-0.810989
-3.694505
-6.758242
-4.505495
-4.865934
-2.973626
1.351648
6.938462
9.461538
10.362637
8.560440
9.461538
6.668132
6.578022
7.749451
3.334066
2.703297
2.432967
2.793407
0.540659
1.621978
0.991209
0.810989
-2.072527
-2.162637
-2.523077
0.360440
1.081319
0.090110
1.171429
-0.991209
-2.162637
-5.046154
-7.208791
-5.586813
-4.595604
-4.505495
-5.046154
-1.351648
1.892308
4.235165
4.054945
3.153846
1.892308
1.892308
4.145055
0.360440
1.351648
-0.450549
-2.162637
-2.252747
-1.621978
-3.514286
-4.865934
-6.578022
-1.712088
3.063736
4.054945
7.839560
13.156044
20.545055
16.760440
10.182418
0.720879
0.000000
0.000000
-2.432967
-2.342857
-1.531868
2.613187
4.956044
7.118681
8.019780
10.092308
10.002198
6.848352
4.685714
2.342857
2.613187
0.720879
-1.441758
-0.810989
0.630769
4.775824
1.081319
-0.810989
1.892308
3.243956
2.613187
2.703297
1.171429
1.621978
1.351648
4.054945
3.784615
3.874725
3.874725
0.901099
1.802198
2.072527
-0.450549
-0.810989
0.180220
-0.810989
-0.901099
-1.892308
0.630769
-2.883516
-1.261538
-0.720879
-3.243956
0.720879
-0.810989
1.802198
1.171429
0.450549
1.351648
-0.630769
-3.964835
-4.685714
-2.703297
-2.523077
-0.180220
1.621978
-0.270330
-0.360440
-3.334066
-4.145055
-2.703297
-0.991209
1.351648
-0.360440
0.180220
2.072527
3.243956
2.432967
3.784615
2.432967
2.613187
2.793407
0.720879
-0.901099
-3.964835
-7.028571
-8.290110
-7.839560
-4.325275
0.540659
2.973626
5.676923
6.217582
10.993407
4.145055
10.182418
4.956044
-0.991209
-1.081319
-3.334066
-0.540659
-2.072527
-1.441758
-0.180220
0.630769
0.540659
-0.901099
-1.081319
0.090110
-0.901099
0.720879
-1.081319
-3.153846
-4.415385
-4.595604
-3.514286
-4.054945
-2.883516
-3.514286
-3.514286
-1.712088
-4.235165
-6.127473
-8.109890
-6.578022
-8.830769
-8.200000
-6.758242
-4.505495
-2.523077
-2.162637
-2.703297
-2.793407
-3.334066
-2.072527
-5.046154
-3.964835
-1.351648
0.180220
-0.901099
-0.991209
3.063736
6.307692
8.200000
4.865934
3.514286
2.703297
0.991209
2.703297
0.360440
0.810989
-3.604396
-5.136264
-4.595604
-2.793407
-3.964835
-3.874725
-1.802198
-2.883516
1.712088
4.145055
4.775824
2.613187
4.505495
3.874725
5.136264
5.586813
5.767033
8.740659
8.560440
7.389011
4.415385
3.334066
-0.901099
-3.334066
-5.586813
-3.604396
-1.441758
-0.360440
-0.630769
-2.973626
-3.604396
-6.307692
-1.531868
0.991209
2.162637
-3.604396
-6.938462
-5.136264
-2.883516
-3.424176
-1.261538
0.180220
-0.540659
-4.325275
-4.865934
-3.694505
-2.523077
-1.982418
-1.621978
-2.072527
-0.180220
-3.604396
-1.351648
1.351648
3.514286
2.793407
1.351648
0.810989
-1.081319
-2.252747
1.621978
2.252747
2.162637
-0.450549
0.991209
1.621978
3.243956
5.316484
4.415385
4.505495
2.973626
2.523077
2.162637
-1.261538
-2.432967
-3.424176
-2.883516
-2.613187
-1.351648
-1.171429
1.621978
0.720879
0.000000
1.982418
-0.720879
1.531868
0.810989
-0.720879
-1.621978
-2.973626
-1.712088
-0.720879
-0.180220
1.351648
-0.901099
-1.351648
-0.360440
-1.531868
-1.441758
-3.424176
-6.217582
-6.307692
-1.621978
0.901099
2.973626
3.694505
3.063736
1.982418
1.351648
1.892308
2.703297
1.982418
-1.892308
-0.360440
-2.342857
-2.252747
-0.720879
1.892308
2.703297
1.441758
3.063736
5.406593
3.424176
6.578022
8.290110
4.865934
1.892308
0.450549
1.712088
2.342857
-0.720879
-0.540659
-1.081319
-4.235165
-2.883516
-1.441758
-4.054945
-3.874725
-4.865934
-5.046154
-10.813187
-8.470330
-6.578022
-6.127473
-9.641758
-9.101099
-8.920879
-10.542857
-11.173626
-10.002198
-8.380220
-0.901099
1.892308
3.334066
4.145055
4.685714
2.793407
5.046154
5.406593
2.793407
2.973626
6.307692
7.659341
9.101099
7.569231
8.019780
6.758242
8.290110
5.136264
2.523077
1.621978
2.072527
0.630769
0.810989
-0.090110
4.595604
3.784615
4.325275
4.415385
5.586813
5.316484
-1.621978
5.586813
7.028571
8.470330
10.092308
7.569231
6.127473
1.802198
0.991209
-0.360440
1.621978
-0.180220
2.072527
1.441758
-0.720879
-2.703297
-0.720879
-1.892308
-0.180220
-2.432967
0.540659
-0.270330
-1.351648
-1.531868
1.171429
3.694505
1.171429
-1.712088
1.081319
4.235165
3.784615
3.334066
0.180220
2.703297
3.964835
7.118681
9.191209
7.028571
5.676923
5.676923
3.964835
3.694505
0.810989
-2.342857
-0.180220
5.136264
7.118681
7.659341
7.118681
8.560440
10.092308
11.443956
11.984615
12.885714
8.290110
5.136264
2.613187
0.000000
-0.270330
-1.261538
-0.540659
1.621978
3.964835
5.676923
3.784615
4.145055
0.720879
-0.180220
1.261538
-3.964835
-2.432967
0.540659
4.145055
8.920879
9.371429
8.560440
9.821978
10.272527
8.109890
8.650549
7.389011
5.406593
4.325275
2.613187
2.072527
5.767033
4.685714
5.857143
6.848352
9.461538
8.200000
8.290110
8.470330
6.037363
6.668132
6.217582
4.505495
2.793407
0.810989
-0.270330
-0.180220
-1.351648
-3.874725
1.441758
6.848352
6.487912
5.496703
3.063736
2.613187
5.226374
5.046154
5.046154
6.037363
2.613187
0.810989
-2.883516
-4.505495
-6.668132
-8.650549
-8.019780
-5.496703
-5.226374
-4.235165
-1.171429
-1.171429
0.360440
-2.252747
-2.342857
-3.964835
-3.604396
-3.694505
-2.072527
1.081319
-1.531868
-0.720879
-1.441758
1.081319
0.180220
-0.360440
-3.514286
-1.621978
1.261538
3.604396
4.956044
4.235165
2.252747
-0.901099
4.415385
6.397802
4.325275
0.901099
-1.171429
0.720879
