16.309890
15.318681
8.109890
-1.441758
-3.784615
-0.270330
5.767033
11.443956
12.975824
7.749451
-0.720879
-4.595604
-3.063736
-2.703297
1.441758
8.380220
8.920879
5.046154
-2.973626
-8.290110
-11.894505
-8.830769
-4.685714
-0.630769
1.982418
3.784615
0.810989
0.540659
-3.604396
-6.037363
-5.046154
1.621978
7.929670
8.290110
3.243956
-3.874725
-6.668132
-5.406593
-2.883516
4.054945
8.920879
10.542857
5.857143
-1.261538
-8.109890
-10.092308
-9.461538
-8.830769
-6.397802
-5.857143
-7.839560
-9.371429
-10.993407
-7.028571
-2.162637
8.109890
16.400000
20.815385
15.589011
8.380220
5.947253
3.334066
5.316484
9.731868
15.138462
16.670330
14.417582
7.839560
4.145055
5.496703
8.200000
9.551648
10.632967
6.668132
-2.432967
-6.127473
-5.947253
-3.694505
1.531868
11.263736
15.589011
13.786813
7.569231
2.523077
-0.901099
-3.153846
-2.883516
-3.063736
-5.676923
-10.362637
-8.560440
-4.956044
-2.072527
2.162637
7.659341
14.327473
17.120879
16.219780
10.272527
8.470330
-0.810989
2.432967
-4.415385
-7.208791
-6.217582
-4.685714
-2.162637
-0.810989
3.424176
10.272527
12.345055
13.156044
10.452747
7.479121
4.595604
1.982418
-2.162637
-2.432967
-2.432967
-1.982418
-0.991209
0.901099
-3.424176
-5.947253
-9.010989
-10.542857
-15.318681
-14.237363
-13.696703
-10.542857
-5.586813
-1.441758
0.901099
4.415385
7.569231
2.523077
10.002198
10.542857
7.839560
5.136264
0.720879
1.621978
-4.956044
3.874725
4.054945
8.470330
9.101099
11.534066
11.173626
11.083516
10.182418
5.316484
1.171429
-0.720879
-0.991209
-1.712088
0.000000
1.621978
4.685714
6.397802
7.479121
7.929670
8.920879
13.246154
14.958242
13.246154
8.920879
8.920879
7.298901
3.784615
-7.479121
-2.162637
-3.334066
-1.712088
-0.360440
0.000000
1.351648
3.874725
3.784615
7.839560
7.569231
4.775824
0.180220
-1.261538
-6.397802
-9.461538
-12.254945
-9.551648
-8.380220
-4.685714
-1.982418
-1.081319
-1.892308
-4.325275
-3.243956
-2.072527
-6.127473
-11.353846
-14.147253
-14.597802
-12.074725
-13.967033
-7.298901
-6.397802
-7.659341
-6.397802
-4.775824
-5.406593
-9.731868
-5.316484
-7.208791
-3.063736
-4.865934
-7.839560
-6.938462
-6.037363
-5.676923
-4.235165
-4.685714
-4.595604
-1.621978
2.432967
1.892308
0.090110
0.810989
-0.090110
1.261538
0.991209
0.450549
1.802198
2.883516
4.054945
3.424176
1.802198
0.720879
0.540659
-0.090110
0.270330
-2.973626
-3.153846
-1.712088
-0.270330
3.243956
3.424176
1.621978
0.180220
0.630769
-0.450549
-3.604396
-2.162637
-2.883516
-2.793407
-4.325275
-5.406593
-6.397802
-6.578022
-10.092308
-12.164835
-10.632967
-10.002198
-8.200000
-8.920879
-7.569231
-4.235165
1.081319
5.676923
12.705495
17.030769
18.382418
16.309890
12.254945
7.839560
3.964835
0.901099
0.630769
-0.360440
-2.613187
-0.090110
3.153846
5.136264
7.208791
6.668132
4.865934
0.270330
-4.145055
-5.226374
-4.685714
-3.063736
-3.514286
-3.424176
-2.252747
-0.901099
0.270330
-0.270330
5.226374
5.226374
2.342857
-2.162637
-6.397802
-10.632967
-12.705495
-9.731868
-7.659341
-6.217582
-3.424176
-3.874725
-3.063736
-1.982418
-0.630769
0.000000
0.090110
-0.270330
0.360440
-0.720879
0.810989
2.883516
4.956044
10.813187
15.679121
19.103297
15.228571
11.173626
5.406593
1.531868
2.523077
1.351648
0.991209
2.342857
2.523077
4.235165
3.243956
3.874725
5.046154
9.101099
8.650549
7.929670
2.613187
-1.531868
-5.406593
-8.290110
-10.542857
-9.641758
-6.037363
-4.054945
-2.703297
-1.892308
-0.450549
0.450549
-1.171429
-2.973626
-4.956044
-5.947253
-8.109890
-8.200000
-11.714286
-10.452747
-8.200000
-4.415385
0.360440
3.874725
7.569231
6.938462
5.046154
3.874725
3.694505
-0.450549
-2.523077
-6.397802
-8.380220
-9.731868
-10.182418
-8.019780
-5.857143
-3.243956
0.270330
4.865934
7.208791
9.191209
8.560440
7.749451
11.263736
3.153846
9.371429
7.028571
3.243956
1.441758
0.540659
0.991209
4.685714
5.316484
7.839560
3.604396
-4.775824
-9.912088
-10.542857
-7.659341
-4.145055
-1.802198
0.180220
3.063736
3.334066
1.351648
3.964835
0.901099
1.171429
0.180220
2.342857
-0.630769
-4.505495
-8.380220
-11.263736
-11.263736
-5.586813
1.712088
8.200000
15.589011
17.391209
10.723077
2.252747
-2.252747
-1.712088
-0.720879
1.982418
2.883516
0.450549
-2.883516
-4.415385
-3.964835
-1.171429
8.380220
18.112088
25.230769
25.771429
19.373626
8.380220
-4.325275
-8.560440
-8.920879
-5.586813
0.540659
-1.621978
-5.947253
-10.542857
-13.426374
-10.632967
-3.514286
3.063736
13.246154
15.949451
10.002198
2.613187
-1.351648
-8.560440
-10.542857
-9.912088
-6.758242
-4.415385
-3.694505
-8.109890
-9.371429
-11.353846
-5.767033
2.072527
16.400000
22.167033
20.094505
10.903297
1.892308
-4.865934
-6.758242
-5.586813
-2.703297
-0.720879
-1.351648
-5.947253
-6.758242
-5.947253
-0.810989
1.171429
4.685714
9.191209
6.127473
0.360440
-5.046154
-5.947253
-3.694505
4.054945
8.920879
5.226374
-2.342857
-10.272527
-14.147253
-13.876923
-8.200000
1.982418
6.758242
4.685714
-1.081319
-8.380220
-12.525275
-8.380220
3.424176
16.490110
29.826374
27.483516
18.292308
3.424176
0.630769
-5.226374
-6.938462
-6.037363
-6.487912
-9.912088
-10.362637
-12.705495
-9.551648
-3.874725
1.351648
8.650549
13.786813
13.156044
9.101099
3.964835
3.334066
3.243956
5.136264
4.685714
4.685714
-1.261538
-5.406593
-5.496703
-0.540659
7.389011
17.661538
26.852747
23.969231
17.661538
7.208791
3.514286
0.720879
3.243956
7.118681
7.389011
4.775824
0.630769
-1.982418
-2.703297
-0.991209
0.540659
1.261538
-0.540659
-1.982418
-1.892308
-0.450549
4.956044
8.290110
11.894505
11.894505
10.002198
5.316484
2.883516
2.162637
2.342857
3.874725
3.334066
3.784615
7.569231
9.281319
7.839560
6.037363
5.947253
4.235165
2.703297
3.334066
5.857143
6.397802
10.002198
13.156044
13.065934
13.065934
12.975824
14.597802
16.850549
15.138462
13.246154
13.606593
11.263736
9.641758
10.813187
9.101099
10.632967
12.885714
13.156044
9.641758
9.641758
7.298901
9.821978
8.830769
8.920879
6.487912
2.883516
0.810989
-3.063736
-3.334066
-1.351648
0.901099
2.342857
-0.180220
-1.892308
-4.775824
-4.865934
-9.912088
-9.821978
-10.993407
-10.362637
-7.839560
-2.883516
-1.982418
4.956044
10.092308
12.525275
11.263736
11.353846
9.821978
8.470330
8.470330
6.307692
3.243956
3.063736
1.621978
5.046154
2.342857
1.531868
0.720879
-2.793407
-10.362637
-13.876923
-15.318681
-15.769231
-17.661538
-12.795604
-14.237363
-14.327473
-15.048352
-16.760440
-16.219780
-16.129670
-15.769231
-16.940659
-14.147253
-10.632967
-9.461538
-8.019780
-6.938462
-5.046154
-5.586813
-5.947253
-7.749451
-6.758242
-7.028571
-3.874725
-4.775824
-4.865934
-5.406593
-7.479121
-9.551648
-7.929670
-8.380220
-9.101099
-8.650549
-7.659341
-8.109890
-7.929670
-6.938462
-7.118681
-7.839560
-7.659341
-6.217582
-3.784615
-5.136264
-2.973626
-4.775824
-4.865934
-4.775824
3.424176
5.226374
4.685714
2.523077
0.810989
-1.261538
1.531868
1.531868
0.810989
-1.531868
-3.243956
-4.595604
-2.162637
-2.703297
-3.784615
-4.325275
-5.857143
-7.659341
-4.685714
-5.767033
-6.037363
-7.569231
-5.676923
-7.839560
-3.694505
-0.901099
4.865934
4.775824
4.685714
3.874725
5.857143
5.767033
6.578022
0.270330
-2.703297
1.712088
8.650549
10.813187
10.182418
5.496703
-0.360440
-0.810989
2.162637
3.964835
3.063736
3.334066
8.380220
7.839560
8.740659
5.676923
3.243956
1.081319
-5.857143
-9.010989
-8.650549
-8.290110
-5.676923
-5.136264
-0.540659
2.162637
6.487912
7.389011
8.470330
9.010989
4.865934
5.767033
5.496703
4.775824
5.676923
5.136264
6.938462
7.749451
8.740659
6.397802
10.092308
9.461538
8.830769
9.010989
8.830769
8.740659
7.659341
6.127473
1.982418
0.630769
0.810989
2.072527
3.424176
8.109890
10.542857
11.534066
12.705495
10.632967
12.074725
15.228571
17.661538
13.606593
10.723077
8.019780
4.505495
1.892308
3.153846
2.523077
1.982418
1.892308
2.072527
3.514286
1.892308
0.000000
-2.162637
-6.848352
-9.281319
-11.804396
-12.615385
-12.525275
-14.868132
-13.516484
-9.912088
-3.784615
1.531868
5.676923
6.938462
5.406593
7.569231
7.389011
8.200000
8.290110
9.371429
11.624176
16.219780
16.219780
16.490110
13.246154
16.129670
20.545055
19.914286
11.263736
3.334066
-2.973626
-4.956044
-7.389011
-5.406593
-7.028571
-4.956044
-3.063736
1.982418
6.217582
9.010989
9.101099
8.920879
9.461538
9.461538
8.109890
6.397802
3.153846
1.441758
-4.685714
-8.109890
-9.731868
-12.615385
-8.740659
-6.578022
-5.857143
-3.964835
-5.496703
-6.037363
-5.767033
-5.676923
-4.956044
-3.694505
-3.604396
-4.595604
-5.316484
-3.514286
-5.406593
-3.063736
-3.153846
0.630769
2.072527
-2.523077
-4.505495
-9.731868
-11.534066
-13.786813
-13.156044
-10.092308
-8.470330
-13.606593
-17.481319
-17.931868
-14.327473
-11.984615
-10.993407
-7.298901
-3.153846
0.000000
-0.360440
-1.712088
-3.694505
-4.685714
-0.901099
3.334066
4.956044
2.973626
-2.162637
-5.226374
-6.127473
-7.028571
-7.298901
-6.848352
-3.964835
-5.136264
-6.397802
-7.298901
-6.397802
-4.956044
-0.901099
1.892308
0.540659
-4.325275
-8.290110
-8.470330
-7.118681
-6.668132
-5.857143
-7.389011
-9.912088
-11.263736
-12.885714
-11.083516
-9.461538
-8.830769
-10.903297
-12.345055
-14.778022
-12.975824
-8.380220
-3.964835
3.604396
4.775824
3.874725
1.171429
-4.775824
-7.479121
-5.947253
-0.540659
1.802198
0.810989
-3.153846
-5.136264
-6.037363
-1.441758
2.342857
7.749451
14.237363
11.534066
9.731868
3.694505
1.351648
2.793407
6.307692
7.118681
0.991209
-0.090110
-4.595604
-3.153846
-2.342857
2.613187
6.578022
10.272527
8.200000
1.171429
-3.153846
-4.235165
-3.784615
1.351648
6.487912
8.290110
5.857143
0.630769
-2.523077
-3.153846
-1.261538
6.217582
18.562637
21.896703
15.048352
4.865934
-2.523077
-4.415385
-1.261538
4.956044
14.237363
20.004396
15.589011
9.912088
3.063736
2.973626
6.668132
12.164835
18.021978
15.589011
10.452747
2.432967
-3.243956
-3.514286
1.351648
8.650549
12.254945
13.426374
4.054945
3.694505
2.432967
3.514286
8.019780
18.562637
20.274725
15.318681
8.740659
1.802198
-1.892308
-1.621978
1.621978
8.200000
12.164835
10.723077
5.947253
0.090110
-2.252747
0.720879
5.496703
14.507692
16.309890
10.182418
5.947253
2.162637
1.351648
2.703297
8.109890
12.254945
13.246154
8.920879
3.153846
-0.901099
-3.243956
-0.450549
4.054945
10.723077
11.443956
2.703297
-6.217582
-9.010989
-10.362637
-10.092308
-4.325275
0.270330
3.243956
0.540659
-2.252747
-6.668132
-7.659341
-6.127473
-0.270330
3.243956
6.578022
6.578022
5.406593
3.153846
0.901099
-3.243956
-0.630769
1.982418
5.767033
8.290110
5.857143
2.613187
0.180220
-1.892308
3.334066
1.712088
0.090110
-4.235165
-5.496703
-7.749451
-6.487912
-3.694505
-0.450549
0.450549
2.613187
0.090110
-5.046154
-6.127473
-4.775824
-2.613187
-3.243956
-1.802198
-1.441758
1.171429
1.892308
1.531868
-0.810989
-0.360440
0.360440
1.712088
4.685714
5.316484
5.316484
3.153846
5.586813
3.874725
-3.243956
6.578022
4.956044
6.127473
9.281319
8.560440
9.010989
8.650549
5.767033
4.775824
1.081319
-2.162637
-6.578022
-3.784615
-1.621978
-0.540659
1.261538
-0.901099
-1.261538
-2.613187
-5.857143
-9.101099
-7.569231
-6.938462
-5.947253
-2.432967
-1.081319
-1.531868
0.270330
-1.441758
-1.892308
-2.162637
-2.613187
-1.982418
-2.072527
-1.171429
-2.973626
-0.901099
-0.360440
0.450549
0.720879
0.540659
-1.081319
-1.171429
-0.090110
-1.802198
-1.351648
0.540659
1.531868
0.901099
0.360440
1.621978
0.810989
1.171429
3.874725
3.964835
1.441758
3.063736
2.342857
4.775824
4.054945
3.514286
0.991209
0.630769
2.523077
3.694505
3.153846
0.991209
-0.540659
-0.630769
-1.531868
-0.090110
2.162637
7.208791
7.389011
7.208791
7.479121
6.848352
3.604396
3.243956
2.703297
1.802198
3.424176
6.668132
10.092308
12.074725
11.714286
10.272527
6.487912
3.694505
0.360440
-1.171429
-2.072527
-3.874725
-3.334066
-2.883516
-0.720879
-2.072527
-2.523077
-6.217582
-8.290110
-8.290110
-7.929670
-6.938462
-8.650549
-7.929670
-5.496703
-3.784615
-4.775824
-6.578022
-5.586813
-6.758242
-7.929670
-8.290110
-8.290110
-8.470330
-7.569231
-7.298901
-3.874725
-1.982418
1.351648
-0.630769
-0.810989
0.270330
2.162637
2.072527
3.514286
5.406593
5.136264
3.063736
0.991209
-0.901099
0.360440
-1.531868
-3.784615
-0.901099
-1.982418
0.810989
2.252747
3.334066
7.929670
9.821978
9.821978
4.865934
1.441758
-0.991209
-4.325275
-5.406593
-5.496703
-1.081319
0.810989
-0.630769
-1.081319
-1.802198
-3.243956
-5.136264
-2.793407
-1.712088
-0.180220
0.360440
4.325275
6.037363
5.136264
3.063736
2.703297
0.540659
1.712088
-3.514286
-1.892308
-2.973626
-1.531868
-7.659341
0.270330
0.360440
3.514286
1.982418
4.595604
5.496703
10.002198
10.272527
11.263736
11.353846
12.164835
10.632967
8.109890
3.153846
-1.892308
-3.784615
-3.694505
-5.406593
-6.217582
-5.226374
-5.857143
-6.668132
-6.668132
-8.740659
-9.191209
-7.479121
-5.136264
-5.226374
-6.397802
-6.848352
-7.298901
-4.685714
-2.883516
0.090110
3.153846
3.784615
1.081319
-1.081319
-2.523077
-4.505495
-2.703297
-2.613187
0.180220
-2.252747
-1.712088
-3.694505
-7.208791
-13.696703
-6.578022
-4.054945
-1.531868
0.270330
-0.270330
-2.523077
-2.793407
-3.694505
-4.235165
-1.351648
2.793407
6.668132
6.848352
6.037363
4.054945
3.424176
1.892308
0.540659
-0.270330
2.613187
3.063736
-1.621978
-6.487912
-9.461538
-7.389011
0.450549
4.415385
5.316484
5.406593
4.775824
-0.630769
-3.964835
-3.604396
-4.415385
-5.857143
-7.479121
-7.298901
-4.775824
-8.470330
-10.092308
-6.848352
-2.342857
2.252747
4.775824
10.452747
11.894505
13.606593
9.101099
8.200000
5.226374
5.046154
5.136264
5.767033
0.180220
-4.415385
-7.298901
-7.569231
-8.380220
-6.397802
-4.054945
0.000000
-0.450549
-1.441758
-2.072527
-0.810989
1.531868
3.964835
5.136264
1.982418
-1.621978
-4.145055
-11.534066
0.540659
1.081319
4.235165
4.595604
3.874725
0.360440
0.000000
-1.441758
0.630769
2.883516
2.973626
2.252747
0.360440
-4.235165
-5.046154
-6.578022
-3.694505
-0.360440
2.432967
3.153846
-0.630769
-2.703297
-0.270330
6.037363
14.507692
20.905495
23.158242
22.076923
22.347253
19.013187
16.850549
11.894505
9.821978
8.380220
9.101099
7.479121
5.406593
6.127473
6.668132
7.389011
10.002198
14.327473
18.562637
15.138462
11.173626
1.982418
2.793407
0.180220
-1.081319
1.802198
3.694505
4.145055
4.775824
2.252747
6.848352
9.101099
8.470330
9.641758
6.668132
4.415385
2.883516
2.252747
3.424176
2.523077
3.424176
7.479121
4.595604
5.586813
5.406593
4.865934
2.793407
2.523077
5.857143
4.415385
2.252747
-1.531868
-1.171429
-4.956044
-3.604396
-3.424176
-3.153846
-1.081319
2.252747
2.703297
3.514286
1.802198
1.982418
-0.991209
0.630769
-1.081319
-2.613187
-5.767033
-6.758242
-5.316484
-2.072527
-3.153846
-3.694505
-1.712088
1.892308
1.441758
1.712088
1.441758
-0.540659
-3.424176
-1.802198
-2.162637
-3.063736
-0.991209
2.613187
4.865934
3.964835
0.360440
-1.081319
-3.514286
-2.162637
-2.523077
-3.153846
-4.956044
-7.839560
-13.065934
-14.417582
-11.624176
-9.191209
-8.200000
-5.046154
-6.127473
-8.740659
-11.894505
-9.641758
-8.560440
-1.712088
0.180220
1.802198
2.162637
-0.720879
-2.252747
-4.054945
-2.793407
-1.982418
0.000000
2.072527
1.621978
0.180220
-1.261538
-0.991209
-0.540659
1.261538
2.072527
1.081319
-1.802198
2.072527
5.767033
7.839560
6.217582
5.136264
3.874725
2.613187
3.784615
4.145055
3.964835
3.604396
5.226374
2.793407
2.072527
2.252747
2.162637
2.613187
0.991209
-2.252747
-4.956044
-5.136264
-5.136264
-6.217582
-2.703297
0.270330
0.901099
-0.180220
-1.081319
-5.046154
-2.973626
-1.621978
-0.720879
0.090110
-3.063736
-1.621978
-2.432967
-1.982418
0.630769
1.081319
1.892308
2.252747
1.621978
3.334066
1.621978
4.054945
6.938462
10.362637
10.452747
9.641758
8.200000
6.037363
6.397802
5.226374
3.604396
5.857143
5.586813
6.938462
8.109890
8.019780
6.938462
3.964835
1.441758
0.810989
1.261538
2.703297
2.883516
3.334066
6.938462
6.037363
3.694505
4.595604
0.270330
2.973626
2.162637
3.063736
2.973626
2.162637
2.523077
1.621978
2.252747
0.901099
1.892308
5.226374
7.389011
6.127473
4.775824
4.054945
4.956044
3.604396
9.461538
7.749451
9.191209
13.065934
16.670330
13.246154
11.714286
5.586813
3.334066
2.432967
4.775824
5.496703
6.848352
8.560440
11.534066
8.019780
7.659341
6.217582
2.883516
-0.720879
-2.342857
-4.325275
-7.389011
-5.226374
-7.749451
-9.281319
-10.092308
-9.191209
-7.929670
-10.723077
-9.371429
-10.723077
-11.353846
-13.606593
-8.650549
-6.668132
-7.929670
-10.813187
-11.534066
-13.065934
-12.525275
-11.353846
-8.380220
-10.362637
-8.560440
-9.641758
-11.624176
-11.443956
-10.002198
-10.272527
-15.589011
-12.885714
-14.057143
-14.958242
-13.967033
-14.147253
-12.975824
-11.984615
-8.740659
-7.839560
-9.101099
-8.109890
-8.470330
-10.182418
-8.920879
-10.362637
-9.010989
-7.118681
-6.217582
-5.676923
-3.514286
-4.685714
-6.217582
-7.749451
-8.740659
-8.740659
-7.749451
-7.028571
-6.217582
-6.848352
-6.758242
-6.758242
-6.668132
-5.676923
-4.415385
-5.767033
-5.406593
-3.964835
-2.072527
-0.180220
-2.342857
-3.153846
-6.668132
-5.947253
-3.514286
-4.775824
-4.505495
-5.226374
-5.316484
-4.145055
-2.973626
-0.090110
1.892308
4.865934
6.127473
6.397802
3.153846
1.892308
2.432967
5.136264
7.749451
9.101099
8.200000
5.406593
1.441758
-2.162637
-5.316484
-6.037363
-3.874725
0.000000
0.450549
5.586813
5.947253
3.424176
2.613187
1.261538
3.694505
5.406593
5.947253
6.758242
6.217582
6.938462
4.865934
4.956044
8.650549
11.714286
11.083516
12.345055
11.804396
9.731868
7.479121
5.857143
4.325275
4.054945
6.397802
10.632967
11.894505
14.327473
14.507692
16.490110
14.958242
17.661538
18.202198
18.382418
15.408791
15.949451
13.156044
10.452747
9.821978
11.353846
10.362637
10.182418
6.758242
4.685714
2.703297
2.432967
0.991209
1.892308
1.712088
0.270330
-1.712088
-1.982418
-1.892308
-1.081319
3.243956
1.441758
3.514286
2.072527
0.000000
-3.153846
-3.604396
-3.514286
-2.072527
1.621978
2.883516
6.758242
6.848352
8.290110
7.569231
9.731868
10.182418
8.290110
7.749451
2.883516
-0.991209
-2.973626
-4.145055
-3.514286
-1.261538
0.720879
-0.810989
-0.630769
-1.621978
-1.982418
-3.604396
-3.334066
0.810989
2.523077
5.406593
6.397802
5.316484
3.694505
3.964835
3.604396
4.595604
5.136264
8.109890
6.037363
4.415385
4.685714
6.217582
8.200000
11.804396
13.065934
12.975824
10.362637
8.200000
3.243956
2.973626
1.081319
1.892308
3.243956
6.668132
4.325275
3.424176
0.540659
-3.874725
-4.685714
-4.865934
-1.171429
-1.081319
-2.252747
-6.668132
-1.621978
0.630769
-1.261538
-4.595604
-6.217582
-7.929670
-6.938462
-9.371429
-9.010989
-6.487912
-6.668132
-4.054945
-1.892308
-0.360440
1.621978
0.090110
-1.621978
0.991209
0.630769
3.063736
0.720879
-2.252747
-7.569231
-13.516484
-19.553846
-23.068132
-21.446154
-17.481319
-16.580220
-14.868132
-13.065934
-14.147253
-14.057143
-14.057143
-13.516484
-14.597802
-22.167033
-14.327473
-15.679121
-15.228571
-14.778022
-12.254945
-11.353846
-8.650549
-5.046154
0.180220
-0.450549
-2.072527
-3.874725
-4.956044
-3.604396
-1.351648
2.613187
7.118681
9.191209
10.723077
11.263736
10.452747
8.109890
8.019780
3.334066
0.991209
1.261538
-0.810989
-1.621978
-2.793407
-3.063736
-1.802198
-2.613187
-3.153846
-4.865934
-5.676923
-3.784615
-3.334066
-3.514286
-4.145055
-5.586813
-8.019780
-6.217582
-5.406593
-5.676923
-2.973626
-1.351648
-0.720879
-0.901099
-2.703297
-6.037363
-2.162637
4.595604
6.938462
8.290110
9.101099
9.912088
8.470330
7.569231
5.226374
0.360440
-3.334066
-2.883516
-3.964835
-2.883516
-0.991209
1.441758
2.973626
4.595604
3.784615
3.334066
1.261538
1.802198
4.325275
7.569231
6.217582
7.479121
5.226374
6.037363
6.127473
5.857143
7.298901
8.830769
7.118681
5.947253
5.586813
7.118681
6.758242
7.389011
6.037363
4.956044
5.046154
4.145055
3.964835
4.865934
5.136264
7.929670
