-9.999023
-8.643223
-16.269597
17.540659
-5.762149
0.762637
-21.862271
-11.778510
-9.914286
-14.320635
-14.744322
-23.726496
-10.253236
-7.880586
-11.270085
-0.423687
-14.744322
-7.372161
-14.659585
-19.743834
-27.370208
-20.930159
-20.167521
-25.929670
-18.642247
-25.505983
-6.440049
-15.845910
-15.591697
-12.032723
-11.609035
-8.304274
-8.473748
-2.711600
-7.965324
-13.303785
-9.575336
-7.117949
-9.066911
-7.372161
4.491087
5.846886
1.186325
1.271062
3.982662
14.066422
15.506960
9.151648
11.693773
9.321123
16.015385
5.338462
3.389499
5.084249
8.727961
8.558486
6.948474
10.592186
9.066911
9.321123
-2.796337
-0.508425
6.270574
-3.050549
4.745299
-5.846886
6.185836
3.982662
11.100611
15.337485
10.507448
8.219536
4.999512
3.643712
1.779487
0.762637
7.287424
4.067399
3.220024
2.372650
7.880586
2.203175
-1.101587
1.694750
3.982662
8.219536
11.354823
8.134799
7.117949
9.490598
9.066911
11.439560
10.676923
11.778510
15.676435
16.947497
12.117460
16.015385
19.150672
20.336996
24.489133
27.878632
24.150183
21.777534
16.778022
14.574847
12.117460
15.761172
13.134310
17.455922
17.116972
23.048596
23.895971
26.861783
25.505983
23.472283
23.387546
21.947009
17.116972
16.523810
15.168010
19.574359
16.608547
20.760684
23.048596
25.505983
19.998046
23.472283
19.574359
23.895971
23.811233
24.997558
23.726496
23.302808
22.031746
22.455433
23.641758
21.692796
17.201709
21.862271
26.777045
29.064957
26.014408
26.438095
27.454945
26.099145
25.251770
24.489133
22.455433
19.574359
18.472772
25.082295
29.742857
32.454457
30.759707
27.454945
24.912821
20.675946
21.014896
14.320635
9.236386
6.778999
9.660073
10.507448
13.473260
9.660073
16.778022
19.828571
22.794383
25.336508
16.693284
9.405861
1.271062
-2.287912
-1.440537
-1.525275
2.711600
2.372650
10.761661
16.269597
11.609035
18.472772
12.371673
15.845910
18.896459
14.405372
21.777534
9.575336
3.220024
0.847375
6.524786
10.168498
22.370696
18.811722
19.489621
10.422711
14.151160
13.727473
18.218559
15.083272
7.202686
13.812210
14.320635
13.896947
12.964835
7.626374
8.643223
4.491087
8.982173
5.168987
9.829548
9.744811
8.304274
3.813187
2.372650
-0.508425
-3.050549
3.728449
2.965812
14.744322
8.304274
8.304274
5.253724
2.372650
3.474237
3.558974
-0.338950
-0.677900
4.067399
3.897924
7.880586
3.474237
-2.711600
2.965812
3.474237
6.270574
6.355311
2.881074
-3.474237
3.813187
10.592186
14.235897
16.523810
17.794872
10.507448
12.795360
9.744811
9.744811
10.253236
6.185836
4.660562
-1.016850
-6.524786
-10.592186
-16.439072
-12.541148
-6.524786
6.016361
7.965324
7.456899
-0.084737
-3.558974
-15.761172
-7.541636
-2.203175
2.881074
-2.033700
-1.864225
-3.643712
-1.440537
-2.203175
0.677900
-2.965812
0.169475
2.372650
6.778999
2.881074
1.440537
-4.914774
-8.134799
-11.270085
-4.830037
-1.101587
4.575824
2.881074
5.338462
4.745299
1.101587
8.134799
4.914774
-0.423687
-2.711600
-4.321612
-0.762637
2.542125
4.575824
-1.948962
-6.355311
-9.066911
-6.440049
-3.728449
2.203175
-0.338950
2.372650
-4.152137
-13.303785
-20.675946
-22.963858
-24.404396
-22.201221
-18.557509
-11.947985
-9.236386
-13.303785
-17.455922
-20.930159
-17.371184
-12.541148
-9.744811
-5.507937
-3.389499
-5.931624
-6.016361
-11.100611
-8.897436
-8.134799
-4.406349
-6.440049
-2.457387
-4.321612
-2.626862
-4.745299
0.084737
-9.575336
-2.033700
-1.610012
-0.508425
-1.864225
0.508425
-14.744322
-8.304274
-6.440049
-4.321612
-7.541636
-3.474237
-9.575336
-10.422711
-10.253236
-10.422711
-1.271062
-4.236874
-12.202198
-5.846886
-8.134799
1.016850
-7.372161
-4.575824
-4.491087
-4.999512
-2.796337
-1.694750
-4.999512
-3.643712
-13.473260
-14.998535
-12.625885
-10.168498
3.643712
-0.762637
-9.321123
-6.270574
-15.761172
-6.101099
-6.694261
-6.609524
-11.100611
-10.761661
0.762637
-1.948962
-0.423687
-4.321612
4.660562
1.610012
-0.338950
-2.796337
5.507937
2.033700
4.914774
4.830037
4.830037
0.593162
-0.677900
-6.694261
2.796337
-1.101587
0.847375
4.830037
6.948474
4.321612
7.033211
3.982662
7.202686
6.863736
3.558974
2.881074
2.626862
-1.355800
3.389499
-4.914774
-3.982662
-8.812698
-6.440049
-5.592674
0.423687
0.762637
1.271062
-6.270574
-7.287424
-10.761661
-8.812698
-5.592674
-3.558974
-3.728449
-1.779487
-7.880586
-10.253236
-5.931624
-3.050549
-7.287424
-7.202686
-7.372161
-5.084249
-5.762149
-5.846886
-12.456410
-8.897436
-10.168498
-5.168987
-2.457387
4.321612
0.169475
1.948962
-5.253724
-3.474237
-1.948962
1.525275
-1.610012
-3.813187
-7.372161
-1.440537
-7.202686
-1.525275
2.372650
5.253724
6.609524
9.914286
4.406349
4.067399
-6.101099
-3.389499
-5.677411
-3.389499
-6.778999
-4.999512
-6.016361
-4.999512
-1.355800
0.508425
-5.762149
3.643712
5.931624
6.185836
0.593162
-0.932112
-8.304274
-8.558486
-5.423199
-2.033700
-3.389499
2.881074
7.117949
7.880586
-0.084737
-4.491087
-5.084249
-1.948962
-3.220024
-3.982662
-5.931624
-4.830037
-8.473748
-0.338950
-0.423687
3.897924
4.067399
2.287912
1.186325
-8.134799
-8.304274
-6.524786
-10.337973
-11.185348
3.897924
8.558486
1.186325
-2.033700
0.508425
6.185836
-4.914774
10.422711
0.932112
4.067399
-6.609524
0.508425
-2.542125
9.744811
0.932112
-5.423199
7.372161
-3.728449
5.253724
-7.117949
-2.796337
5.423199
0.762637
8.473748
-10.676923
-5.168987
-15.168010
0.593162
6.694261
10.507448
8.558486
-4.152137
-4.660562
-11.100611
-20.591209
9.575336
-11.100611
-1.864225
12.286935
1.355800
1.440537
-2.796337
-20.167521
-22.794383
2.203175
4.745299
7.456899
-5.084249
0.677900
-12.032723
10.507448
-19.150672
-3.389499
2.033700
-21.353846
10.507448
-15.083272
-1.864225
-5.423199
-30.081807
2.203175
-20.675946
1.610012
13.981685
6.524786
-11.439560
-1.101587
3.304762
11.185348
-7.033211
26.014408
-8.389011
23.048596
27.200733
-11.778510
8.219536
17.371184
13.981685
-2.626862
5.762149
-7.965324
13.727473
6.694261
-8.897436
1.440537
10.846398
-1.440537
8.727961
0.000000
-16.523810
13.557998
10.592186
10.168498
4.660562
-6.185836
9.321123
5.423199
-3.982662
17.964347
9.660073
22.624908
-16.608547
5.846886
5.253724
-6.524786
3.389499
21.438584
10.846398
14.913797
11.693773
0.169475
8.727961
12.541148
7.117949
13.981685
6.185836
10.676923
3.728449
16.778022
9.490598
-4.999512
13.134310
-6.355311
-3.558974
6.270574
27.963370
-2.796337
18.472772
2.711600
14.574847
6.185836
-4.999512
7.202686
11.863248
-4.406349
5.253724
7.033211
10.592186
5.507937
6.355311
-1.101587
1.186325
2.626862
3.558974
3.643712
13.049573
11.439560
16.608547
12.710623
9.321123
7.626374
6.694261
7.033211
10.253236
6.185836
9.829548
7.202686
7.033211
1.101587
5.168987
3.813187
5.846886
1.610012
0.000000
-1.016850
-0.508425
2.796337
6.101099
3.304762
1.101587
-1.948962
-3.220024
-5.084249
-5.762149
-11.947985
-7.287424
-8.134799
-5.592674
-6.355311
-3.220024
-5.253724
-0.508425
0.423687
4.999512
3.643712
6.440049
-1.694750
-7.965324
-13.219048
-9.066911
-9.405861
-8.643223
-6.270574
-9.744811
-3.813187
-0.677900
-1.101587
-1.525275
-2.033700
-7.456899
-10.676923
-5.253724
-8.050061
-2.118437
-9.066911
3.474237
-12.371673
-7.202686
-8.050061
-0.084737
-14.659585
-8.304274
6.440049
-1.101587
1.610012
12.286935
-5.168987
-2.372650
-9.405861
4.321612
-3.389499
-4.914774
-4.321612
0.000000
-1.525275
-9.321123
-16.184860
-9.405861
-10.846398
-6.270574
-13.896947
-18.133822
-15.930647
-15.252747
-7.965324
-12.964835
-6.778999
-15.337485
-15.083272
-13.219048
-15.845910
-17.879609
-14.998535
-15.761172
-17.964347
-19.489621
-20.760684
-18.472772
-15.168010
-11.693773
-9.660073
-7.965324
-9.490598
-15.168010
-14.066422
-11.863248
-7.541636
-4.999512
-4.321612
-4.830037
-0.423687
1.525275
2.881074
-0.084737
-1.355800
-2.372650
0.338950
-0.508425
1.864225
-1.440537
-0.762637
2.457387
6.270574
-0.762637
3.220024
1.186325
-2.965812
-0.423687
3.220024
1.779487
2.626862
4.914774
2.118437
2.033700
4.321612
5.253724
7.711111
3.728449
4.406349
3.558974
5.338462
1.525275
7.202686
6.270574
8.643223
-1.271062
-0.762637
-5.931624
-1.440537
-0.508425
8.219536
8.050061
7.033211
6.270574
10.676923
3.220024
2.203175
3.982662
0.847375
-2.542125
-3.558974
-7.965324
2.881074
-1.779487
-1.864225
3.643712
2.372650
-1.016850
3.304762
0.254212
1.355800
-4.745299
-4.660562
-11.015873
-9.405861
-8.812698
-2.372650
-4.830037
-4.321612
-7.202686
-1.355800
-10.337973
1.864225
3.389499
7.117949
3.728449
2.711600
1.101587
0.423687
2.796337
6.016361
-1.186325
-2.372650
-2.796337
-5.084249
-4.406349
-1.355800
-1.355800
-2.287912
-0.423687
1.694750
0.169475
-1.779487
-3.728449
-4.406349
-2.287912
-2.796337
0.338950
3.813187
7.711111
6.609524
10.253236
6.270574
8.473748
7.372161
10.422711
13.303785
18.303297
13.557998
8.473748
1.355800
6.948474
10.253236
12.371673
11.863248
13.303785
10.507448
7.117949
-0.338950
3.728449
2.118437
7.626374
8.812698
7.880586
8.134799
12.964835
12.286935
13.727473
10.168498
13.219048
9.236386
10.168498
6.016361
7.117949
5.592674
8.473748
7.541636
8.643223
9.490598
14.998535
15.083272
10.253236
4.575824
1.355800
1.525275
1.186325
-3.728449
-1.355800
0.423687
-1.271062
6.863736
14.574847
14.490110
16.439072
17.116972
10.931136
11.524298
7.965324
2.203175
1.186325
3.389499
2.118437
-1.016850
4.914774
8.304274
6.355311
6.609524
6.270574
9.321123
6.440049
7.372161
6.440049
4.914774
-2.203175
3.389499
0.508425
-2.203175
-9.321123
0.847375
2.203175
6.270574
3.558974
12.710623
11.270085
15.506960
-0.508425
9.660073
2.626862
5.677411
-2.372650
7.965324
6.185836
17.201709
8.558486
3.558974
4.999512
1.779487
1.440537
9.829548
6.185836
9.744811
7.541636
15.930647
7.711111
13.812210
7.202686
3.643712
-2.372650
-0.423687
2.626862
-3.897924
-3.728449
-2.372650
-5.931624
-2.796337
7.117949
0.084737
4.406349
2.203175
0.084737
2.542125
-9.405861
4.406349
8.389011
13.981685
15.591697
6.185836
6.440049
8.897436
14.320635
10.422711
7.880586
8.727961
7.372161
11.863248
14.744322
18.133822
6.778999
5.931624
6.863736
9.744811
12.202198
15.930647
4.660562
3.135287
6.270574
1.525275
2.118437
1.101587
1.016850
-8.558486
-1.271062
-6.440049
-11.100611
-10.507448
-12.880098
-9.490598
-13.981685
-17.116972
-17.032234
-19.574359
-7.965324
-14.235897
-7.965324
-15.591697
-9.151648
-10.846398
1.355800
2.711600
8.897436
5.084249
4.999512
1.016850
2.711600
7.541636
8.643223
7.287424
4.830037
3.050549
2.203175
1.610012
-4.575824
-2.033700
2.542125
-2.287912
-3.813187
1.948962
-0.169475
1.864225
2.033700
-2.542125
-7.880586
-6.270574
-10.507448
-0.423687
1.864225
4.575824
-1.271062
-4.575824
-5.168987
-3.558974
0.000000
4.575824
1.525275
-0.254212
1.525275
-0.084737
-1.016850
-4.067399
-2.033700
-0.677900
-0.847375
3.728449
-1.525275
-0.762637
-5.846886
-2.881074
-1.610012
0.847375
-1.271062
0.423687
-1.525275
-0.593162
-4.745299
0.084737
-1.610012
0.169475
-3.474237
-2.033700
-4.067399
-0.847375
1.101587
1.610012
-3.813187
-3.304762
-7.372161
-1.694750
-1.694750
-2.033700
-2.372650
-2.711600
-2.711600
-3.050549
-4.152137
3.220024
1.779487
3.558974
-1.440537
-2.118437
-5.846886
-0.508425
-0.508425
2.372650
-3.558974
-4.999512
-8.473748
-9.321123
-9.999023
-5.762149
-6.101099
-4.406349
-7.372161
-2.287912
-3.474237
-2.457387
-2.118437
-0.423687
-2.542125
-3.474237
-6.101099
-10.507448
-9.066911
-11.015873
-9.829548
-12.880098
-10.592186
-8.897436
-10.253236
-5.507937
-3.304762
-0.169475
-1.610012
-3.813187
-3.897924
-2.965812
-5.677411
-9.575336
-9.999023
-8.982173
-9.236386
-10.168498
-6.440049
-2.881074
-5.084249
-3.897924
-4.660562
-0.508425
-6.101099
-10.337973
-10.507448
-12.371673
-9.999023
-9.066911
-8.982173
-12.710623
-9.914286
-11.609035
-12.032723
-13.134310
-8.134799
-4.067399
1.016850
-2.287912
-0.084737
-3.304762
1.694750
2.457387
3.982662
2.796337
-0.254212
-7.626374
-1.525275
-3.304762
1.610012
-4.321612
0.000000
-0.338950
5.677411
2.457387
2.033700
-4.999512
-6.694261
-9.066911
-10.253236
-8.812698
-9.236386
-15.761172
-16.184860
-18.472772
-12.371673
-6.778999
-0.423687
-1.440537
1.610012
-1.016850
3.897924
1.101587
7.456899
2.203175
-0.423687
-8.982173
-5.677411
-4.491087
-2.287912
-4.914774
-3.728449
-4.152137
3.728449
5.253724
8.727961
4.491087
5.846886
0.338950
2.118437
6.778999
9.660073
7.456899
6.101099
5.168987
13.134310
20.252259
26.183883
26.268620
23.811233
16.947497
11.185348
9.490598
4.830037
-1.525275
-5.846886
-13.812210
-22.455433
-22.963858
-19.743834
-13.049573
-11.354823
-7.626374
-8.558486
-8.558486
-8.219536
-5.677411
-10.253236
-8.304274
-9.575336
-5.168987
-8.473748
-4.660562
-5.677411
-2.542125
-6.863736
-2.881074
1.610012
7.117949
6.101099
6.778999
7.117949
10.337973
5.677411
0.593162
-3.728449
0.000000
1.186325
-1.186325
-5.338462
-4.999512
-6.355311
-1.948962
-3.050549
0.762637
1.271062
1.101587
-0.169475
-0.084737
-3.220024
-0.254212
1.779487
2.542125
1.016850
1.610012
-1.101587
-0.847375
-0.508425
0.508425
-0.423687
2.881074
4.575824
3.389499
2.372650
1.525275
-2.457387
-1.610012
3.050549
4.830037
0.338950
5.423199
6.185836
7.456899
0.677900
10.083761
7.117949
5.168987
3.728449
0.508425
0.084737
2.118437
-1.101587
-0.847375
-0.593162
1.694750
3.982662
6.440049
7.456899
7.202686
7.372161
5.084249
1.864225
2.457387
0.762637
0.000000
-2.118437
-4.152137
-4.660562
-3.813187
-4.491087
-1.016850
0.169475
0.254212
-1.271062
-1.271062
-3.813187
-7.033211
-6.609524
-5.084249
-4.914774
-2.881074
-4.575824
-4.236874
-3.728449
-1.779487
-0.084737
0.084737
-0.169475
-2.372650
-7.287424
-5.338462
-7.372161
-7.287424
-5.931624
-7.202686
-9.151648
-4.406349
-4.830037
-5.507937
-8.812698
-11.185348
-13.049573
-14.998535
-12.710623
-10.761661
-12.880098
-12.625885
-11.609035
-10.253236
-7.711111
-7.372161
-5.762149
-6.185836
-6.355311
-3.474237
-0.338950
1.440537
1.016850
2.881074
2.033700
5.253724
6.778999
4.745299
5.846886
5.846886
2.796337
5.253724
6.609524
8.389011
11.100611
14.066422
12.795360
13.981685
14.659585
15.168010
14.659585
14.998535
10.337973
12.202198
13.303785
14.066422
11.778510
13.049573
14.151160
15.676435
16.693284
16.778022
18.726984
22.031746
19.065934
17.625397
15.337485
11.609035
6.101099
6.270574
5.507937
6.440049
6.270574
4.491087
3.643712
-6.355311
1.101587
-0.932112
-0.677900
-7.795849
-9.575336
-14.405372
-9.490598
-8.897436
-8.050061
-7.372161
-4.067399
1.016850
4.745299
3.982662
4.830037
10.676923
8.812698
6.524786
4.575824
4.321612
7.456899
6.185836
7.626374
4.914774
4.660562
3.135287
2.626862
2.203175
4.830037
3.389499
2.626862
-0.762637
-2.287912
-1.525275
0.593162
-0.423687
2.203175
-0.084737
-0.254212
-1.610012
-4.067399
-4.999512
-8.134799
-9.575336
-9.575336
-10.592186
-8.897436
-8.897436
-11.439560
-14.574847
-15.337485
-15.252747
-11.947985
-6.778999
-3.813187
-2.965812
1.864225
6.440049
10.083761
8.727961
8.982173
9.914286
14.151160
15.761172
13.557998
13.981685
11.778510
8.473748
10.846398
10.168498
8.982173
8.134799
1.864225
3.050549
1.016850
0.847375
-2.542125
-1.355800
-4.491087
-6.016361
-7.626374
-9.490598
-10.676923
-7.117949
-8.134799
-6.016361
-5.168987
-2.542125
-7.795849
-6.863736
-15.761172
-6.609524
-11.524298
-10.761661
-14.574847
-6.609524
-7.965324
-6.609524
-7.372161
-3.813187
-6.863736
-5.507937
-6.694261
-5.253724
-10.168498
-6.355311
-6.609524
-2.626862
-3.389499
-0.338950
-2.457387
-0.338950
-3.474237
-3.220024
-4.914774
-1.779487
-4.321612
-1.948962
-1.355800
2.287912
1.525275
4.152137
1.271062
3.474237
0.847375
5.253724
6.270574
10.168498
6.016361
9.999023
7.711111
8.558486
6.185836
6.694261
2.626862
6.440049
4.660562
8.304274
3.982662
2.457387
-2.033700
-0.338950
-3.474237
-7.880586
-13.727473
-15.930647
-22.116484
-19.574359
-17.371184
-13.303785
-11.693773
-5.762149
-4.745299
-0.423687
0.847375
5.507937
2.542125
4.067399
0.169475
3.982662
6.863736
8.389011
8.134799
7.202686
8.050061
12.541148
8.727961
10.931136
6.609524
4.914774
1.694750
3.897924
-0.423687
-1.779487
-2.711600
-3.897924
-9.490598
-9.151648
-9.575336
-10.761661
-7.795849
-7.117949
-6.440049
-1.186325
-1.779487
-1.610012
-0.847375
-2.287912
-3.474237
-1.355800
-2.457387
-3.135287
-2.711600
-3.389499
-5.762149
-5.507937
-6.440049
-5.084249
-1.779487
-1.779487
-1.355800
-3.728449
-5.507937
-6.863736
-7.287424
-11.015873
-8.219536
-10.422711
-10.168498
-9.236386
-2.881074
1.440537
1.779487
-1.948962
-0.847375
-0.508425
-1.525275
-4.660562
-0.508425
-3.474237
0.762637
-1.948962
0.338950
-2.118437
1.525275
-2.372650
-0.847375
-2.796337
-1.186325
-3.558974
-3.474237
-6.609524
-4.660562
-8.304274
-5.846886
-2.542125
1.610012
0.169475
1.948962
3.050549
3.982662
-1.355800
-1.694750
-3.813187
-2.965812
-7.880586
-7.626374
-6.778999
-3.897924
-2.118437
-0.254212
-1.101587
3.728449
1.864225
5.253724
0.593162
0.762637
3.389499
7.202686
2.796337
5.168987
5.423199
5.931624
2.965812
3.813187
-0.508425
1.864225
-0.932112
0.932112
-0.254212
-0.762637
-0.254212
-1.101587
-3.897924
-2.033700
-1.864225
-1.355800
2.542125
3.558974
3.558974
3.813187
1.779487
-1.101587
1.101587
-0.593162
-0.338950
-1.271062
0.000000
-1.525275
1.610012
1.525275
1.864225
-1.271062
0.423687
-0.593162
-0.593162
-0.847375
2.372650
-0.423687
-1.779487
-1.186325
3.135287
2.796337
3.304762
-0.169475
0.000000
0.254212
0.423687
-5.084249
-3.982662
-3.474237
0.508425
-0.932112
-1.610012
-3.643712
0.593162
-0.338950
4.575824
-0.084737
-0.254212
-0.508425
2.203175
2.033700
2.372650
-4.491087
-1.948962
-7.033211
-7.372161
-9.151648
-6.101099
-8.134799
-2.965812
-2.033700
0.593162
-3.389499
-2.796337
-9.151648
-6.948474
-9.575336
-5.677411
-6.948474
-4.745299
-5.846886
-2.965812
-6.101099
0.762637
-4.406349
-3.474237
-7.287424
-5.338462
-8.812698
-6.185836
-8.643223
-8.050061
-10.761661
-1.948962
-5.507937
-1.694750
-2.118437
-0.423687
-1.186325
-0.847375
-2.287912
-4.067399
-3.728449
-2.287912
-0.932112
2.457387
0.762637
1.016850
0.508425
-2.372650
0.338950
-1.525275
-0.593162
0.084737
1.948962
4.745299
5.846886
4.830037
4.152137
-1.186325
-1.016850
-0.762637
2.033700
-1.948962
-2.457387
-2.711600
-1.186325
-4.406349
-4.321612
-7.033211
-7.372161
-9.829548
-6.778999
-10.422711
-6.778999
-7.456899
-5.423199
-6.101099
-1.186325
-0.847375
2.965812
2.203175
5.338462
1.525275
0.593162
-7.202686
-7.372161
-8.473748
-5.846886
-9.066911
-7.372161
-7.795849
-7.541636
-8.558486
-6.016361
-8.643223
-6.694261
-7.965324
-3.389499
-4.745299
-5.846886
-7.880586
-3.389499
-3.474237
-1.525275
-3.643712
-0.169475
-5.423199
-4.830037
-6.440049
0.000000
-7.626374
4.406349
4.745299
7.372161
6.863736
7.965324
8.304274
9.744811
6.185836
5.168987
1.271062
-0.762637
-3.728449
-6.863736
-6.270574
-6.609524
-4.914774
-2.965812
-1.610012
-0.762637
0.677900
4.067399
2.457387
2.881074
4.575824
8.473748
7.456899
8.050061
10.083761
-1.016850
6.270574
4.999512
7.711111
8.897436
10.337973
8.643223
11.693773
7.711111
6.524786
0.677900
2.457387
0.000000
0.423687
-2.626862
-2.203175
-6.440049
-3.897924
-5.846886
-3.220024
-4.491087
-2.287912
-4.152137
1.355800
1.186325
5.168987
6.863736
8.982173
8.134799
11.100611
6.101099
7.202686
5.423199
8.304274
5.846886
7.202686
6.016361
6.694261
5.084249
5.423199
2.457387
3.389499
2.965812
5.762149
4.491087
4.575824
2.626862
4.914774
2.372650
2.203175
2.711600
3.389499
0.423687
1.101587
-1.525275
3.474237
2.881074
2.457387
0.593162
1.525275
4.321612
8.982173
11.100611
10.761661
7.795849
7.033211
4.914774
7.117949
8.389011
8.812698
5.677411
1.525275
-1.525275
4.406349
9.066911
12.964835
9.405861
7.541636
6.016361
3.474237
4.575824
5.677411
6.609524
6.270574
3.813187
1.779487
-0.254212
-1.271062
-0.338950
0.169475
0.932112
-0.423687
0.847375
-1.271062
1.101587
-1.101587
-1.186325
-0.593162
3.050549
3.897924
7.287424
6.270574
9.151648
8.982173
9.405861
7.880586
10.676923
10.168498
12.880098
7.033211
1.864225
