3.559951
1.250794
1.443223
1.539438
3.559951
4.137241
5.580464
2.886447
0.000000
-1.539438
0.769719
4.714530
6.638828
7.697192
6.542613
7.119902
7.504762
7.023687
7.697192
8.947985
9.717705
10.006349
9.621490
6.253968
0.288645
-3.078877
0.673504
-1.635653
-3.848596
-4.618315
-7.504762
-7.023687
-4.329670
-3.559951
-5.099389
-5.869109
-2.790232
-3.752381
-3.752381
-4.329670
-3.944811
-0.962149
-1.250794
-3.175092
-4.906960
-5.772894
-4.618315
-3.944811
-4.618315
-4.906960
-3.271306
-1.635653
-3.271306
-3.463736
-1.250794
0.192430
2.212943
4.522100
3.175092
0.481074
-5.965324
0.000000
0.769719
-0.096215
-0.288645
-3.078877
-4.906960
-6.253968
-3.463736
0.288645
3.944811
5.003175
3.367521
-0.096215
-2.405372
-3.367521
-4.137241
-4.714530
-4.618315
-5.291819
-5.003175
1.154579
4.425885
3.656166
1.154579
4.522100
6.350183
5.388034
3.271306
2.116728
0.769719
-1.443223
-2.405372
-0.192430
0.962149
-1.250794
-1.250794
-1.539438
-3.463736
-5.003175
-4.425885
-3.271306
-2.597802
-2.886447
-4.041026
-7.216117
-10.968498
-11.545788
-11.545788
-8.947985
-6.638828
-3.078877
0.096215
-0.192430
-1.731868
-3.367521
0.865934
6.350183
9.140415
5.965324
-0.192430
-5.580464
-6.061538
-6.638828
-6.350183
-7.793407
-2.405372
-5.676679
-7.985836
-6.542613
-5.772894
-4.906960
-0.962149
1.635653
0.769719
-1.250794
-3.944811
-3.559951
-2.694017
-2.790232
0.000000
-0.384860
-4.233455
-5.003175
-6.446398
-6.253968
-4.233455
-3.944811
-2.597802
-2.886447
-3.078877
-2.116728
-1.635653
-3.463736
-6.927473
-9.813919
-10.776068
-11.353358
-9.717705
-8.659341
-9.332845
-10.487424
-12.700366
-15.298168
-15.201954
-15.490598
-15.875458
-14.239805
-11.449573
-8.274481
-5.195604
-1.924298
-2.405372
-2.309158
1.828083
6.831258
6.350183
3.656166
-0.865934
-3.559951
-4.425885
-5.484249
-4.618315
-3.367521
-1.347009
-1.347009
-2.309158
-0.962149
0.865934
-0.096215
0.000000
-0.192430
-1.731868
-5.388034
-5.003175
-3.559951
-3.656166
-3.271306
-5.195604
-6.542613
-6.542613
-5.484249
-5.388034
-3.848596
-1.154579
2.116728
3.271306
2.405372
3.848596
1.347009
1.828083
0.192430
0.962149
5.388034
6.253968
6.542613
8.563126
8.274481
5.869109
2.982662
2.309158
1.058364
-1.058364
-1.443223
1.443223
3.271306
3.656166
2.501587
2.597802
5.291819
2.694017
1.924298
0.192430
-0.865934
0.673504
1.635653
0.000000
-1.058364
-3.848596
-6.253968
-6.446398
-8.082051
-11.160928
-11.353358
-7.408547
-6.542613
-4.425885
-4.425885
-3.175092
-3.944811
-2.020513
-0.481074
0.288645
-0.481074
-3.367521
-5.003175
-6.927473
-8.659341
-8.082051
-10.391209
-8.659341
-6.831258
-6.735043
-3.078877
-1.635653
2.405372
7.504762
9.910134
9.717705
8.851770
6.735043
6.831258
4.425885
5.484249
6.446398
6.831258
8.947985
9.813919
7.408547
8.082051
8.370696
6.253968
7.985836
7.119902
4.714530
4.329670
4.522100
5.676679
4.810745
3.559951
4.233455
5.003175
5.099389
5.869109
5.676679
5.772894
7.504762
7.600977
9.717705
10.391209
10.102564
6.831258
2.597802
-0.769719
-2.597802
-1.635653
-2.501587
-3.463736
-6.542613
-7.023687
-8.178266
-5.772894
-2.982662
0.096215
2.405372
-1.154579
-9.044200
-13.085226
-12.892796
-12.507937
-10.006349
-6.927473
-4.618315
-2.694017
1.828083
4.906960
6.735043
5.772894
4.233455
4.522100
5.195604
5.388034
5.772894
4.522100
0.384860
0.577289
-2.982662
-4.233455
-4.425885
-3.175092
-2.694017
-5.099389
-6.446398
-7.985836
-10.776068
-12.411722
-10.006349
-5.580464
-4.137241
-1.443223
0.192430
-0.288645
-1.924298
-0.096215
1.154579
1.154579
-0.481074
0.673504
-1.539438
-2.790232
-0.865934
-3.848596
-4.137241
-3.271306
-1.154579
3.656166
7.793407
9.236630
7.312332
7.119902
10.198779
11.834432
8.082051
7.600977
7.889621
7.023687
2.309158
-2.886447
-5.965324
-8.563126
-8.370696
-9.140415
-11.160928
-12.123077
-11.545788
-7.985836
-4.522100
-2.982662
0.962149
1.731868
-0.577289
-4.425885
-7.889621
-8.659341
-11.738217
-12.989011
-8.274481
-6.350183
-4.522100
-4.425885
-3.656166
-1.539438
-0.288645
-1.635653
1.250794
4.425885
5.965324
4.714530
2.116728
0.481074
-1.828083
-4.906960
-4.425885
-5.388034
-3.078877
-5.484249
-6.831258
-4.714530
-3.559951
-2.886447
-3.848596
-5.003175
-10.776068
-15.779243
-17.799756
-17.222466
-16.645177
-15.971673
-16.548962
-13.181441
-6.831258
0.481074
6.735043
9.525275
12.507937
14.528449
12.892796
9.621490
6.061538
2.597802
2.597802
5.580464
10.776068
15.394383
14.432234
11.160928
6.638828
3.078877
0.000000
-4.041026
-7.985836
-12.700366
-15.779243
-18.665690
-16.837607
-14.432234
-11.738217
-6.542613
-2.405372
2.694017
5.388034
8.563126
8.082051
7.023687
5.195604
2.116728
1.250794
1.154579
2.501587
6.061538
8.851770
13.277656
15.394383
16.837607
15.779243
15.683028
15.875458
13.085226
10.006349
5.580464
-1.058364
-5.580464
-8.370696
-9.525275
-9.525275
-9.332845
-10.487424
-10.391209
-13.662515
-16.452747
-18.473260
-15.971673
-7.889621
-2.020513
1.635653
5.291819
4.906960
1.731868
-1.828083
0.192430
2.982662
4.329670
5.291819
3.175092
2.116728
2.694017
5.676679
9.429060
13.085226
12.123077
10.968498
8.178266
9.910134
11.738217
14.143590
12.507937
10.968498
7.408547
1.731868
-0.096215
1.443223
0.000000
-2.212943
-6.638828
-8.947985
-11.160928
-14.336020
-15.586813
-15.105739
-17.607326
-17.030037
-19.146764
-18.665690
-14.913309
-13.085226
-8.563126
-7.697192
-5.580464
-5.965324
-6.831258
-5.484249
-4.041026
-0.384860
3.367521
7.216117
6.927473
9.140415
10.872283
13.566300
13.758730
12.700366
13.566300
14.239805
13.662515
11.064713
11.160928
10.487424
8.563126
5.580464
0.962149
-2.982662
-5.772894
-6.831258
-12.219292
-14.432234
-14.336020
-14.913309
-15.298168
-14.047375
-14.239805
-13.277656
-9.044200
-6.927473
-6.638828
-6.350183
-4.329670
-2.501587
1.058364
4.041026
7.312332
10.294994
8.274481
5.580464
4.233455
4.425885
8.851770
8.851770
9.236630
9.910134
11.738217
12.219292
11.545788
12.411722
14.432234
15.201954
14.239805
13.085226
10.679853
6.253968
2.790232
0.288645
1.250794
5.195604
5.003175
1.924298
1.154579
0.288645
-2.694017
-6.735043
-9.717705
-11.738217
-9.044200
-5.965324
-6.350183
-5.003175
0.481074
3.271306
6.542613
8.178266
9.621490
9.910134
9.813919
11.160928
17.511111
22.321856
23.284005
22.802930
22.129426
22.995360
21.263492
17.414896
13.662515
11.160928
9.140415
6.542613
3.463736
-0.384860
-6.446398
-11.834432
-14.239805
-17.414896
-16.741392
-17.030037
-17.222466
-16.067888
-12.507937
-11.738217
-8.851770
-4.137241
-3.463736
-0.865934
-2.597802
-0.865934
-3.367521
-3.944811
-1.731868
-0.096215
0.000000
1.347009
-1.443223
-4.041026
-5.195604
-5.869109
-5.195604
-5.099389
-4.137241
-3.944811
-4.618315
-4.329670
-0.962149
1.828083
5.003175
6.638828
6.350183
4.137241
2.790232
2.116728
2.309158
1.250794
1.443223
0.673504
1.924298
0.865934
2.116728
5.099389
6.350183
4.329670
2.405372
3.656166
5.676679
4.041026
1.635653
2.886447
3.848596
5.195604
4.425885
4.714530
2.309158
2.020513
5.099389
3.944811
6.061538
5.772894
2.886447
2.790232
2.694017
6.831258
10.776068
11.545788
11.064713
5.965324
1.250794
2.501587
4.137241
3.559951
1.058364
-0.096215
-2.790232
1.058364
3.559951
9.429060
12.411722
10.294994
4.810745
-13.277656
-9.236630
-8.082051
-3.463736
2.886447
1.443223
-2.405372
-3.944811
-2.501587
-0.481074
1.154579
1.058364
1.443223
1.347009
-0.481074
-4.041026
-5.869109
-5.580464
-2.982662
-0.865934
0.384860
2.309158
7.023687
6.831258
4.522100
5.676679
5.003175
4.810745
3.656166
2.309158
2.212943
4.714530
3.656166
4.137241
-2.020513
6.350183
9.525275
10.006349
8.082051
6.157753
3.752381
4.137241
1.731868
-0.673504
-1.635653
-4.041026
-2.982662
-3.752381
-3.271306
-1.828083
0.288645
-1.443223
0.192430
2.790232
3.752381
3.175092
3.271306
2.212943
1.635653
3.944811
3.559951
3.656166
3.367521
3.752381
8.178266
9.140415
9.717705
11.834432
12.604151
12.796581
11.642002
12.892796
13.662515
14.047375
14.432234
12.989011
13.758730
10.102564
6.253968
7.023687
7.504762
5.388034
5.291819
5.580464
5.291819
1.154579
-1.539438
-2.212943
-1.828083
-3.559951
-2.597802
-3.463736
-4.041026
-5.580464
-4.329670
-7.312332
-8.082051
-7.697192
-5.484249
-7.312332
-8.466911
-6.061538
-7.119902
-7.985836
-8.274481
-6.061538
-4.137241
-5.388034
-7.504762
-7.793407
-9.429060
-9.429060
-9.429060
-8.659341
-6.831258
-6.350183
-4.425885
-4.810745
-6.542613
-6.061538
-4.522100
-3.656166
-5.580464
-6.927473
-9.429060
-11.160928
-10.294994
-8.851770
-6.927473
-6.446398
-7.600977
-8.370696
-5.580464
-4.137241
-2.212943
0.769719
0.384860
0.962149
-0.577289
-1.443223
-1.731868
-2.790232
-4.137241
-6.157753
-5.676679
-4.714530
-4.137241
-3.559951
-5.676679
-5.772894
-5.003175
-3.944811
-2.982662
-2.309158
-2.309158
-4.714530
-3.944811
-2.597802
-3.463736
-4.522100
-2.886447
-2.405372
-1.250794
0.481074
1.058364
2.886447
1.635653
3.175092
0.769719
0.577289
0.000000
0.577289
-1.154579
-3.078877
-2.309158
-4.041026
-5.965324
-6.542613
-5.388034
-3.367521
-1.347009
-0.962149
-2.886447
-3.848596
-3.752381
-5.388034
-7.793407
-9.044200
-9.813919
-7.985836
-7.600977
-8.755556
-11.738217
-11.834432
-11.257143
-7.119902
-2.405372
-0.192430
0.962149
-2.597802
-2.790232
-1.443223
-3.463736
-4.810745
-4.522100
-5.291819
-7.985836
-8.755556
-9.525275
-10.583639
-9.813919
-10.487424
-10.487424
-10.006349
-7.600977
-5.580464
-2.501587
-1.058364
-2.597802
-5.099389
-5.195604
-2.597802
1.443223
2.694017
0.577289
-1.828083
1.347009
1.731868
4.041026
3.752381
2.309158
-2.790232
-6.542613
-4.233455
-0.481074
0.096215
0.865934
4.233455
2.501587
3.656166
3.944811
2.212943
1.250794
2.309158
2.405372
0.769719
1.443223
0.481074
1.731868
0.288645
-2.982662
-2.212943
-0.481074
1.250794
1.154579
1.924298
3.848596
5.291819
7.985836
8.755556
8.178266
7.600977
6.446398
6.157753
6.638828
8.274481
9.621490
10.294994
8.659341
10.294994
10.776068
15.009524
17.414896
17.126252
12.123077
7.793407
5.676679
6.253968
8.755556
6.157753
1.539438
-5.580464
-9.621490
-10.872283
-11.353358
-8.466911
-6.927473
-6.735043
-2.886447
-2.405372
-2.501587
0.000000
5.676679
5.676679
1.731868
-4.810745
-8.851770
-8.563126
-8.274481
-2.597802
1.539438
3.463736
0.673504
-4.810745
-6.542613
-5.388034
-0.769719
4.425885
5.484249
-1.154579
-8.563126
-9.621490
-7.312332
-4.233455
-3.559951
-4.425885
-7.985836
-11.064713
-11.545788
-10.776068
-5.869109
-0.192430
1.154579
0.096215
-2.501587
-6.638828
-6.927473
-7.697192
-5.099389
-2.309158
-2.116728
-0.673504
0.962149
1.635653
1.443223
2.405372
0.192430
0.865934
2.694017
1.539438
1.250794
1.443223
-1.058364
-4.137241
-3.848596
-6.350183
-6.638828
-4.329670
-5.195604
-5.195604
-2.694017
0.288645
4.618315
5.580464
6.061538
7.408547
9.525275
9.332845
7.312332
8.274481
8.274481
9.910134
12.315507
17.126252
17.414896
18.377045
19.050549
18.473260
13.951160
13.373871
12.315507
13.277656
13.373871
1.539438
9.044200
6.542613
3.752381
1.828083
1.731868
3.848596
4.618315
3.078877
3.175092
0.673504
0.288645
-0.384860
0.481074
2.405372
0.384860
-2.309158
-2.597802
-0.384860
0.288645
-1.250794
-0.769719
2.597802
1.731868
1.058364
3.848596
4.810745
1.058364
2.212943
3.078877
3.271306
2.309158
4.137241
6.927473
7.985836
8.082051
8.851770
8.755556
6.157753
3.848596
2.982662
2.116728
-0.192430
-1.828083
-0.962149
-1.443223
-2.982662
-6.350183
-7.697192
-6.253968
-2.501587
-1.250794
1.347009
0.577289
0.096215
2.405372
0.865934
-0.192430
1.731868
2.405372
3.944811
2.982662
2.597802
1.539438
-0.384860
-2.694017
-2.405372
-1.635653
-2.116728
-3.559951
0.192430
1.539438
4.714530
2.597802
1.443223
-2.597802
-5.484249
-8.082051
-7.312332
-3.271306
0.096215
2.886447
4.906960
7.312332
8.082051
8.947985
8.370696
9.332845
8.755556
9.525275
7.697192
6.253968
8.178266
11.449573
12.604151
11.834432
7.985836
2.212943
-1.731868
-3.271306
-5.388034
-6.350183
-6.735043
-7.023687
-7.408547
-8.082051
-8.851770
-9.525275
-8.370696
-7.312332
-6.061538
-5.195604
-5.676679
-7.697192
-9.813919
-10.968498
-9.621490
-7.408547
-4.810745
-2.116728
-1.443223
-1.539438
-1.924298
-1.731868
-3.559951
-4.810745
-6.927473
-7.600977
-9.621490
-10.679853
-10.487424
-6.253968
-3.078877
0.865934
4.137241
5.003175
3.367521
3.559951
2.886447
-1.058364
-2.790232
-3.271306
-3.367521
-11.545788
-3.752381
-3.656166
-4.233455
-4.233455
-3.175092
-2.020513
-1.443223
-2.020513
-0.096215
-0.962149
-1.154579
-1.443223
-1.154579
1.443223
2.020513
2.020513
-0.865934
-0.096215
-1.828083
-1.347009
-0.673504
-0.962149
-0.865934
1.443223
2.501587
-0.384860
-0.769719
-0.769719
-2.020513
-2.309158
-0.673504
-0.384860
0.000000
-0.673504
1.347009
1.635653
3.848596
2.982662
2.116728
1.635653
4.425885
6.061538
5.772894
2.405372
0.769719
-0.769719
1.058364
0.769719
1.443223
-0.962149
-2.405372
-3.175092
-6.446398
-9.236630
-10.968498
-10.391209
-12.507937
-11.834432
-7.889621
-3.367521
0.096215
6.638828
6.735043
7.600977
7.889621
7.697192
7.119902
6.446398
7.216117
6.350183
6.831258
5.869109
5.580464
3.944811
1.635653
2.405372
1.058364
0.673504
1.250794
2.501587
0.865934
0.865934
0.962149
2.212943
4.906960
3.656166
0.096215
-0.096215
-1.635653
-3.463736
-4.137241
-4.618315
-6.542613
-8.563126
-9.525275
-9.717705
-7.504762
-3.559951
0.000000
2.116728
1.924298
1.443223
1.828083
4.425885
6.831258
4.618315
2.694017
-3.848596
-7.889621
-8.659341
-5.676679
-1.250794
2.405372
1.443223
-0.962149
-5.772894
-9.236630
-8.659341
-4.714530
0.000000
0.962149
-3.175092
-6.542613
-7.697192
-6.831258
-2.982662
1.924298
3.656166
3.944811
-1.731868
-6.542613
-10.006349
-9.813919
-11.545788
-11.064713
-12.700366
-16.548962
-18.377045
-16.837607
-12.026862
-4.522100
1.443223
9.236630
10.294994
1.347009
-5.676679
-7.119902
-2.886447
0.577289
-0.962149
-4.329670
-9.236630
-13.373871
-15.009524
-11.930647
-6.831258
-3.078877
-1.443223
-3.848596
-5.772894
-4.714530
-2.886447
-1.347009
-2.116728
-1.731868
2.212943
5.772894
7.793407
7.697192
8.082051
8.466911
8.563126
6.253968
7.023687
9.140415
14.432234
17.799756
20.974847
23.187790
25.112088
25.304518
26.459096
26.266667
27.228816
26.170452
23.765079
17.318681
12.123077
10.679853
11.930647
13.277656
15.683028
14.047375
11.257143
7.985836
7.023687
7.600977
7.312332
5.580464
8.370696
9.525275
10.487424
8.851770
5.772894
1.924298
-4.906960
-8.755556
-13.758730
-16.260317
-16.645177
-14.528449
-11.834432
-11.642002
-11.257143
-10.872283
-8.947985
-9.140415
-9.332845
-8.755556
-5.965324
-3.944811
-1.924298
-3.175092
-5.195604
-6.735043
-7.216117
-7.697192
-5.676679
-1.731868
0.865934
2.694017
3.848596
1.154579
-1.347009
-0.769719
-1.250794
-0.673504
2.694017
3.078877
1.539438
0.096215
-4.041026
-5.291819
-4.906960
-4.329670
-3.463736
-2.309158
-1.828083
-1.443223
-1.539438
-1.443223
-3.271306
-2.886447
-1.443223
0.192430
0.769719
1.635653
3.271306
5.003175
3.078877
3.656166
5.195604
6.157753
9.813919
12.796581
17.126252
18.280830
16.452747
13.373871
15.009524
16.260317
15.009524
10.391209
7.697192
5.580464
6.253968
5.965324
1.250794
-1.828083
-2.309158
0.673504
2.694017
3.656166
1.058364
-1.443223
-2.309158
-3.463736
-3.848596
-0.481074
3.271306
8.851770
10.872283
12.315507
11.257143
10.294994
10.487424
8.370696
8.274481
9.236630
10.776068
13.951160
12.604151
10.776068
11.353358
9.332845
7.312332
6.061538
2.020513
1.250794
2.790232
3.944811
4.906960
4.137241
3.944811
3.656166
0.577289
-1.347009
-3.559951
-3.944811
-3.848596
-2.694017
-1.539438
-1.731868
-2.309158
0.769719
2.020513
2.212943
2.116728
3.271306
6.638828
8.755556
6.157753
3.559951
2.694017
3.271306
7.985836
6.542613
3.175092
3.463736
7.312332
9.910134
9.717705
9.332845
8.755556
10.776068
12.219292
12.796581
11.353358
10.968498
9.621490
8.659341
7.504762
4.906960
4.714530
4.425885
4.233455
2.597802
1.539438
0.000000
-4.041026
-3.271306
-2.309158
-1.635653
-5.965324
-5.869109
-1.058364
-0.192430
-1.539438
-2.116728
-3.271306
0.577289
-1.058364
1.443223
3.463736
4.906960
5.195604
3.656166
2.790232
1.250794
-0.481074
-3.848596
-4.714530
-4.041026
-2.694017
-1.924298
-2.501587
-1.828083
0.288645
-1.250794
-2.886447
-4.522100
-3.752381
-3.848596
-2.405372
-5.772894
-8.370696
-10.487424
-9.910134
-10.198779
-7.889621
-7.793407
-4.041026
-3.367521
-4.137241
-4.233455
-5.003175
-6.831258
-7.985836
-6.253968
-6.446398
-4.425885
-5.388034
-4.425885
-3.078877
-1.635653
-0.673504
-2.501587
-12.989011
-4.906960
-8.274481
-9.044200
-5.676679
-7.793407
-8.947985
-9.429060
-7.889621
-5.388034
-6.350183
-5.388034
-4.906960
-5.869109
-4.714530
-2.212943
-0.769719
-2.116728
-3.175092
-1.828083
-1.058364
0.481074
-0.769719
-1.250794
-0.384860
-2.501587
-5.291819
-5.580464
-7.216117
-7.408547
-4.714530
-2.501587
-2.886447
-1.347009
-1.828083
-2.982662
-3.559951
-7.119902
-8.274481
-9.236630
-6.542613
-5.003175
-2.886447
-3.848596
-5.965324
-5.388034
-5.484249
-3.175092
-3.078877
-0.962149
2.790232
1.250794
-0.288645
-2.886447
-6.735043
-11.160928
-11.064713
-11.545788
-12.315507
-12.507937
-11.353358
-9.813919
-9.332845
-13.758730
-2.886447
-1.828083
-2.020513
-5.484249
-7.600977
-6.638828
-6.157753
-4.906960
-3.463736
-2.694017
-4.329670
-4.522100
-4.810745
-3.367521
-3.752381
-2.116728
-0.769719
-0.481074
-2.982662
-3.559951
-2.212943
-1.828083
-2.790232
-1.539438
0.481074
1.635653
1.539438
-1.731868
-6.542613
-7.216117
-9.044200
-9.621490
-8.947985
-6.350183
-3.463736
-1.731868
-2.212943
-1.154579
-2.212943
-2.694017
-6.253968
-7.697192
-10.294994
-9.910134
-11.257143
-10.487424
-9.525275
-6.350183
-2.116728
2.886447
6.735043
6.157753
3.271306
4.810745
4.618315
1.731868
-0.962149
-2.597802
-4.522100
-3.559951
-5.869109
-2.309158
-1.924298
-0.962149
0.384860
-2.309158
-3.463736
-5.099389
-1.443223
1.058364
0.481074
1.250794
0.000000
-4.618315
-8.563126
-6.927473
-2.501587
-2.790232
-5.869109
-8.851770
-10.294994
-7.889621
-3.367521
-3.463736
-0.577289
3.944811
6.061538
3.752381
1.250794
2.982662
7.504762
7.216117
8.082051
10.102564
9.621490
8.370696
5.869109
6.638828
4.810745
2.405372
2.309158
6.350183
8.563126
5.484249
0.769719
-1.731868
-3.656166
-3.367521
-3.559951
-3.271306
1.154579
1.731868
2.597802
0.384860
-0.384860
0.192430
2.020513
0.962149
0.481074
-1.731868
-3.656166
-16.356532
-15.779243
-19.435409
-19.050549
-16.452747
-12.123077
-5.676679
0.865934
8.082051
8.947985
5.291819
1.058364
1.250794
8.178266
14.913309
13.758730
14.047375
13.951160
13.277656
8.178266
3.271306
-0.096215
2.309158
5.869109
9.621490
5.484249
-1.347009
-6.735043
-7.216117
-6.735043
-7.119902
-4.714530
-4.233455
-4.329670
-4.329670
-0.096215
2.405372
1.731868
2.501587
1.828083
1.539438
3.656166
6.157753
7.793407
7.793407
8.466911
10.102564
12.796581
15.586813
15.586813
11.449573
7.985836
6.735043
9.140415
10.487424
13.662515
14.913309
12.411722
9.044200
6.253968
5.484249
8.274481
5.965324
2.694017
-1.347009
0.000000
2.212943
2.694017
2.597802
4.425885
6.927473
6.735043
6.446398
3.656166
2.309158
5.195604
7.312332
6.350183
7.119902
10.872283
14.239805
13.854945
14.817094
16.548962
14.720879
12.796581
12.989011
13.566300
12.026862
8.466911
6.831258
6.638828
5.580464
3.752381
1.828083
3.463736
3.367521
3.559951
2.694017
1.443223
0.865934
0.962149
-1.154579
2.020513
1.539438
0.096215
-1.058364
-8.082051
3.175092
4.618315
3.944811
5.676679
7.119902
8.947985
7.504762
8.466911
7.889621
5.484249
4.618315
4.618315
3.752381
2.020513
2.309158
-1.250794
-4.522100
-7.119902
-5.003175
-3.367521
1.828083
2.405372
1.347009
2.982662
4.714530
3.944811
5.003175
6.061538
4.233455
3.559951
5.772894
4.618315
1.443223
-2.309158
-5.580464
-9.717705
-9.910134
-12.604151
-11.545788
-10.102564
-9.044200
-6.061538
-2.982662
-3.656166
-3.463736
-2.694017
-2.597802
-3.367521
-2.309158
