-8.842491
-13.870574
-15.604396
-16.644689
-16.471306
-14.737485
-11.789988
-6.415140
-2.427350
1.907204
3.294261
6.935287
8.842491
5.721612
0.953602
-4.074481
-9.622711
-12.223443
-15.864469
-16.818071
-18.725275
-19.852259
-15.777778
-11.789988
-6.761905
-3.294261
-2.774115
-3.901099
-7.282051
-11.529915
-15.691087
-18.725275
-22.192918
-23.233211
-25.660562
-25.400488
-27.047619
-23.493284
-19.678877
-16.644689
-10.489621
-5.634921
0.953602
5.201465
5.548230
6.588523
4.594628
-0.606838
-4.507937
-8.842491
-13.437118
-17.078144
-21.326007
-20.979243
-19.158730
-15.864469
-14.390720
-6.761905
-1.907204
3.294261
5.548230
7.455433
5.808303
4.681319
1.733822
-1.993895
-6.675214
-10.316239
-11.356532
-12.916972
-14.043956
-13.957265
-12.916972
-8.322344
-7.195360
-4.421245
-3.814408
-4.681319
-4.941392
-6.155067
-6.501832
-7.542125
-7.368742
-7.021978
-5.028083
-2.080586
-1.126984
3.207570
7.195360
10.663004
9.622711
10.142857
6.588523
5.114774
2.167277
-1.820513
-5.374847
-7.628816
-6.328449
-5.894994
-2.514042
0.780220
1.907204
4.941392
3.554335
3.901099
2.253968
0.606838
1.733822
0.346764
-0.433455
1.040293
0.866911
0.866911
-2.167277
-1.300366
-3.641026
-3.207570
-3.641026
-3.641026
-2.427350
1.300366
-0.346764
3.207570
4.681319
6.848596
7.542125
4.334554
2.253968
-0.866911
-1.820513
-2.860806
-4.941392
-4.247863
-3.207570
0.866911
4.854701
7.195360
10.402930
10.316239
8.495726
9.189255
4.941392
0.866911
-3.207570
-6.935287
-8.582418
-7.715507
-5.894994
-3.034188
-2.167277
3.987790
8.669109
9.189255
7.628816
5.374847
2.080586
-1.820513
-6.848596
-8.842491
-10.142857
-9.449328
-6.588523
-2.253968
2.514042
5.721612
9.709402
12.570208
11.616606
11.096459
8.409035
6.935287
2.774115
1.733822
1.387057
2.514042
2.253968
2.080586
4.941392
7.195360
11.356532
14.737485
15.170940
15.864469
13.697192
14.824176
14.477411
15.344322
11.616606
10.142857
10.402930
10.749695
12.570208
13.003663
11.963370
10.142857
11.963370
11.616606
12.483516
13.783883
11.703297
12.656899
10.402930
10.402930
7.715507
7.455433
10.576313
12.483516
14.997558
14.824176
13.783883
13.177045
10.576313
10.316239
9.709402
7.108669
5.201465
-0.173382
-3.814408
-5.634921
-7.282051
-4.074481
-1.126984
2.253968
3.380952
5.894994
9.102564
6.848596
4.334554
0.086691
-5.028083
-7.628816
-7.282051
-7.368742
-6.761905
-4.941392
0.173382
4.594628
7.975580
11.096459
13.350427
14.130647
9.796093
4.247863
-1.907204
-7.802198
-10.923077
-11.616606
-11.356532
-8.235653
-3.380952
2.947497
4.854701
8.409035
9.189255
12.050061
14.737485
16.818071
14.737485
11.616606
8.582418
5.634921
3.554335
2.080586
-0.260073
3.467643
5.028083
10.402930
14.737485
18.811966
22.626374
25.833944
26.614164
27.741148
25.313797
25.400488
22.019536
22.713065
16.904762
18.465201
17.078144
18.291819
17.164835
18.551893
19.072039
17.858364
15.951160
13.783883
11.789988
8.669109
2.860806
0.866911
-4.074481
-5.634921
-7.715507
-9.796093
-12.570208
-12.310134
-12.570208
-12.916972
-13.177045
-15.170940
-15.777778
-14.304029
-15.344322
-15.517705
-18.205128
-19.158730
-19.158730
-21.326007
-21.499389
-22.192918
-23.840049
-25.920635
-27.914530
-26.440781
-28.087912
-31.208791
-33.982906
-36.236874
-37.103785
-40.051282
-39.704518
-37.363858
-36.150183
-34.936508
-35.023199
-34.589744
-34.329670
-32.595849
-29.735043
-26.440781
-23.840049
-24.100122
-26.094017
-25.400488
-26.527473
-24.793651
-22.886447
-19.245421
-16.211233
-16.037851
-17.251526
-16.297924
-16.818071
-12.570208
-11.009768
-7.282051
-4.854701
-4.074481
-1.560440
-0.086691
1.733822
3.901099
5.808303
8.322344
10.836386
14.910867
12.656899
9.536020
4.161172
1.733822
2.167277
3.814408
5.114774
7.195360
10.056166
10.836386
10.316239
10.923077
7.542125
9.102564
6.675214
8.409035
5.028083
2.340659
-0.173382
-1.560440
0.260073
3.207570
7.628816
11.009768
13.870574
14.650794
11.269841
12.830281
9.015873
8.582418
5.461538
2.687424
0.606838
0.866911
-0.693529
-1.387057
-1.300366
-0.346764
-0.346764
5.288156
11.356532
16.471306
19.332112
20.199023
18.205128
16.124542
13.003663
10.576313
4.854701
0.260073
-2.947497
-3.380952
-4.074481
0.953602
2.860806
5.548230
7.542125
11.009768
15.170940
19.418803
20.632479
20.025641
17.078144
12.223443
7.455433
4.074481
-0.606838
-3.120879
-4.421245
-4.247863
-5.288156
-4.247863
-3.554335
-0.520147
-1.126984
-0.606838
-2.600733
-2.514042
-3.380952
-4.768010
-6.588523
-8.582418
-10.749695
-11.703297
-11.616606
-10.229548
-7.628816
-4.507937
-0.606838
3.120879
5.201465
8.148962
8.755800
8.148962
5.461538
5.461538
2.947497
2.253968
0.866911
-0.346764
-3.207570
-3.641026
-1.560440
1.560440
6.328449
7.715507
6.761905
6.935287
3.901099
4.247863
2.687424
2.600733
0.780220
-1.213675
-3.294261
-6.068376
-7.975580
-8.148962
-8.062271
-5.028083
-3.467643
-1.733822
0.086691
1.387057
0.693529
-0.433455
-3.467643
-7.628816
-11.703297
-14.564103
-16.297924
-15.864469
-17.424908
-16.818071
-15.864469
-14.997558
-12.483516
-10.749695
-9.015873
-7.628816
-9.449328
-10.402930
-11.703297
-9.882784
-11.703297
-13.523810
-14.737485
-15.604396
-15.170940
-14.130647
-12.916972
-8.842491
-5.374847
1.040293
5.288156
7.802198
8.755800
6.328449
2.167277
-3.207570
-7.802198
-8.929182
-8.929182
-7.715507
-6.068376
-6.935287
-5.028083
-2.167277
-0.866911
0.866911
3.380952
9.189255
11.356532
14.130647
13.263736
11.269841
7.455433
4.074481
0.260073
-2.167277
-2.774115
-0.433455
0.433455
1.820513
2.167277
3.380952
5.634921
5.634921
6.588523
5.981685
2.860806
1.560440
-3.207570
-6.328449
-9.449328
-9.969475
-6.068376
-5.028083
-1.993895
0.693529
2.774115
6.415140
8.755800
13.177045
13.870574
13.523810
7.888889
2.514042
-2.253968
-4.421245
-5.548230
-6.068376
-5.288156
-3.207570
-2.860806
1.126984
2.600733
7.368742
10.229548
11.616606
10.489621
11.269841
9.275946
7.282051
4.681319
1.907204
-0.953602
-3.294261
-5.114774
-6.155067
-5.894994
-3.034188
-1.040293
2.514042
4.768010
8.929182
10.923077
14.564103
15.517705
17.424908
16.818071
15.604396
15.431013
13.783883
14.650794
14.217338
11.443223
9.709402
3.901099
2.860806
1.126984
1.387057
4.161172
5.808303
6.848596
9.015873
7.975580
9.189255
6.761905
7.195360
6.588523
6.155067
6.068376
5.548230
2.080586
3.901099
3.727717
3.987790
4.161172
5.288156
5.981685
4.594628
1.820513
-2.167277
-4.681319
-4.854701
-5.461538
-2.687424
-3.207570
-2.167277
-2.080586
-1.040293
-0.346764
0.086691
-0.866911
0.520147
1.560440
-0.780220
-3.987790
-5.201465
-8.062271
-7.888889
-6.415140
-5.374847
-9.449328
-8.322344
-9.102564
-5.981685
-9.709402
-10.749695
-10.749695
-8.842491
-9.536020
-10.056166
-10.576313
-12.396825
-13.870574
-15.170940
-14.130647
-12.656899
-11.789988
-9.015873
-6.761905
-2.600733
-1.560440
-0.606838
0.693529
3.034188
2.687424
3.207570
-1.040293
-0.953602
-4.941392
-6.155067
-8.669109
-9.102564
-12.310134
-11.443223
-9.449328
-6.675214
-3.901099
-1.213675
1.126984
1.993895
1.907204
0.173382
-2.947497
-5.981685
-7.888889
-8.409035
-12.310134
-11.356532
-10.229548
-8.582418
-6.761905
-5.721612
-5.634921
-3.207570
-1.820513
-1.387057
-3.467643
-4.334554
-3.641026
-1.126984
-0.780220
-2.860806
-3.467643
-1.126984
-0.086691
-1.820513
-3.380952
-1.387057
-1.300366
-0.433455
3.467643
4.594628
4.681319
4.247863
0.173382
-1.473748
-4.768010
-5.374847
-3.727717
-2.947497
2.080586
6.935287
10.229548
13.003663
12.223443
12.743590
8.842491
4.768010
0.433455
-0.866911
-1.473748
-0.346764
0.606838
6.848596
6.588523
5.634921
4.421245
3.727717
2.514042
4.247863
5.288156
3.380952
3.554335
4.594628
3.467643
4.681319
2.080586
4.768010
3.120879
4.161172
4.421245
2.253968
3.641026
3.294261
3.727717
3.814408
2.774115
3.554335
1.993895
3.120879
3.641026
3.207570
4.854701
4.941392
6.761905
7.888889
7.628816
6.415140
5.981685
5.548230
4.421245
4.074481
0.780220
2.080586
3.034188
3.641026
6.501832
9.362637
10.663004
11.443223
9.796093
10.056166
9.969475
9.102564
3.294261
3.120879
-1.213675
-4.594628
-6.068376
-4.768010
-3.380952
-1.387057
1.560440
3.987790
7.108669
9.015873
10.142857
12.396825
12.310134
13.870574
10.836386
6.415140
1.993895
-1.820513
-2.167277
-3.380952
-2.774115
-1.993895
0.260073
4.768010
5.721612
8.409035
9.796093
12.223443
11.096459
8.495726
6.155067
5.721612
3.727717
4.941392
4.594628
7.368742
8.755800
10.402930
10.923077
11.009768
13.263736
16.384615
19.158730
20.719170
17.251526
13.437118
5.288156
0.693529
-3.380952
-5.461538
-7.282051
-8.669109
-6.935287
-4.594628
-5.288156
-2.514042
1.733822
4.074481
2.080586
3.120879
-1.213675
-3.987790
-9.362637
-14.217338
-16.384615
-16.731380
-16.211233
-14.304029
-13.350427
-10.663004
-8.235653
-5.028083
-7.542125
-6.415140
-9.882784
-13.437118
-16.211233
-16.991453
-16.731380
-15.431013
-14.217338
-11.789988
-10.402930
-6.068376
-1.907204
1.300366
2.340659
0.780220
-0.780220
-1.560440
-3.034188
-1.820513
-1.820513
-3.120879
-6.328449
-8.235653
-7.975580
-8.235653
-7.021978
-6.155067
-4.074481
0.086691
0.606838
2.080586
1.040293
5.201465
5.374847
5.981685
1.733822
-2.947497
-5.028083
-7.542125
-7.108669
-6.328449
-3.641026
2.167277
4.247863
8.755800
11.789988
15.257631
15.864469
16.731380
15.864469
13.697192
8.235653
7.021978
2.947497
0.780220
-1.387057
-3.034188
-1.126984
2.080586
3.554335
5.201465
6.155067
7.975580
6.588523
8.842491
9.275946
10.923077
6.415140
2.687424
-1.820513
-5.894994
-9.709402
-12.743590
-16.904762
-17.511600
-20.632479
-19.332112
-19.072039
-15.951160
-14.217338
-11.183150
-8.929182
-6.935287
-6.241758
-7.368742
-6.675214
-6.415140
-8.755800
-9.882784
-12.396825
-12.310134
-15.170940
-13.610501
-11.703297
-10.749695
-7.975580
-6.068376
-4.421245
-2.947497
-2.340659
2.080586
-0.346764
-1.907204
-5.114774
-6.761905
-7.975580
-9.882784
-9.362637
-9.709402
-7.542125
-6.761905
-4.941392
0.173382
3.380952
7.888889
9.275946
10.229548
7.195360
5.894994
1.733822
-2.514042
-5.981685
-6.415140
-6.068376
-2.600733
0.693529
5.634921
9.709402
10.663004
11.096459
11.443223
8.235653
6.675214
0.520147
-0.606838
-5.374847
-7.975580
-9.015873
-7.975580
-4.681319
-3.814408
-2.774115
2.080586
4.768010
8.322344
9.275946
13.090354
13.523810
11.009768
6.848596
4.334554
2.600733
1.040293
-1.040293
0.953602
-1.387057
-1.560440
-2.167277
-2.774115
-0.346764
2.340659
4.334554
3.987790
3.814408
3.554335
2.947497
-1.560440
-3.120879
-2.080586
-2.860806
-3.641026
-3.380952
-2.514042
-4.247863
-1.907204
-3.467643
-1.473748
-3.120879
-1.387057
-1.560440
-3.207570
-2.774115
-2.600733
-2.860806
-1.820513
-1.126984
2.600733
4.161172
7.195360
6.241758
5.461538
2.600733
-0.086691
-1.993895
-5.201465
-5.634921
-4.507937
-0.433455
3.554335
4.768010
5.721612
5.288156
7.888889
7.888889
10.229548
6.501832
4.768010
2.080586
-0.953602
-4.161172
-5.548230
-5.894994
-5.028083
-3.641026
0.260073
-2.253968
-1.820513
-3.294261
-1.387057
-2.427350
-0.520147
-3.814408
-4.594628
-5.981685
-2.947497
-0.606838
0.173382
1.126984
3.380952
5.374847
8.929182
9.102564
10.836386
8.582418
7.282051
4.247863
2.774115
0.780220
-1.647131
-3.207570
-2.167277
-3.641026
-2.860806
-2.080586
1.387057
1.993895
4.507937
4.594628
4.247863
2.947497
1.126984
-1.733822
-0.780220
-1.126984
-0.780220
-0.173382
-0.866911
-0.173382
-1.213675
0.260073
4.161172
4.161172
7.368742
7.368742
8.582418
7.021978
7.368742
4.941392
3.467643
3.207570
2.687424
-0.173382
0.693529
-0.433455
1.300366
0.346764
0.953602
1.907204
2.774115
5.548230
6.588523
5.548230
2.600733
0.346764
-0.260073
-2.167277
-2.860806
-4.768010
-2.340659
-0.953602
-0.693529
0.780220
1.993895
2.774115
3.987790
1.473748
1.473748
0.346764
0.346764
-1.820513
-3.034188
-3.554335
-2.514042
0.086691
1.907204
3.814408
5.461538
7.888889
8.842491
9.015873
7.628816
5.721612
5.634921
2.514042
2.600733
0.260073
-1.126984
0.693529
3.467643
5.808303
5.461538
4.681319
3.380952
2.947497
0.520147
1.126984
-0.693529
-2.947497
-3.207570
-5.201465
-4.421245
-4.247863
-6.935287
-5.721612
-7.368742
-4.854701
-0.693529
0.866911
-0.866911
-3.467643
-5.548230
-9.362637
-7.542125
-1.560440
3.380952
4.941392
1.300366
-3.467643
-4.247863
-8.235653
-9.015873
-9.882784
-7.888889
-3.120879
2.947497
8.235653
11.616606
11.443223
6.675214
-0.086691
-9.882784
-14.910867
-15.691087
-12.483516
-5.634921
0.433455
6.675214
9.189255
11.443223
10.663004
6.588523
2.600733
-2.514042
-6.155067
-7.368742
-9.622711
-7.195360
-6.328449
-2.514042
0.260073
3.554335
3.380952
2.600733
2.774115
-0.693529
-1.560440
0.000000
1.126984
1.040293
-0.866911
-0.693529
-3.987790
-2.947497
-5.028083
-5.894994
-5.634921
-5.114774
-5.548230
-6.241758
-5.721612
-3.294261
-1.126984
-0.346764
-0.346764
0.433455
1.387057
0.606838
-0.866911
-2.514042
-2.167277
-2.860806
-4.507937
-3.467643
-1.907204
0.866911
-0.260073
-0.260073
0.693529
3.814408
5.114774
5.981685
2.514042
-0.520147
-2.253968
-4.334554
-6.241758
-9.275946
-10.749695
-8.582418
-5.028083
-0.346764
0.433455
1.733822
3.034188
2.253968
-0.173382
-4.334554
-9.969475
-11.616606
-15.517705
-16.297924
-15.517705
-11.443223
-4.074481
2.600733
5.894994
6.415140
5.548230
5.981685
4.421245
-0.520147
-5.028083
-8.235653
-3.207570
1.473748
3.294261
2.167277
2.514042
1.907204
2.860806
-0.433455
-3.467643
-5.461538
-3.987790
-0.693529
0.086691
0.520147
1.387057
-2.774115
-3.727717
-5.461538
-7.802198
-7.455433
-7.975580
-5.028083
-2.080586
0.173382
0.780220
-0.780220
1.300366
1.647131
0.780220
-1.213675
-5.461538
-6.848596
-1.560440
4.161172
5.981685
4.074481
3.727717
4.334554
4.161172
3.120879
-1.300366
-4.941392
-7.282051
-3.727717
2.080586
5.028083
7.888889
6.761905
5.634921
2.427350
0.000000
-1.387057
-1.993895
-0.693529
3.207570
8.322344
12.136752
13.090354
11.443223
10.142857
9.015873
3.987790
1.647131
-1.473748
-3.120879
0.346764
-0.173382
0.433455
-1.126984
-0.693529
-2.687424
-3.641026
-3.120879
-4.854701
-4.941392
-5.808303
-5.721612
-2.947497
-0.520147
2.080586
5.028083
5.894994
5.981685
3.987790
1.820513
2.427350
0.780220
1.907204
2.514042
0.780220
0.173382
1.560440
0.780220
5.288156
7.975580
10.923077
6.501832
1.993895
-1.040293
-4.334554
-4.421245
-5.548230
-6.241758
-5.634921
-2.514042
0.000000
5.548230
9.275946
9.102564
9.709402
6.761905
1.907204
-2.600733
-7.108669
-10.316239
-10.923077
-9.796093
-5.634921
-5.808303
-0.780220
0.260073
2.600733
3.554335
3.207570
-1.126984
-5.288156
-7.542125
-6.848596
-5.721612
-4.161172
-4.161172
-4.768010
-4.161172
-4.247863
-2.687424
-3.814408
-6.328449
-5.374847
-2.774115
1.560440
1.993895
1.040293
1.820513
-0.173382
1.387057
-0.693529
-4.854701
-6.588523
-5.634921
-1.560440
0.606838
1.387057
0.086691
-1.733822
-4.854701
-6.415140
-9.622711
-10.663004
-13.177045
-15.517705
-16.644689
-15.517705
-12.570208
-9.189255
-4.594628
-1.647131
0.173382
1.126984
3.641026
3.207570
-1.993895
-4.074481
-7.455433
-4.594628
0.173382
3.294261
2.340659
-1.387057
-3.727717
-1.300366
-0.693529
-0.260073
-1.040293
-1.733822
-1.473748
-0.866911
1.126984
3.467643
2.947497
4.074481
5.548230
6.935287
7.108669
6.588523
2.340659
-0.086691
0.173382
2.774115
3.641026
5.894994
6.415140
8.842491
7.195360
7.715507
5.201465
0.433455
-4.161172
-2.860806
1.473748
7.455433
6.848596
8.842491
8.495726
3.727717
2.080586
-0.520147
-6.588523
-10.576313
-12.916972
-11.356532
-9.882784
-7.108669
-2.253968
3.727717
7.975580
9.362637
5.808303
3.814408
-1.040293
-5.201465
-6.935287
-9.796093
-8.842491
-3.294261
1.126984
6.415140
11.096459
15.257631
14.997558
12.743590
9.015873
2.774115
0.780220
-0.520147
-4.681319
-6.935287
-9.449328
-10.489621
-10.749695
-10.142857
-9.015873
-8.409035
-8.148962
-6.328449
-7.368742
-7.108669
-8.842491
-8.755800
-9.275946
-9.362637
-8.669109
-6.761905
-6.588523
-3.380952
-0.866911
2.340659
-0.260073
-0.433455
-0.606838
-0.086691
3.034188
4.161172
4.074481
6.068376
2.947497
3.554335
2.687424
0.780220
-0.433455
-1.820513
-0.086691
4.941392
7.195360
9.796093
8.755800
9.882784
7.542125
5.288156
3.294261
1.387057
-3.120879
-3.727717
-5.461538
-3.554335
-0.173382
-0.433455
0.173382
0.520147
-2.253968
-3.207570
-4.507937
-4.681319
-5.374847
-4.941392
-5.288156
-1.993895
-5.114774
-6.155067
-5.288156
-3.901099
-4.681319
-5.374847
-7.282051
-5.461538
-4.768010
-3.207570
1.213675
4.074481
0.693529
1.126984
-3.814408
-6.155067
-11.703297
-13.350427
-17.424908
-17.945055
-16.904762
-10.749695
-6.155067
-0.953602
-1.300366
-2.427350
-5.374847
-7.975580
-11.356532
-11.529915
-12.570208
-12.050061
-12.570208
-10.576313
-5.548230
-2.080586
0.173382
2.427350
0.260073
-1.907204
-6.155067
-9.622711
-12.916972
-14.737485
-13.523810
-10.229548
-7.715507
-5.114774
-4.768010
-3.120879
-2.340659
-0.606838
1.387057
1.040293
1.300366
2.340659
2.774115
2.774115
-0.260073
0.000000
-2.514042
-2.167277
-4.421245
-4.768010
-5.028083
-2.340659
-4.161172
-2.860806
-4.854701
-3.207570
-3.207570
-1.820513
-3.814408
-4.768010
-8.842491
-10.316239
-10.489621
-9.969475
-9.015873
-7.542125
-3.207570
3.554335
7.282051
12.136752
12.396825
12.743590
11.009768
8.842491
3.120879
-0.433455
-2.253968
0.953602
6.761905
7.368742
6.761905
7.282051
5.894994
5.028083
2.253968
-0.260073
-0.346764
1.040293
0.780220
1.473748
2.253968
4.334554
5.028083
2.427350
-1.040293
-4.334554
-5.981685
-5.114774
-3.814408
-4.854701
-5.028083
-2.947497
-4.507937
-4.421245
-6.761905
-7.542125
-7.021978
-5.201465
-2.947497
-0.693529
0.606838
4.161172
4.334554
2.253968
1.993895
0.433455
-2.774115
-5.114774
-5.201465
-1.993895
-3.034188
-2.947497
-3.380952
-2.687424
-2.427350
-3.467643
-4.854701
-5.028083
-3.294261
-3.034188
0.346764
-1.733822
-3.467643
-4.681319
-6.155067
-4.247863
-0.606838
-1.387057
-1.820513
-2.514042
1.126984
3.120879
3.641026
2.774115
0.086691
-1.213675
-2.687424
-1.387057
-1.733822
-1.473748
1.733822
4.507937
5.808303
6.588523
4.421245
4.334554
2.167277
-0.693529
-1.213675
-2.253968
-1.387057
3.554335
7.282051
7.888889
6.588523
3.641026
-0.346764
-2.860806
-4.594628
-3.380952
-0.086691
-0.173382
1.560440
0.866911
2.167277
0.953602
0.520147
-1.040293
-2.687424
-4.161172
-0.780220
1.820513
4.507937
4.074481
4.421245
3.641026
4.161172
4.854701
1.473748
-1.560440
-2.947497
-5.981685
-2.947497
0.780220
3.554335
4.681319
4.594628
1.213675
-0.433455
-0.780220
-1.126984
0.520147
-0.173382
-3.120879
-3.034188
-4.421245
-3.294261
-5.028083
-4.334554
-6.675214
-7.368742
-6.935287
-8.409035
-9.102564
-8.235653
-9.622711
-8.235653
-6.761905
-5.721612
-4.854701
-0.173382
0.606838
0.173382
-4.074481
-6.761905
-6.761905
-5.981685
-6.848596
-7.455433
-10.576313
-8.495726
-8.495726
-5.114774
-0.433455
1.993895
1.820513
2.167277
-0.953602
0.086691
-0.433455
2.340659
2.427350
3.380952
3.467643
2.600733
2.600733
7.195360
5.634921
6.588523
2.167277
1.560440
-1.993895
-5.201465
-3.727717
-5.461538
-5.894994
-4.421245
-7.802198
-5.288156
-6.675214
-7.455433
-8.929182
-8.842491
-5.201465
-2.860806
-3.554335
-4.247863
-3.467643
-4.074481
-2.427350
-2.514042
-4.247863
-4.161172
-4.334554
-7.368742
-4.507937
-4.161172
-3.641026
-3.034188
-4.681319
-5.721612
-7.455433
-7.368742
-4.681319
-1.213675
1.213675
2.340659
1.473748
1.907204
3.987790
3.120879
1.733822
0.173382
-4.594628
-3.467643
-5.808303
-7.975580
-8.322344
-6.848596
-6.848596
-6.761905
-7.975580
-6.415140
-5.981685
-6.675214
-4.421245
-6.068376
-3.554335
0.260073
0.606838
-0.606838
-1.907204
-3.987790
-3.034188
-4.074481
-4.507937
-6.155067
-9.189255
-6.415140
-5.634921
-5.634921
-3.467643
-5.721612
-6.415140
-9.275946
-8.929182
-6.415140
-6.848596
-4.681319
-1.300366
-1.647131
-2.860806
-2.253968
-2.167277
-0.953602
-3.727717
-5.374847
-5.894994
-8.495726
-8.409035
-5.548230
-5.201465
-3.554335
-5.114774
-4.768010
-4.334554
-4.681319
-4.247863
-5.721612
-4.074481
-4.507937
-1.300366
0.346764
0.346764
0.260073
0.433455
