0.423687
-2.626862
-2.457387
3.558974
5.338462
9.066911
1.440537
1.779487
3.050549
-0.169475
-4.321612
-5.338462
-3.643712
1.355800
1.948962
-0.423687
-4.830037
-1.864225
2.711600
1.271062
-1.610012
-6.778999
-7.795849
-6.185836
-3.982662
-2.203175
-3.813187
-6.778999
-5.507937
-7.795849
-9.236386
-7.711111
-1.355800
1.440537
1.016850
-4.491087
-3.897924
-6.185836
1.525275
1.779487
1.864225
0.593162
6.270574
1.864225
7.880586
0.084737
-0.677900
-1.525275
1.779487
-0.762637
-1.948962
-7.372161
-5.677411
-6.524786
-3.643712
-2.796337
-2.287912
-5.338462
-3.135287
-7.711111
-4.236874
-2.626862
-1.355800
-4.660562
-1.694750
-4.914774
-1.016850
-2.118437
-3.135287
-4.406349
-1.355800
-4.152137
-4.406349
-6.524786
-4.914774
-4.236874
-3.643712
-4.830037
-6.440049
-7.541636
-6.778999
-5.507937
-9.575336
-9.405861
-4.575824
-0.932112
-6.355311
-8.389011
-4.660562
2.881074
0.932112
-2.287912
-6.440049
-2.881074
-3.897924
0.508425
-2.796337
-0.593162
-9.744811
-0.084737
-1.186325
1.779487
-2.033700
-0.169475
-5.338462
-3.643712
-3.474237
-1.948962
-3.728449
1.355800
1.440537
1.864225
0.169475
0.000000
0.508425
1.948962
0.762637
-1.694750
-3.389499
0.847375
3.135287
3.220024
1.440537
-1.016850
-3.474237
-5.762149
-7.372161
-11.524298
-8.219536
-7.202686
-5.338462
-7.287424
-3.897924
-2.711600
0.847375
-1.610012
-1.101587
0.677900
3.813187
2.203175
2.118437
-1.694750
0.169475
0.932112
6.016361
2.118437
4.236874
1.525275
7.372161
2.626862
3.897924
3.389499
4.491087
1.610012
1.610012
-3.389499
3.813187
4.914774
4.491087
0.000000
3.050549
1.694750
0.423687
-3.558974
-1.948962
-2.033700
2.626862
1.779487
1.186325
0.169475
2.033700
0.254212
0.338950
1.016850
2.626862
3.558974
2.033700
2.542125
2.965812
1.355800
-0.423687
1.948962
1.186325
4.067399
2.542125
1.271062
0.593162
2.287912
0.593162
1.864225
0.000000
2.796337
3.135287
7.880586
3.220024
5.084249
1.694750
1.948962
0.423687
0.254212
-4.830037
-2.118437
-2.965812
1.525275
2.287912
7.541636
5.338462
7.711111
6.524786
7.372161
3.813187
5.423199
4.830037
5.253724
5.168987
5.846886
2.287912
0.084737
0.677900
4.067399
3.558974
0.423687
-1.694750
-3.389499
-3.474237
-3.135287
-4.575824
-8.558486
-6.101099
-7.456899
-3.728449
-3.813187
-0.508425
0.169475
-1.864225
-4.067399
-1.525275
-6.440049
-2.965812
-5.338462
-2.711600
-1.610012
1.440537
-2.626862
-2.033700
-7.117949
-4.236874
-7.880586
-4.321612
-7.456899
-3.220024
-6.778999
-4.491087
-4.575824
-1.779487
-3.982662
0.338950
-2.203175
-1.694750
-1.864225
3.304762
1.440537
3.220024
1.525275
3.728449
0.423687
3.220024
-0.593162
-4.575824
-5.846886
-4.152137
-3.135287
0.423687
0.593162
1.779487
3.050549
2.033700
-0.932112
-4.236874
-8.897436
-9.066911
-6.016361
-2.965812
1.355800
-2.542125
0.254212
-0.593162
3.728449
2.287912
0.254212
-3.643712
-3.982662
-4.321612
-2.372650
-3.050549
4.152137
4.830037
7.795849
4.321612
3.728449
0.000000
0.000000
-1.355800
1.610012
-3.050549
0.508425
-0.254212
3.050549
0.593162
5.592674
3.135287
0.677900
-3.897924
-3.728449
-1.440537
-1.186325
-1.101587
0.677900
3.813187
8.727961
8.389011
10.083761
8.134799
7.795849
7.880586
5.507937
4.660562
6.185836
6.101099
3.897924
-0.084737
-1.610012
-1.355800
-0.593162
0.169475
1.271062
0.508425
-1.610012
0.254212
1.101587
2.711600
2.457387
4.660562
0.084737
0.677900
-0.593162
-2.287912
-2.457387
-0.084737
0.847375
4.406349
2.626862
6.185836
1.525275
2.542125
2.542125
2.372650
2.118437
5.084249
2.796337
3.728449
1.440537
4.067399
0.593162
-0.169475
-5.338462
-3.643712
-6.609524
0.169475
0.000000
2.881074
0.000000
5.762149
6.948474
5.762149
0.254212
0.593162
2.203175
4.491087
0.847375
1.610012
1.694750
5.338462
2.457387
0.338950
1.271062
0.508425
-1.016850
-1.271062
3.474237
6.101099
6.270574
2.457387
1.186325
0.677900
-0.084737
0.593162
4.067399
4.999512
8.304274
3.643712
6.778999
4.999512
4.236874
0.508425
1.610012
-2.796337
-2.542125
-3.304762
-0.847375
-2.033700
0.932112
-2.372650
-4.491087
-4.575824
2.203175
-4.321612
-0.169475
-1.355800
0.084737
-2.287912
-0.084737
-5.168987
-3.304762
-5.931624
-2.965812
-3.558974
-0.169475
-3.050549
-1.186325
-3.474237
-0.847375
-2.711600
-2.033700
-5.084249
-5.423199
-6.101099
-3.982662
-8.134799
-8.134799
-9.914286
-6.270574
-9.405861
-5.084249
-6.016361
-3.050549
-6.101099
-3.982662
-6.863736
-3.050549
-3.389499
0.000000
-3.135287
-0.932112
-3.643712
-2.033700
-3.813187
-2.626862
-6.101099
-7.541636
-7.202686
-3.897924
-2.796337
-3.135287
-5.253724
-3.813187
-6.440049
-6.185836
-10.422711
-8.643223
-7.456899
-5.592674
-6.355311
-6.863736
-6.270574
-5.931624
-3.813187
-3.474237
-3.304762
-6.270574
-5.084249
-4.406349
-3.813187
-3.050549
-2.457387
-4.914774
-0.423687
-1.271062
1.864225
0.508425
3.474237
0.254212
0.593162
0.847375
3.813187
1.610012
0.338950
1.186325
3.813187
3.135287
4.745299
1.355800
2.118437
0.000000
-2.457387
-4.575824
-4.575824
-8.897436
-6.948474
-8.727961
-7.033211
-8.897436
-7.711111
-9.829548
-4.830037
-4.660562
-1.525275
-3.135287
0.169475
-0.593162
2.542125
-1.440537
-1.864225
-3.389499
-6.778999
-1.864225
-3.897924
-5.423199
-4.152137
-4.067399
-1.610012
-2.542125
-0.254212
-2.118437
-0.254212
-1.440537
-0.169475
1.525275
3.474237
1.016850
2.118437
-1.101587
0.254212
0.338950
-0.254212
1.016850
1.864225
-1.610012
-1.864225
-1.948962
-0.254212
1.016850
2.372650
0.762637
3.304762
5.168987
5.762149
3.643712
3.220024
2.881074
5.846886
6.778999
7.965324
6.609524
6.101099
3.135287
3.558974
2.626862
1.101587
-1.694750
-3.558974
-6.694261
-4.406349
-2.965812
-3.474237
-3.813187
-3.389499
0.508425
0.593162
-3.474237
-3.982662
-4.575824
-3.643712
-2.796337
-1.525275
-2.542125
-1.355800
0.169475
1.525275
0.423687
3.813187
2.796337
5.507937
1.864225
5.084249
3.389499
3.220024
1.694750
3.304762
1.525275
1.864225
-1.694750
2.457387
-3.220024
-1.779487
-2.796337
0.000000
-0.847375
1.948962
-0.932112
-0.932112
-3.728449
-3.135287
-5.677411
-2.372650
-4.830037
-5.507937
-7.287424
-3.897924
-5.677411
-2.118437
-3.474237
0.762637
1.948962
7.117949
4.830037
2.626862
-2.965812
-7.372161
-12.456410
-8.897436
-8.982173
-2.965812
-4.067399
-1.779487
-4.067399
-3.897924
-8.134799
-8.473748
-8.727961
-9.151648
-5.168987
-9.151648
-2.287912
-1.440537
0.338950
3.813187
4.660562
5.253724
4.491087
4.321612
0.000000
-0.847375
-2.118437
-6.440049
-7.033211
-9.914286
-8.473748
-8.558486
-7.117949
-4.830037
-2.881074
-2.881074
-4.745299
-9.744811
-8.727961
-8.982173
-6.524786
-5.423199
-4.491087
-3.558974
-4.491087
-4.321612
-3.135287
-1.779487
-3.050549
-3.813187
0.254212
-1.779487
-2.118437
-3.050549
1.864225
2.881074
3.897924
-0.169475
-1.101587
-3.558974
1.355800
-1.016850
1.948962
0.593162
1.864225
-0.338950
0.338950
-2.203175
-1.186325
-1.779487
-0.762637
-3.389499
0.762637
2.203175
7.965324
3.474237
6.524786
3.050549
3.389499
-1.610012
1.440537
-1.610012
-6.270574
-2.033700
-1.101587
-2.881074
2.457387
0.593162
2.203175
-0.508425
3.474237
1.271062
2.287912
-2.203175
1.525275
-0.593162
2.287912
1.101587
1.525275
-0.677900
1.779487
-1.271062
0.677900
-4.321612
-0.593162
1.186325
1.271062
-0.762637
1.948962
2.287912
4.575824
3.304762
2.965812
3.813187
9.914286
9.405861
9.660073
9.151648
6.694261
4.745299
4.236874
2.542125
0.847375
-2.457387
0.169475
4.067399
5.168987
7.117949
6.694261
9.744811
8.812698
8.812698
4.999512
7.626374
5.592674
5.677411
1.355800
2.203175
0.677900
0.932112
-0.254212
2.542125
1.525275
11.439560
11.524298
11.778510
9.660073
13.049573
10.676923
11.609035
7.711111
9.744811
6.948474
6.778999
5.338462
7.965324
1.948962
5.168987
6.948474
10.676923
6.440049
8.558486
5.423199
6.355311
7.287424
6.778999
5.253724
5.253724
-1.101587
1.440537
-0.677900
1.101587
-0.423687
1.864225
-1.101587
1.779487
-2.542125
-0.508425
-3.220024
-0.423687
-4.152137
-1.694750
-4.660562
-2.287912
-6.355311
-4.745299
-8.812698
-7.711111
-11.693773
-7.880586
-10.337973
-8.982173
-9.914286
-7.965324
-10.592186
-8.643223
-11.100611
-6.948474
-6.694261
-5.507937
-5.846886
-5.677411
-7.117949
-7.372161
-9.744811
-9.744811
-4.745299
-5.423199
-4.236874
-5.677411
-2.626862
-2.965812
-1.525275
-0.169475
-0.847375
-2.203175
-2.118437
-3.643712
-2.287912
-8.050061
-9.236386
-10.676923
-7.117949
-6.440049
-6.185836
-7.541636
-4.321612
-7.287424
-4.067399
-3.220024
1.779487
-2.881074
0.338950
-4.152137
-2.711600
-7.880586
-8.134799
-10.422711
-7.033211
-10.168498
-6.694261
-8.389011
-3.474237
-6.440049
-4.830037
-7.795849
-7.117949
-7.202686
-2.796337
-4.406349
-1.694750
-1.186325
-0.254212
-2.881074
0.338950
0.508425
4.406349
4.660562
5.592674
6.016361
11.609035
9.575336
8.219536
7.202686
8.050061
5.084249
4.660562
2.965812
6.270574
3.643712
5.677411
4.830037
8.473748
10.676923
11.524298
9.066911
5.677411
5.084249
4.575824
1.271062
2.033700
4.406349
5.846886
9.151648
4.575824
3.982662
2.457387
1.525275
-2.542125
-0.847375
-2.881074
-0.423687
-1.186325
1.525275
-2.033700
-2.796337
-10.507448
-3.897924
-4.152137
1.610012
1.525275
4.914774
2.033700
1.948962
-2.626862
-2.287912
-3.897924
0.000000
-2.203175
1.525275
0.169475
0.084737
-3.135287
-2.626862
-4.914774
-1.864225
-3.389499
-3.813187
-5.592674
-4.236874
-7.711111
-5.338462
-9.236386
-8.558486
-6.016361
-4.999512
-3.982662
-0.593162
-0.254212
3.220024
6.016361
5.931624
2.203175
4.660562
4.236874
5.084249
6.694261
4.491087
3.050549
-0.677900
-2.372650
-4.999512
-1.271062
-1.271062
5.338462
8.219536
12.117460
8.304274
6.016361
1.440537
2.118437
-2.711600
-0.423687
-3.389499
2.287912
1.864225
3.220024
0.508425
1.525275
-1.525275
-1.355800
-3.474237
0.847375
-1.271062
2.796337
0.423687
-0.169475
-3.474237
1.864225
4.067399
10.253236
11.354823
12.795360
9.151648
7.287424
3.728449
6.694261
3.982662
5.762149
1.440537
1.864225
-2.711600
-1.271062
-6.016361
-3.304762
-3.220024
-1.525275
-4.575824
-5.084249
-7.202686
-3.982662
-4.660562
-4.999512
-4.830037
-7.117949
-9.151648
-8.558486
-9.490598
-8.304274
-6.270574
-6.440049
-6.778999
-9.151648
-7.456899
-7.965324
-4.236874
-4.152137
-3.220024
-7.880586
-8.727961
-12.117460
-7.456899
-6.948474
-4.491087
-9.490598
-9.066911
-8.134799
-3.558974
-6.948474
-2.287912
-4.999512
-0.677900
-5.931624
-3.813187
-9.575336
-9.744811
-10.337973
-8.897436
-6.440049
-0.847375
-2.033700
1.355800
-0.338950
0.593162
-0.932112
1.016850
0.847375
3.643712
0.084737
0.677900
-2.118437
-0.593162
-3.389499
2.796337
5.762149
8.558486
7.711111
7.287424
5.423199
4.830037
5.423199
3.643712
7.965324
4.491087
2.372650
-2.457387
-0.762637
-6.016361
-6.694261
-7.795849
-0.169475
-0.084737
3.897924
-5.677411
-0.593162
-3.389499
-1.525275
-4.236874
-3.474237
-6.863736
-5.762149
-8.304274
-7.541636
-10.592186
-8.219536
-7.202686
-10.846398
-6.609524
-2.711600
-4.152137
2.542125
2.287912
6.101099
3.135287
4.067399
3.982662
7.117949
2.287912
3.135287
-0.932112
1.355800
0.932112
8.812698
4.660562
6.016361
2.457387
4.321612
0.338950
3.220024
2.118437
4.152137
2.287912
3.982662
-1.355800
-3.558974
-8.643223
-5.338462
-8.558486
-6.524786
-11.354823
-3.897924
-5.084249
-9.321123
-8.558486
-9.236386
-6.609524
-3.558974
-4.745299
-4.660562
-2.965812
-5.677411
-0.847375
-1.440537
1.355800
3.050549
4.152137
5.931624
6.440049
4.999512
10.761661
13.557998
17.032234
14.574847
16.439072
11.693773
10.761661
3.050549
4.067399
2.372650
6.355311
3.643712
5.677411
-4.914774
3.897924
-1.016850
0.593162
-3.220024
0.084737
-4.236874
0.762637
-0.423687
0.932112
-0.932112
4.491087
2.118437
3.813187
2.881074
3.897924
4.067399
7.880586
8.643223
11.354823
11.100611
11.100611
3.982662
-0.677900
-9.744811
-12.032723
-13.473260
-9.151648
-9.744811
-3.558974
-1.779487
1.779487
-1.864225
1.779487
-1.186325
1.864225
-0.423687
-1.948962
-1.779487
-1.016850
-5.846886
-2.542125
-4.067399
-2.542125
-6.101099
-2.711600
-3.643712
-0.084737
0.338950
3.728449
1.186325
2.542125
1.694750
7.033211
7.880586
10.676923
9.999023
12.880098
11.439560
16.269597
13.049573
12.117460
8.219536
7.372161
3.813187
4.152137
0.932112
2.796337
1.694750
3.982662
0.254212
-1.525275
-4.745299
-6.778999
-9.660073
-8.134799
-7.287424
-5.253724
-5.592674
-3.050549
-4.406349
-4.406349
-4.321612
-4.321612
-5.677411
-6.524786
-8.134799
-6.270574
-7.033211
-4.575824
-1.440537
0.084737
-0.169475
3.389499
5.507937
8.050061
7.626374
3.643712
5.507937
2.372650
0.677900
-4.236874
-4.830037
-7.965324
-6.778999
-6.185836
-1.610012
-3.220024
0.254212
-2.542125
-4.236874
-4.491087
-1.779487
-5.338462
-0.338950
-1.016850
3.813187
2.203175
8.050061
7.372161
10.931136
10.253236
14.151160
10.676923
12.880098
7.541636
9.066911
-2.372650
5.084249
-0.169475
2.965812
-2.203175
0.084737
-0.677900
3.304762
-0.847375
-3.643712
-3.220024
5.084249
2.881074
8.134799
10.846398
13.219048
7.626374
7.626374
2.542125
1.779487
-7.626374
-10.676923
-13.981685
-15.168010
-17.286447
-13.896947
-8.897436
-0.762637
-0.423687
3.050549
3.220024
6.270574
2.033700
0.932112
-5.338462
-6.016361
-9.829548
-9.829548
-9.744811
-2.965812
-1.610012
-0.677900
-3.558974
-4.067399
-7.456899
-10.168498
-12.795360
-17.710134
-21.862271
-19.489621
-18.049084
-15.168010
-11.524298
-9.829548
-11.524298
-12.286935
-10.337973
-4.914774
0.000000
2.203175
0.847375
-4.914774
-8.304274
-3.558974
1.610012
1.694750
0.338950
-3.558974
-7.795849
-15.506960
-14.235897
-12.710623
-12.032723
-9.236386
-2.965812
-2.881074
0.254212
6.185836
10.592186
13.812210
14.998535
16.100122
12.286935
9.660073
14.829060
18.642247
21.353846
21.184371
20.421734
16.439072
20.167521
15.676435
18.218559
16.100122
13.896947
5.253724
1.355800
0.254212
3.982662
7.541636
5.338462
-0.254212
-5.846886
-11.270085
-14.405372
-11.354823
-8.134799
-6.016361
-2.796337
-0.508425
3.982662
1.610012
-2.626862
-6.270574
-6.440049
-1.779487
-0.423687
-3.474237
-3.135287
-3.897924
-5.762149
-2.965812
0.169475
0.847375
4.914774
8.304274
6.524786
1.186325
-7.965324
-8.558486
-5.084249
3.643712
12.625885
15.676435
14.151160
9.660073
1.864225
-2.287912
-0.593162
3.304762
6.270574
11.270085
15.168010
17.286447
15.676435
11.354823
1.948962
-9.490598
-16.100122
-15.591697
-8.897436
-0.169475
7.965324
10.337973
10.931136
12.371673
9.066911
-1.694750
-7.880586
-12.202198
-12.880098
-11.354823
-8.304274
-6.863736
-3.813187
-7.117949
-10.931136
-14.913797
-16.523810
-18.049084
-12.541148
-7.711111
-3.558974
-2.881074
-2.033700
-3.050549
-1.779487
-4.236874
-7.033211
-7.626374
-8.134799
-4.914774
2.965812
5.677411
7.965324
1.355800
-0.338950
3.474237
10.337973
16.015385
19.659096
20.252259
19.743834
14.151160
14.320635
12.880098
16.439072
18.218559
16.947497
14.066422
19.574359
25.167033
24.319658
17.455922
16.778022
14.998535
24.573871
23.726496
18.303297
15.337485
20.760684
19.574359
15.083272
11.439560
10.507448
14.490110
15.168010
15.252747
13.303785
16.608547
17.201709
18.388034
18.049084
17.201709
17.371184
15.168010
20.336996
14.998535
11.609035
15.761172
20.506471
21.353846
19.659096
18.981197
17.116972
12.625885
10.253236
11.354823
14.066422
16.523810
13.896947
0.084737
1.948962
1.864225
-2.033700
-0.508425
-1.101587
-3.897924
-2.881074
0.677900
-3.897924
0.338950
-4.660562
-6.694261
-9.236386
-10.931136
-12.964835
-14.235897
-14.574847
-9.405861
-4.406349
2.542125
-0.084737
-0.762637
-4.406349
-11.015873
-11.693773
-15.591697
-21.099634
-10.083761
-6.101099
-8.812698
-12.710623
-14.405372
-23.980708
-18.218559
-16.947497
-15.337485
-17.201709
-16.269597
-15.252747
-7.795849
-12.625885
-20.252259
-19.574359
-14.744322
-12.625885
-13.557998
-23.472283
-22.963858
-23.895971
-14.490110
-16.778022
-14.744322
-17.032234
-12.117460
-11.693773
-9.151648
-13.473260
-13.896947
-13.388523
-5.423199
-4.660562
-4.067399
-7.287424
-6.355311
-7.287424
-2.881074
-4.406349
-7.795849
-13.049573
-12.880098
-14.490110
-12.880098
-17.032234
-18.218559
-21.608059
-20.421734
-18.811722
-16.523810
-11.354823
-9.321123
-11.100611
-11.778510
-12.371673
-8.050061
-6.778999
-5.931624
-5.592674
-8.982173
-11.778510
-10.761661
-9.999023
-7.372161
-4.999512
-4.575824
-5.592674
-11.609035
-9.744811
-11.015873
-10.931136
-13.219048
-11.015873
-11.778510
-12.032723
-15.676435
-15.252747
-15.506960
-11.524298
-12.541148
-9.829548
-7.795849
-6.101099
-7.965324
-8.727961
-13.896947
-15.422222
-15.845910
-13.219048
-14.320635
-11.100611
-13.727473
-8.050061
-6.948474
-3.982662
-5.592674
-2.711600
-5.931624
-4.491087
-9.321123
-7.541636
-8.643223
-2.796337
-2.542125
-3.220024
-6.948474
-5.338462
-5.592674
-1.525275
0.677900
4.406349
1.610012
2.203175
-2.796337
-0.593162
-1.948962
-0.423687
-2.118437
3.558974
4.830037
6.863736
3.982662
3.220024
0.677900
-1.355800
-3.304762
-2.118437
-6.270574
-4.321612
-5.592674
-3.728449
-3.304762
0.084737
0.169475
3.558974
2.203175
4.999512
4.914774
3.135287
-2.118437
-1.440537
-0.677900
0.677900
-3.050549
-1.779487
-3.050549
0.508425
0.254212
4.491087
6.524786
7.626374
8.134799
9.660073
7.541636
8.812698
7.117949
3.135287
4.321612
0.423687
0.084737
-1.355800
0.677900
-0.508425
0.169475
-4.575824
-2.372650
-3.728449
-2.118437
-5.084249
-2.542125
-0.932112
4.745299
6.524786
12.795360
10.846398
15.422222
12.032723
12.795360
9.999023
9.829548
5.338462
5.084249
2.118437
2.965812
0.847375
3.135287
1.864225
4.236874
1.948962
4.406349
1.101587
3.050549
-0.932112
0.254212
1.186325
3.220024
2.457387
3.304762
3.304762
6.863736
7.626374
5.931624
4.745299
5.253724
6.355311
8.219536
6.694261
4.491087
2.881074
0.932112
4.067399
3.558974
8.219536
4.406349
5.253724
3.558974
6.609524
4.830037
7.117949
5.168987
4.236874
-2.118437
1.271062
-0.423687
2.796337
2.881074
6.101099
4.236874
5.762149
3.813187
5.677411
2.881074
1.186325
-2.118437
-1.610012
-4.236874
-0.254212
0.084737
1.525275
3.558974
4.660562
3.558974
4.745299
4.745299
4.067399
4.067399
4.406349
0.423687
-5.846886
-7.033211
-10.761661
-8.643223
-8.219536
-5.762149
-8.812698
-6.355311
-9.490598
-7.202686
-7.541636
-4.745299
-9.575336
-9.066911
-11.693773
-8.812698
-8.982173
-5.423199
-8.050061
-2.457387
-3.474237
0.254212
-2.965812
0.169475
-1.948962
1.440537
1.016850
6.694261
5.253724
6.863736
3.897924
11.439560
10.846398
11.947985
8.897436
10.507448
6.778999
7.456899
6.355311
6.778999
2.203175
3.982662
-1.694750
0.169475
-2.881074
-0.677900
-4.236874
-1.101587
-1.440537
0.847375
-3.643712
-3.474237
-4.830037
1.186325
-0.508425
1.016850
1.525275
4.152137
2.203175
5.507937
4.660562
7.117949
5.507937
-1.016850
7.541636
9.829548
7.711111
6.185836
2.881074
4.406349
4.491087
3.050549
2.203175
2.287912
1.271062
-1.525275
-4.321612
-5.253724
-4.067399
-5.084249
-4.491087
-4.236874
-0.338950
-1.186325
0.084737
3.050549
-0.254212
3.897924
2.796337
-2.711600
0.084737
-0.423687
6.185836
4.491087
6.609524
3.474237
4.999512
2.287912
1.016850
-2.118437
-1.864225
-6.948474
-6.524786
-10.422711
-8.389011
-10.592186
-6.863736
-8.219536
-7.541636
-8.982173
-8.050061
-8.727961
-11.524298
-8.219536
-5.762149
-6.609524
-7.117949
-9.575336
-7.033211
-7.287424
-3.643712
0.508425
1.101587
0.932112
4.830037
4.830037
8.304274
7.711111
8.304274
7.880586
4.999512
5.846886
3.389499
4.491087
1.186325
3.304762
6.778999
5.253724
2.881074
3.643712
0.338950
1.610012
-0.254212
3.982662
3.474237
6.863736
3.474237
4.067399
2.965812
6.609524
2.287912
5.084249
1.948962
3.558974
-2.203175
1.186325
1.016850
5.253724
2.457387
1.355800
-4.914774
-4.575824
-3.813187
-0.338950
-0.762637
4.152137
4.067399
3.220024
1.864225
2.287912
-1.016850
-2.711600
-4.321612
-4.830037
-3.474237
-2.118437
-2.457387
-2.711600
-1.864225
-5.592674
-5.084249
-2.626862
0.338950
-2.542125
-1.525275
-3.558974
