1.948962
-2.287912
2.287912
-4.321612
-1.186325
-10.507448
-5.592674
-10.168498
-2.287912
-4.999512
-1.101587
-11.100611
-5.168987
-9.575336
-2.372650
-4.830037
3.982662
-1.186325
2.457387
-3.643712
2.372650
-2.118437
3.558974
1.016850
6.694261
-0.338950
0.593162
-7.287424
-4.830037
-10.761661
-0.084737
-3.304762
0.084737
-6.101099
-1.864225
-3.389499
2.203175
-1.525275
3.389499
-2.287912
0.338950
-1.779487
-2.457387
-4.830037
0.084737
-2.796337
-2.626862
-4.575824
-0.338950
-0.084737
1.440537
3.050549
3.050549
0.847375
1.271062
0.338950
-7.202686
-10.592186
-11.015873
-7.541636
-3.304762
3.643712
3.897924
3.135287
-2.796337
3.050549
4.152137
8.389011
9.660073
18.049084
14.744322
14.235897
3.982662
4.321612
-2.457387
3.643712
0.169475
7.541636
2.203175
5.253724
0.338950
9.660073
4.491087
10.592186
8.558486
17.201709
13.557998
18.811722
12.625885
17.455922
10.761661
15.506960
7.795849
13.049573
6.694261
9.151648
2.033700
4.830037
0.762637
2.372650
0.423687
2.372650
-1.101587
-2.372650
-0.762637
0.762637
2.457387
2.796337
5.931624
4.067399
4.830037
0.508425
-1.016850
-6.524786
-6.101099
-9.490598
-5.931624
-6.778999
-3.643712
-16.100122
-3.389499
-11.270085
-4.491087
-7.711111
-2.711600
-7.965324
-1.016850
-10.422711
-4.236874
-11.778510
-5.931624
-13.642735
-7.711111
-15.252747
-7.202686
-12.541148
-6.016361
-11.100611
-1.355800
-2.711600
4.999512
-0.932112
4.575824
-2.965812
1.271062
-4.745299
1.271062
-3.050549
4.152137
-1.186325
4.067399
-1.864225
2.118437
-2.118437
3.813187
-2.033700
-1.271062
-4.236874
2.542125
1.610012
2.118437
-4.575824
-0.338950
-6.778999
-7.626374
-12.371673
-9.575336
-8.050061
-6.185836
-7.541636
-7.456899
-3.728449
-5.592674
-2.203175
0.254212
2.965812
1.864225
2.626862
-0.338950
2.542125
2.542125
7.202686
3.135287
7.795849
2.287912
7.202686
2.542125
5.507937
0.593162
5.084249
-4.745299
-0.423687
-8.558486
-2.287912
-4.745299
4.491087
2.542125
8.219536
-1.779487
3.474237
-3.389499
3.728449
-0.508425
6.524786
1.610012
6.948474
2.033700
9.066911
6.694261
9.999023
0.762637
1.101587
-10.337973
-8.219536
-13.981685
-8.727961
-12.202198
-5.762149
-6.524786
-0.932112
-2.626862
0.338950
1.948962
6.609524
6.524786
6.440049
3.813187
0.000000
-1.694750
-2.965812
-3.050549
-5.253724
-7.880586
-7.965324
-5.338462
-5.762149
-0.338950
0.847375
4.236874
-1.779487
6.016361
1.355800
5.762149
2.711600
9.066911
4.999512
9.321123
2.965812
6.778999
-1.355800
3.474237
0.084737
10.253236
2.626862
10.846398
7.711111
13.219048
4.914774
7.795849
-0.677900
3.813187
-2.287912
4.491087
-0.932112
1.694750
-2.372650
3.474237
-4.406349
3.304762
0.084737
-0.508425
3.389499
8.389011
2.965812
6.016361
1.440537
6.101099
1.186325
3.982662
1.779487
3.050549
2.796337
6.270574
6.778999
9.066911
8.050061
3.389499
1.610012
-0.932112
-0.338950
-5.253724
-5.931624
-4.745299
-0.932112
-3.474237
-3.982662
-2.626862
6.185836
3.728449
10.931136
3.050549
8.473748
2.626862
7.372161
-2.881074
0.932112
-4.152137
2.796337
-1.779487
8.304274
6.609524
13.388523
7.033211
12.710623
2.542125
8.304274
1.525275
7.287424
0.000000
6.948474
-0.169475
5.846886
0.169475
5.168987
0.593162
7.117949
1.779487
4.152137
-2.203175
1.525275
-6.270574
-0.423687
-5.507937
0.593162
-4.660562
2.965812
-3.050549
1.101587
-3.982662
3.389499
-4.321612
1.610012
-4.321612
-0.847375
-3.050549
0.254212
-2.881074
0.762637
-4.745299
0.169475
-1.101587
1.440537
-2.287912
-0.423687
-2.203175
-1.101587
-3.474237
-7.626374
-3.558974
-5.338462
-4.067399
-7.626374
-6.524786
-6.270574
-2.711600
-6.524786
-2.372650
-7.372161
-2.796337
-7.117949
-1.610012
-3.728449
-1.525275
-3.982662
4.491087
0.677900
7.287424
2.372650
5.677411
-1.948962
3.304762
-3.220024
3.813187
-3.813187
2.287912
-1.525275
5.507937
3.728449
10.337973
0.847375
7.287424
0.932112
7.965324
-5.168987
7.626374
4.152137
5.507937
-2.118437
0.508425
-7.626374
-5.931624
-8.727961
-6.101099
-11.354823
-2.287912
-3.813187
1.864225
-4.321612
-3.304762
-9.066911
-6.185836
-8.389011
-4.491087
-9.660073
-9.405861
-14.913797
-8.812698
-13.896947
-7.117949
-7.202686
-2.796337
-8.473748
-4.491087
-7.287424
-5.507937
-7.117949
-2.203175
-3.897924
-3.982662
-8.727961
-7.965324
-4.830037
2.542125
2.881074
3.643712
4.914774
3.474237
-2.372650
-4.152137
0.084737
0.677900
1.525275
-1.610012
-4.575824
-6.355311
-7.795849
-8.219536
-3.474237
-0.762637
-0.423687
-8.473748
-12.880098
-14.829060
-11.609035
-7.626374
-1.101587
1.101587
-1.101587
-0.762637
1.610012
2.796337
5.423199
3.728449
2.542125
-6.101099
-9.151648
-12.117460
-7.965324
-3.982662
6.948474
5.253724
5.253724
-3.643712
-1.525275
-4.660562
4.152137
4.575824
16.523810
9.066911
6.948474
-0.423687
1.186325
-1.186325
9.660073
11.100611
17.371184
6.694261
6.694261
-1.101587
6.609524
5.846886
14.405372
7.626374
9.999023
-2.711600
4.067399
-1.355800
8.219536
3.813187
7.965324
-2.033700
1.694750
-2.796337
3.050549
-4.491087
3.135287
-5.507937
-6.440049
-17.371184
-8.727961
-13.303785
-4.575824
-8.727961
-2.203175
-9.744811
-2.542125
-11.354823
-4.660562
-11.778510
-2.287912
-12.117460
2.033700
-1.186325
4.491087
-4.152137
0.084737
-8.050061
-3.558974
-8.050061
0.932112
-2.033700
4.321612
-1.186325
-0.762637
-5.423199
5.931624
5.507937
12.964835
11.778510
11.778510
3.474237
5.507937
-1.355800
2.457387
-1.694750
1.101587
-6.694261
-6.524786
-10.422711
-3.304762
-3.728449
1.016850
-5.762149
-1.948962
-7.117949
-2.542125
-3.728449
3.050549
0.593162
-0.169475
-5.168987
-4.745299
-8.050061
-6.524786
-7.965324
-4.321612
-4.067399
-4.914774
-4.999512
0.254212
3.982662
6.101099
1.016850
1.779487
-3.050549
-2.626862
-3.897924
-2.033700
-2.881074
-0.423687
-2.542125
-2.033700
-4.406349
0.000000
-0.677900
2.796337
0.338950
-0.593162
-1.864225
-0.338950
-2.711600
-1.440537
-2.287912
2.118437
-3.304762
3.304762
2.881074
6.101099
4.745299
5.338462
6.101099
5.423199
1.271062
-0.932112
-0.593162
1.694750
-0.423687
-1.525275
-6.016361
-3.982662
-3.220024
2.457387
-0.762637
-3.643712
-6.863736
-6.185836
-7.287424
-4.830037
-7.626374
-7.202686
-2.965812
0.593162
1.694750
1.948962
-2.881074
-1.186325
-2.626862
0.423687
1.186325
-0.677900
-2.118437
-5.592674
-6.524786
-9.405861
-13.303785
-13.049573
-11.439560
-9.914286
-6.609524
-5.338462
0.338950
-0.847375
4.406349
3.558974
3.474237
0.677900
1.779487
-0.508425
-0.169475
-1.271062
-0.084737
-1.694750
-0.084737
-3.558974
-2.203175
-2.118437
-2.796337
-4.745299
-6.524786
0.338950
3.897924
2.118437
5.253724
3.220024
4.914774
1.694750
0.932112
-3.304762
-1.355800
-9.660073
-8.727961
-11.354823
-5.084249
-8.812698
-1.525275
-4.321612
1.694750
-4.830037
1.694750
-2.711600
1.779487
-4.999512
-3.982662
-10.337973
-6.863736
-7.117949
3.135287
-2.711600
3.558974
-3.050549
0.338950
-4.152137
2.626862
-3.897924
4.236874
0.847375
6.609524
1.440537
7.965324
1.355800
6.863736
1.101587
4.830037
-0.762637
8.389011
4.830037
11.270085
6.609524
12.795360
3.643712
8.134799
-0.338950
2.457387
-9.575336
-8.473748
-14.998535
-9.490598
-11.439560
-2.881074
-7.880586
-1.016850
-7.795849
-0.338950
-4.067399
4.067399
0.338950
5.677411
0.338950
6.355311
1.355800
6.016361
-2.796337
-1.440537
-8.558486
-5.507937
-8.727961
-3.897924
-5.507937
-3.897924
-5.762149
-3.389499
2.033700
3.474237
4.745299
2.203175
14.659585
19.913309
19.320147
16.608547
15.422222
11.015873
11.524298
10.592186
11.185348
8.134799
9.575336
7.626374
9.660073
1.355800
2.881074
3.558974
7.626374
8.558486
15.676435
10.846398
12.880098
6.863736
13.219048
9.066911
13.473260
9.066911
13.388523
7.287424
10.676923
2.033700
9.236386
2.203175
11.185348
10.337973
20.336996
16.354335
19.150672
4.321612
6.440049
-2.965812
1.864225
-7.456899
-6.440049
-15.422222
-10.761661
-20.082784
-16.693284
-30.251282
-26.861783
-31.522344
-24.404396
-27.709158
-21.438584
-26.692308
-18.642247
-20.930159
-7.711111
-10.253236
-1.610012
-7.880586
-4.152137
-12.202198
-5.423199
-7.795849
-1.101587
-7.456899
-2.287912
-10.592186
-5.677411
-8.643223
-12.286935
-10.168498
-6.609524
-9.914286
-10.761661
-13.812210
-14.320635
-15.676435
-13.896947
-16.100122
-12.880098
-11.863248
-8.134799
-7.795849
-12.117460
-11.778510
-11.778510
-3.982662
1.271062
6.609524
0.338950
0.932112
2.033700
10.507448
7.626374
11.100611
4.236874
7.117949
0.762637
7.965324
7.541636
14.829060
11.863248
15.422222
7.965324
12.456410
14.490110
25.844933
23.726496
29.488645
19.150672
13.473260
7.287424
18.726984
13.727473
23.133333
16.439072
20.252259
7.965324
12.202198
5.846886
14.405372
7.033211
14.574847
9.829548
13.388523
0.423687
4.999512
-0.338950
6.440049
5.423199
14.320635
6.440049
9.405861
2.796337
11.693773
9.914286
12.710623
3.813187
6.101099
2.796337
9.999023
5.762149
8.897436
9.236386
12.117460
13.049573
13.557998
5.168987
4.830037
2.372650
5.762149
3.474237
3.558974
-0.847375
2.118437
3.389499
1.186325
1.101587
6.609524
8.643223
6.355311
1.694750
0.508425
2.542125
1.016850
2.542125
1.694750
6.863736
3.474237
-0.762637
-0.762637
-1.355800
-3.304762
-6.355311
-9.405861
-5.931624
-5.846886
2.711600
-1.186325
1.779487
-0.423687
6.694261
2.457387
5.168987
-1.101587
6.694261
3.050549
5.338462
-0.847375
6.185836
0.677900
4.491087
-8.812698
0.423687
0.338950
8.643223
0.677900
3.135287
-0.423687
6.270574
-2.881074
0.338950
-5.168987
4.236874
-3.897924
-1.016850
-11.693773
-8.982173
-13.727473
-7.541636
-11.693773
-1.271062
-3.728449
-0.593162
-12.625885
-6.185836
-6.016361
-2.881074
-6.863736
-0.932112
-4.491087
-2.203175
-5.846886
-5.084249
-7.880586
-4.830037
-4.575824
-1.694750
-1.271062
-3.813187
-4.914774
-4.067399
1.101587
1.864225
-2.711600
-8.982173
-9.151648
-11.100611
-17.625397
-17.455922
-10.083761
-11.015873
-10.761661
-15.422222
-12.032723
-13.049573
-7.965324
-10.422711
-4.660562
-6.185836
-5.592674
-13.134310
-8.812698
-2.796337
1.864225
0.508425
-0.847375
-4.914774
-1.355800
-7.202686
-6.863736
-5.846886
0.847375
1.779487
8.304274
1.355800
2.033700
-3.982662
1.101587
-3.558974
-2.372650
-8.727961
0.084737
-4.999512
-3.050549
-10.083761
-5.762149
-15.676435
-13.557998
-16.862759
-4.575824
-9.999023
-6.863736
-14.151160
-3.135287
-8.304274
0.847375
-2.203175
7.287424
2.881074
2.542125
-8.558486
-1.525275
-1.271062
6.694261
-1.525275
2.626862
-6.524786
-4.406349
-7.372161
10.083761
3.558974
4.491087
-3.813187
-0.932112
-11.524298
-6.863736
-11.439560
-4.575824
-12.202198
-7.287424
-15.252747
-4.321612
-7.880586
0.423687
-5.423199
-1.525275
-10.507448
0.847375
1.101587
10.846398
4.491087
9.151648
-3.474237
-1.864225
-7.795849
-1.355800
-7.287424
-4.067399
-11.439560
-6.948474
-11.015873
5.677411
4.830037
12.371673
7.795849
12.625885
4.575824
8.812698
1.525275
4.745299
-2.457387
3.728449
-0.508425
2.965812
-0.593162
5.423199
-4.067399
0.508425
-0.254212
4.321612
1.694750
8.982173
0.508425
2.626862
-2.626862
2.542125
1.016850
5.168987
0.423687
1.948962
-6.185836
-2.626862
-4.236874
1.440537
-1.610012
0.593162
-0.847375
2.542125
1.016850
2.372650
3.050549
5.931624
1.525275
1.101587
0.338950
1.779487
-0.084737
-1.440537
-1.440537
-1.864225
-2.118437
-6.016361
-3.728449
-8.643223
-8.982173
-10.676923
-5.253724
-7.541636
-5.338462
-10.337973
-6.440049
-6.524786
-1.525275
-8.304274
-10.592186
-16.184860
-8.897436
-2.457387
3.897924
-6.185836
-5.084249
-9.744811
-3.558974
-5.253724
1.355800
-7.456899
-7.456899
-17.540659
-7.541636
-3.728449
5.762149
-0.762637
1.101587
-4.236874
-1.355800
-7.711111
-5.338462
-9.660073
-1.779487
-5.677411
1.610012
-2.965812
5.253724
2.457387
9.914286
3.474237
11.270085
3.220024
4.660562
-7.711111
-1.101587
-6.609524
3.050549
-4.745299
1.016850
-7.880586
-0.762637
-1.440537
6.609524
-0.508425
3.558974
-2.287912
7.880586
1.016850
7.372161
-0.847375
6.863736
1.271062
8.304274
1.101587
8.473748
1.186325
8.219536
-1.016850
5.338462
-4.745299
0.508425
-5.338462
1.610012
-4.152137
1.525275
-5.084249
-1.948962
-5.084249
3.220024
0.084737
6.355311
0.932112
9.151648
4.914774
13.303785
4.830037
8.050061
-0.932112
3.643712
-4.575824
-1.525275
-7.456899
-2.542125
-7.456899
2.033700
1.271062
8.050061
4.236874
12.371673
11.439560
18.811722
14.574847
18.388034
8.050061
9.660073
1.525275
1.355800
-3.897924
0.677900
-4.321612
1.610012
-3.220024
4.152137
-1.186325
4.236874
-0.762637
5.762149
2.457387
3.897924
-1.694750
1.779487
-6.948474
-1.355800
-4.152137
5.592674
-3.220024
-1.864225
-7.626374
0.084737
-5.677411
1.525275
-5.762149
-0.423687
-7.372161
-2.457387
-15.168010
-2.118437
-4.660562
3.982662
-3.982662
1.016850
-8.134799
1.948962
-2.033700
6.609524
1.779487
7.372161
-1.779487
0.932112
-6.863736
1.779487
-0.847375
7.117949
-1.694750
4.321612
-3.982662
2.287912
-2.287912
5.846886
3.050549
12.710623
3.220024
4.152137
-3.135287
-1.525275
-4.491087
5.423199
3.304762
8.050061
1.610012
4.406349
-3.558974
1.864225
-3.643712
3.050549
-3.304762
-1.271062
-7.880586
-3.474237
-8.897436
2.372650
4.406349
11.863248
1.271062
2.965812
-6.101099
-0.932112
-3.220024
5.253724
-1.271062
3.558974
-5.507937
-1.440537
-10.931136
1.864225
-2.033700
8.219536
6.016361
11.439560
4.152137
10.168498
3.304762
9.660073
0.254212
5.592674
-2.965812
2.372650
-4.321612
4.914774
-0.762637
4.067399
-5.168987
1.610012
-4.152137
1.864225
-6.524786
-2.372650
-7.965324
-2.372650
-11.947985
-9.066911
-14.320635
-5.931624
-9.914286
-0.932112
-7.965324
-1.186325
-7.117949
-0.169475
-7.372161
2.372650
-2.542125
4.406349
-4.406349
0.423687
-5.253724
3.389499
-6.101099
-3.728449
-8.050061
-0.423687
-4.406349
3.135287
-2.965812
2.033700
-2.203175
2.626862
-1.016850
5.084249
0.000000
5.338462
0.593162
5.168987
-0.847375
5.677411
3.728449
10.168498
6.694261
8.473748
-1.016850
1.271062
-2.203175
1.271062
-2.118437
3.389499
3.135287
7.117949
3.982662
7.372161
4.745299
10.761661
10.253236
12.541148
6.016361
6.355311
0.338950
-1.864225
-7.372161
-4.406349
-6.609524
-3.813187
-1.440537
-2.711600
-1.694750
2.881074
4.914774
8.050061
6.440049
1.864225
-0.423687
-2.542125
-5.423199
-3.220024
-3.389499
-6.778999
-9.066911
-7.711111
-6.270574
-5.592674
-6.609524
-8.219536
-7.880586
-9.914286
-7.287424
-8.558486
-8.473748
-8.219536
-3.135287
-2.118437
1.525275
-3.135287
-1.271062
-6.101099
-4.236874
-4.914774
-2.881074
-3.897924
0.677900
-1.101587
2.372650
-0.423687
-1.355800
-6.185836
-1.779487
-3.982662
-1.864225
-4.914774
-4.152137
-8.304274
-4.660562
-7.541636
-5.846886
-8.727961
-5.084249
-6.524786
0.000000
-0.677900
5.338462
1.355800
2.203175
-2.881074
-0.423687
-0.677900
3.728449
2.287912
6.778999
3.050549
7.541636
4.830037
6.440049
1.694750
6.101099
1.186325
3.813187
-1.101587
2.796337
0.593162
6.609524
4.152137
8.304274
4.236874
10.337973
3.474237
4.830037
-0.423687
6.355311
0.254212
6.101099
1.440537
6.355311
0.084737
2.711600
-5.253724
-0.169475
-7.626374
-3.050549
-10.337973
-6.440049
-10.507448
-2.626862
-7.880586
-2.711600
-8.812698
-1.186325
-5.423199
1.864225
-4.575824
1.186325
-5.168987
2.372650
-2.626862
4.830037
-1.186325
4.406349
-3.643712
2.796337
-2.626862
2.626862
-2.796337
2.965812
-6.185836
-2.711600
-5.423199
1.271062
-3.643712
3.897924
-1.271062
4.152137
1.355800
5.338462
-1.610012
3.558974
-5.677411
-0.847375
-9.321123
-5.084249
-11.863248
-4.491087
-9.575336
-1.864225
-8.982173
-2.626862
-7.541636
0.423687
-6.609524
-2.626862
-9.914286
-3.050549
-10.592186
-5.338462
-11.015873
-3.643712
-8.389011
1.271062
0.338950
7.711111
2.881074
7.711111
4.830037
8.727961
4.067399
4.660562
0.677900
8.134799
2.287912
6.609524
-0.423687
4.575824
1.948962
4.745299
-2.203175
0.338950
-4.660562
-1.186325
-2.033700
1.440537
-2.118437
-0.677900
-1.779487
4.152137
6.694261
11.693773
12.541148
12.625885
10.507448
7.880586
8.982173
8.897436
10.676923
9.914286
8.897436
3.558974
0.762637
-2.372650
2.033700
-0.254212
3.728449
2.118437
3.982662
-0.677900
3.813187
-1.440537
0.677900
-3.813187
0.169475
-2.796337
1.186325
-2.457387
0.932112
-0.084737
5.338462
-1.016850
5.762149
3.389499
9.660073
5.338462
8.389011
3.474237
8.812698
2.118437
7.372161
1.779487
6.948474
2.118437
7.456899
4.321612
8.558486
3.220024
6.016361
1.101587
4.914774
0.847375
2.965812
-3.897924
-1.610012
-5.762149
-1.610012
-7.541636
-3.304762
-5.846886
0.593162
-3.558974
0.254212
-3.389499
-0.508425
-7.372161
0.084737
-3.220024
3.220024
-2.203175
2.881074
-2.542125
4.321612
-2.118437
0.000000
-5.423199
-2.118437
-9.321123
-7.626374
-12.371673
-5.762149
-10.931136
-5.253724
-9.914286
-4.321612
-9.490598
-5.338462
-9.490598
-4.745299
-7.456899
-2.457387
-7.541636
-3.220024
-9.999023
-5.846886
-11.270085
-6.101099
-12.117460
-5.338462
-8.897436
-0.847375
-6.101099
-0.762637
-4.236874
1.779487
-3.813187
2.881074
-2.033700
5.338462
-1.186325
3.558974
-2.033700
5.931624
3.728449
7.795849
-0.338950
0.254212
-6.694261
-3.813187
-11.524298
-1.694750
-5.423199
1.186325
-5.677411
-1.355800
-11.524298
-5.677411
-9.829548
-3.050549
-13.134310
-11.693773
-21.014896
-15.422222
-20.336996
-10.168498
-12.795360
-3.558974
-10.253236
-1.271062
-4.660562
0.000000
-6.948474
-0.254212
-9.151648
-4.406349
-12.456410
-6.355311
-15.930647
-8.050061
-14.151160
-5.253724
-10.422711
-1.101587
-9.660073
-3.558974
-8.727961
0.338950
-5.168987
2.542125
-1.016850
6.524786
-0.677900
4.406349
-2.542125
3.982662
-1.355800
4.406349
0.084737
5.423199
0.508425
3.135287
-1.271062
1.694750
-2.118437
0.254212
-3.474237
0.677900
-3.474237
-1.779487
-7.880586
-5.931624
-6.185836
-1.948962
-2.881074
1.864225
0.254212
-0.762637
-1.355800
1.779487
4.321612
3.982662
9.151648
11.524298
13.981685
11.524298
12.710623
15.930647
19.150672
15.337485
12.625885
1.440537
9.660073
8.219536
12.625885
9.236386
13.219048
7.202686
12.625885
8.134799
11.524298
4.575824
11.863248
11.439560
20.252259
18.133822
18.472772
14.490110
20.336996
15.591697
17.710134
7.287424
6.863736
6.948474
11.524298
6.185836
7.880586
1.694750
5.592674
-1.016850
-1.271062
-11.185348
-8.558486
-11.439560
-6.694261
-12.371673
-11.524298
-19.659096
-17.710134
-24.319658
-21.184371
-23.387546
-23.387546
-27.793895
-25.675458
-29.149695
-28.641270
-34.403419
-29.149695
-29.403907
-20.930159
-19.659096
-15.506960
-12.625885
-5.423199
-2.372650
5.253724
7.965324
11.947985
12.710623
10.253236
6.694261
4.830037
0.932112
6.270574
0.254212
10.253236
5.592674
7.541636
6.694261
8.219536
5.846886
4.914774
0.423687
-0.169475
-2.287912
-1.948962
-1.610012
0.254212
-1.440537
-0.847375
1.779487
-0.084737
3.982662
7.372161
8.050061
1.440537
-0.762637
-7.287424
-2.033700
-1.186325
2.033700
0.847375
1.948962
0.254212
4.575824
2.711600
7.880586
4.660562
4.575824
0.423687
1.694750
-3.220024
-0.423687
0.847375
7.965324
5.592674
12.964835
13.642735
17.540659
11.863248
17.540659
11.270085
15.506960
8.897436
10.422711
0.593162
2.796337
-3.135287
0.254212
-3.558974
0.593162
-6.016361
-0.593162
-6.185836
0.593162
-3.304762
3.474237
0.000000
7.541636
3.813187
9.575336
7.372161
12.286935
5.507937
8.134799
2.626862
11.693773
8.134799
15.422222
11.947985
19.489621
12.880098
18.218559
12.964835
17.116972
10.507448
18.303297
15.252747
22.963858
15.845910
17.625397
7.456899
11.947985
4.067399
10.422711
4.236874
7.795849
1.694750
10.592186
3.982662
10.846398
4.491087
10.083761
6.185836
11.185348
6.016361
10.168498
2.203175
9.744811
2.542125
8.897436
5.846886
11.354823
5.762149
15.083272
6.440049
7.287424
2.372650
6.270574
-0.762637
4.152137
-1.525275
4.575824
-4.999512
2.033700
-2.881074
2.881074
-4.575824
-0.084737
-7.626374
-0.338950
-6.778999
0.254212
-2.457387
6.185836
-1.016850
5.592674
-2.542125
3.558974
-2.542125
1.525275
-2.372650
4.914774
-0.338950
7.541636
0.169475
7.202686
