6.863736
2.711600
7.033211
-2.965812
7.795849
1.525275
2.796337
-0.677900
1.610012
-0.677900
1.948962
-1.948962
0.762637
1.186325
2.796337
1.016850
3.050549
-2.118437
-3.643712
-3.474237
-4.152137
-3.220024
-5.592674
-7.033211
-2.457387
-1.948962
-0.932112
1.694750
-0.593162
4.660562
1.694750
3.304762
-2.287912
-2.033700
-8.643223
-5.084249
-5.507937
-2.626862
-5.168987
-1.864225
-4.830037
-3.135287
-6.185836
-4.491087
-9.151648
-1.271062
-4.660562
0.847375
-3.389499
1.525275
0.000000
0.847375
-2.626862
0.593162
-2.033700
-0.677900
-1.948962
-1.779487
-0.593162
0.508425
-1.948962
-2.457387
-0.932112
-0.847375
-0.338950
-2.372650
0.169475
0.593162
2.796337
1.186325
-0.084737
-1.101587
-7.033211
-1.694750
-0.847375
-1.694750
0.677900
-0.254212
1.948962
-3.050549
-0.084737
-1.440537
1.525275
-2.626862
1.948962
0.169475
3.643712
-0.338950
2.711600
-2.881074
2.372650
-1.610012
2.287912
-1.525275
-0.593162
-2.118437
3.050549
1.101587
2.881074
-3.050549
0.932112
-0.254212
4.067399
0.084737
2.118437
-1.271062
3.813187
-2.118437
1.101587
-2.796337
2.203175
3.643712
4.406349
-0.593162
1.101587
-2.626862
-0.847375
-3.813187
-1.186325
-2.796337
-1.525275
-7.711111
-6.609524
-6.863736
-5.592674
-8.473748
-8.473748
-10.507448
-8.812698
-10.083761
-6.948474
-5.677411
-3.728449
-3.220024
-1.864225
0.508425
-0.423687
0.508425
-2.626862
-8.727961
-3.304762
-3.135287
-3.982662
-0.593162
-0.762637
1.525275
-3.050549
-1.525275
-4.830037
-0.508425
-1.779487
1.101587
-0.762637
2.542125
2.033700
5.846886
4.491087
8.558486
5.084249
6.863736
-1.864225
-0.338950
-4.575824
-3.643712
-9.405861
-5.168987
-8.897436
-6.185836
-10.507448
-3.643712
-2.881074
0.000000
-2.965812
3.135287
-2.372650
1.525275
-0.762637
2.287912
-0.338950
4.236874
2.287912
5.846886
0.593162
1.016850
-3.813187
-1.440537
-1.101587
0.508425
-1.271062
1.610012
0.508425
1.779487
1.440537
2.711600
3.389499
4.236874
6.524786
4.406349
5.677411
5.084249
2.965812
1.864225
-0.677900
0.508425
-5.762149
0.084737
-0.423687
3.220024
3.050549
3.389499
0.932112
-0.593162
-2.542125
-4.660562
-6.185836
-9.321123
-5.762149
-5.931624
-6.440049
-4.999512
-4.999512
-6.609524
-4.321612
-5.507937
-6.185836
-7.795849
-7.711111
-7.033211
-5.168987
-1.525275
1.525275
1.525275
3.389499
1.948962
5.084249
3.304762
4.236874
2.372650
6.185836
2.796337
2.542125
2.626862
7.117949
5.762149
5.168987
1.525275
0.423687
-1.694750
-0.762637
-0.847375
0.677900
0.423687
2.542125
0.508425
2.881074
1.271062
6.524786
4.999512
4.321612
2.287912
6.609524
6.863736
12.456410
2.203175
11.609035
8.812698
9.405861
11.270085
14.066422
12.202198
12.202198
10.083761
10.083761
7.795849
9.405861
7.202686
9.999023
7.626374
10.592186
11.015873
14.744322
17.625397
19.065934
16.100122
15.591697
11.863248
12.625885
11.609035
12.541148
8.812698
9.660073
6.778999
4.575824
2.118437
1.694750
-3.135287
-4.914774
-11.439560
-12.625885
-13.473260
-9.405861
-7.880586
-2.796337
-4.830037
-3.643712
-10.083761
-5.846886
-6.440049
-2.203175
-6.355311
-5.084249
-8.727961
-9.914286
-9.914286
-9.236386
-13.049573
-11.778510
-13.642735
-12.880098
-14.744322
-9.066911
-3.813187
-0.508425
-0.593162
0.423687
-1.186325
1.864225
1.610012
2.118437
0.593162
-2.287912
-6.270574
-6.863736
-10.592186
-7.287424
-7.711111
-6.101099
-5.507937
-1.864225
-0.677900
2.118437
4.491087
4.745299
8.050061
5.677411
4.830037
-0.593162
-0.932112
-2.457387
-4.491087
-6.609524
-3.389499
-5.168987
-0.762637
0.254212
7.033211
5.931624
3.728449
-2.881074
-3.474237
-5.423199
-0.847375
-2.796337
0.932112
-3.897924
-7.456899
-12.541148
-8.643223
-9.321123
-4.830037
0.762637
6.694261
0.084737
-0.677900
-9.236386
-10.422711
-9.405861
-3.050549
-1.101587
4.745299
-1.525275
4.321612
-2.965812
-6.101099
-11.609035
-6.270574
-6.524786
1.440537
4.236874
8.897436
5.931624
6.185836
-0.084737
5.084249
8.134799
16.184860
15.252747
16.184860
6.101099
5.677411
-0.847375
0.084737
-6.270574
-0.508425
-0.847375
4.914774
-0.338950
0.762637
-3.220024
2.118437
-0.423687
4.660562
1.271062
2.626862
-5.168987
-5.846886
-11.185348
-6.524786
-9.829548
-6.694261
-11.524298
-4.999512
-3.558974
1.440537
-2.203175
2.033700
-0.169475
7.880586
9.321123
9.914286
6.270574
7.626374
3.050549
2.457387
1.016850
1.271062
1.016850
1.271062
0.000000
1.440537
-0.084737
2.118437
3.304762
1.694750
1.016850
-2.796337
-1.355800
-4.914774
-7.372161
-8.982173
-3.728449
-2.542125
0.000000
-0.084737
2.881074
-1.440537
-2.033700
-8.219536
-5.084249
-2.287912
2.796337
-1.101587
4.830037
3.728449
8.219536
5.592674
12.117460
10.083761
14.490110
8.134799
11.609035
4.999512
7.626374
2.372650
7.541636
2.881074
5.677411
0.338950
1.271062
-4.491087
-0.508425
-2.965812
1.610012
-0.508425
4.491087
3.474237
7.033211
3.558974
5.423199
1.271062
3.558974
1.948962
1.186325
-3.474237
-1.779487
-2.881074
-2.711600
-6.778999
-5.846886
-7.711111
-3.474237
-2.033700
0.000000
-1.779487
-5.338462
-7.117949
-11.439560
-14.405372
-17.964347
-17.879609
-13.727473
-12.710623
-12.795360
-8.134799
-5.338462
-4.491087
-7.202686
-4.575824
-7.965324
-4.745299
-8.558486
-5.507937
-8.219536
-5.507937
-6.440049
-3.897924
-9.660073
-6.270574
-12.032723
-7.541636
-8.473748
-4.660562
-9.490598
-7.117949
-14.744322
-9.490598
-10.846398
-4.914774
-7.965324
-1.525275
-4.830037
0.508425
-2.287912
0.000000
-2.626862
0.847375
-2.287912
1.355800
-4.321612
-2.796337
-3.050549
0.000000
-0.423687
2.626862
1.948962
5.168987
2.203175
-0.677900
-2.881074
-3.389499
-3.304762
-3.558974
-3.135287
-3.728449
-4.660562
-5.592674
-2.033700
0.508425
1.610012
1.864225
-2.542125
-1.779487
-1.864225
-2.881074
2.033700
3.389499
5.168987
1.016850
2.711600
2.372650
7.202686
3.643712
7.626374
4.830037
8.134799
5.338462
9.575336
9.066911
10.422711
6.778999
10.676923
4.745299
7.880586
4.575824
6.440049
1.101587
3.304762
0.084737
2.203175
-1.694750
1.186325
-1.694750
1.355800
-1.016850
0.762637
-4.575824
-4.575824
-9.660073
-10.083761
-12.964835
-11.778510
-11.609035
-8.389011
-8.304274
-6.016361
-5.423199
-4.745299
-4.914774
-6.863736
-4.914774
-2.796337
-2.457387
-1.864225
0.847375
1.186325
3.220024
2.965812
7.795849
6.948474
11.185348
10.083761
12.117460
7.202686
9.490598
5.677411
9.744811
7.626374
11.439560
7.965324
11.947985
7.880586
9.660073
8.389011
11.863248
6.694261
9.066911
3.982662
5.168987
1.610012
5.338462
1.779487
5.762149
4.575824
4.575824
3.304762
3.982662
3.643712
4.660562
6.101099
5.846886
7.202686
7.880586
7.456899
5.253724
5.931624
4.575824
8.050061
7.626374
7.795849
1.694750
2.965812
-3.389499
-3.982662
-7.117949
-10.846398
-3.897924
3.728449
0.593162
3.558974
-0.677900
4.830037
-0.677900
9.151648
6.440049
10.846398
7.880586
7.795849
4.491087
6.270574
5.507937
7.287424
7.795849
7.795849
6.101099
3.304762
0.338950
-0.932112
-2.881074
0.000000
0.593162
0.338950
-2.287912
-4.067399
-4.914774
-4.575824
-3.474237
-6.524786
-4.575824
-9.490598
-7.287424
-10.846398
-8.304274
-8.982173
-3.813187
-4.745299
2.287912
-3.135287
1.101587
-6.609524
-1.440537
-4.406349
-0.508425
-4.745299
-1.355800
-6.355311
-3.135287
-5.084249
-1.440537
-4.914774
0.338950
0.338950
6.694261
7.456899
10.168498
6.185836
5.253724
3.558974
-0.932112
-0.762637
-0.932112
1.948962
5.253724
6.609524
2.372650
3.220024
2.711600
3.220024
0.932112
1.525275
0.762637
2.542125
-1.864225
-0.677900
-5.762149
-2.881074
-7.541636
-4.999512
-7.117949
-1.440537
-3.304762
1.271062
-0.932112
3.643712
0.932112
4.999512
-1.355800
1.355800
-2.711600
-0.423687
-5.931624
-3.813187
-5.168987
-0.169475
-3.474237
-0.847375
-3.135287
-1.864225
-2.711600
-1.186325
-0.169475
-2.626862
-2.372650
-3.558974
-3.643712
-2.881074
-3.643712
-3.558974
-3.558974
-3.220024
-1.525275
-0.508425
1.525275
0.508425
4.914774
2.711600
4.067399
-0.593162
-0.254212
-3.050549
0.338950
-4.491087
-2.118437
-5.931624
-4.575824
-6.270574
-3.474237
-5.931624
-1.525275
-4.491087
-0.847375
-4.830037
1.016850
-1.864225
2.203175
-2.457387
-0.508425
-6.524786
-4.236874
-11.354823
-11.693773
-17.032234
-18.981197
-20.591209
-17.032234
-19.659096
-13.642735
-13.388523
-5.592674
-2.711600
1.016850
0.762637
3.813187
0.932112
1.948962
-1.271062
-6.694261
-3.728449
-2.711600
-2.881074
-2.287912
-3.220024
-1.694750
-0.169475
4.491087
4.406349
2.287912
4.406349
5.253724
3.897924
2.796337
-0.508425
-3.474237
-6.609524
-9.575336
-7.711111
-10.761661
-7.372161
-10.083761
-5.846886
-10.168498
-3.220024
-4.067399
3.220024
4.999512
14.320635
13.049573
16.862759
11.947985
13.981685
8.050061
7.456899
0.423687
1.186325
-4.745299
-5.677411
-9.405861
-8.134799
-12.964835
-11.015873
-10.083761
-5.592674
-4.067399
-1.525275
-0.593162
1.355800
4.406349
6.101099
7.795849
5.762149
5.338462
2.965812
1.864225
-2.711600
-3.643712
-2.626862
-1.948962
-2.965812
-1.101587
-5.168987
-1.525275
-3.558974
1.525275
1.355800
10.253236
8.219536
11.270085
5.084249
5.931624
5.084249
6.101099
-0.169475
0.847375
-4.575824
-1.948962
-6.694261
-7.711111
-11.609035
-9.236386
-10.931136
-6.694261
-10.083761
-6.185836
-9.236386
-3.135287
-4.660562
1.101587
-5.677411
-2.457387
-5.677411
-1.271062
-6.524786
-0.338950
-4.067399
-3.050549
-9.829548
-10.676923
-17.540659
-12.710623
-11.863248
-2.965812
-2.965812
0.338950
-2.203175
1.271062
-2.457387
3.728449
6.863736
9.660073
4.491087
1.355800
-2.542125
-4.321612
-4.575824
-6.440049
-5.168987
-3.220024
-3.897924
-4.575824
-6.778999
-6.778999
-6.863736
-4.321612
-5.423199
-4.575824
-4.575824
-3.897924
-2.796337
-1.101587
0.423687
-3.304762
-5.592674
-8.050061
-8.558486
-11.015873
-5.677411
-4.152137
-3.050549
-8.473748
-5.253724
1.864225
7.456899
7.711111
11.693773
8.812698
10.592186
6.778999
7.033211
5.084249
10.253236
6.270574
10.253236
4.999512
7.202686
0.338950
4.830037
1.610012
8.558486
8.473748
13.642735
7.711111
10.761661
5.592674
7.541636
3.474237
4.914774
-2.457387
0.762637
-1.186325
1.355800
-3.558974
-4.745299
-6.948474
-2.711600
-7.117949
-6.101099
-7.711111
-1.271062
-4.152137
-1.016850
-5.253724
2.203175
0.338950
5.846886
0.762637
1.864225
-4.321612
1.101587
-2.203175
1.355800
-1.948962
1.610012
-3.304762
-1.271062
-6.694261
-3.220024
-8.812698
-6.270574
-8.982173
-2.033700
-4.830037
0.084737
-2.965812
2.033700
-0.847375
4.830037
1.610012
4.575824
-0.932112
-0.084737
-1.271062
1.016850
-3.558974
-2.965812
-3.050549
-0.423687
2.796337
8.558486
10.337973
14.998535
14.235897
15.506960
14.151160
14.490110
10.168498
9.744811
9.321123
7.541636
2.372650
1.271062
1.779487
0.254212
-1.779487
-0.847375
4.830037
5.084249
4.914774
-0.254212
0.169475
-4.321612
-0.169475
-2.372650
1.525275
1.101587
6.185836
3.050549
5.253724
0.254212
0.084737
-4.830037
-0.084737
-4.236874
-3.135287
-9.575336
-3.813187
-7.033211
-2.287912
-5.253724
-1.440537
-3.982662
2.711600
2.457387
8.812698
8.727961
14.405372
11.270085
13.642735
7.456899
12.456410
8.134799
8.643223
3.220024
8.134799
5.931624
7.372161
5.592674
7.202686
3.220024
4.745299
-1.864225
0.169475
-4.152137
0.593162
-4.321612
-3.304762
-9.999023
-6.694261
-12.202198
-8.727961
-10.337973
-3.389499
-3.050549
-1.694750
-5.677411
-3.050549
-8.219536
-4.745299
-7.965324
-3.558974
-5.338462
-5.931624
-9.999023
-10.592186
-14.235897
-5.507937
-3.304762
3.813187
0.084737
-3.558974
-11.185348
-12.286935
-11.439560
-2.118437
1.101587
9.490598
7.541636
5.762149
-1.525275
-2.203175
-2.796337
4.067399
3.897924
6.524786
-1.779487
-4.830037
-9.066911
-5.762149
-3.813187
2.118437
4.830037
4.914774
-4.745299
-9.914286
-15.676435
-12.032723
-9.829548
-1.694750
-3.135287
-6.016361
-15.845910
-18.726984
-20.930159
-15.591697
-7.456899
2.033700
-2.542125
-5.507937
-13.388523
-11.439560
-9.999023
-0.169475
3.389499
7.795849
-0.847375
-5.253724
-10.507448
-6.948474
-7.372161
1.525275
7.456899
7.456899
-1.525275
-4.575824
-10.083761
-6.778999
-0.508425
6.948474
5.846886
-0.762637
-1.864225
1.271062
4.660562
13.473260
16.608547
16.184860
6.355311
-0.423687
-3.135287
-0.508425
1.779487
4.660562
2.711600
-2.033700
-9.829548
-10.422711
-6.863736
-1.101587
3.050549
5.592674
3.982662
0.000000
-4.745299
-4.152137
-2.372650
1.101587
-0.762637
4.236874
1.610012
-2.626862
-3.643712
-5.084249
-2.542125
-0.593162
1.440537
0.932112
0.169475
-2.203175
-5.253724
-5.677411
-7.880586
-8.727961
-4.067399
-3.220024
-7.202686
-14.320635
-16.778022
-16.947497
-14.235897
-8.812698
2.457387
8.050061
11.778510
14.659585
8.558486
5.762149
8.897436
14.574847
15.083272
10.337973
6.101099
0.169475
-2.372650
-2.626862
0.169475
2.203175
5.423199
2.287912
0.762637
2.033700
1.610012
3.982662
7.372161
8.558486
10.846398
6.185836
2.965812
-1.016850
1.694750
0.338950
3.982662
4.575824
4.067399
1.948962
4.575824
2.457387
3.813187
3.050549
4.745299
2.457387
0.593162
-4.745299
-3.135287
-7.711111
-5.423199
-8.219536
-4.999512
-5.592674
-2.372650
-3.389499
3.304762
2.457387
8.050061
-1.271062
6.270574
0.254212
2.542125
-3.982662
1.440537
-0.762637
3.474237
-6.185836
-4.830037
-10.422711
-9.066911
-11.947985
-7.541636
-9.405861
-5.931624
-7.711111
-1.864225
-3.220024
-3.304762
-5.253724
-4.999512
-6.016361
-6.101099
-8.727961
-11.270085
-12.795360
-13.812210
-16.693284
-14.744322
-16.269597
-15.676435
-11.863248
-10.253236
-7.711111
-5.253724
-4.152137
-3.813187
-2.881074
-2.372650
-1.186325
-2.711600
3.050549
2.626862
8.134799
9.914286
18.218559
18.896459
21.014896
17.964347
17.710134
13.134310
13.049573
5.084249
7.880586
1.186325
2.796337
-4.999512
-1.525275
-6.694261
-8.389011
-9.999023
-6.270574
-6.863736
-1.525275
-2.542125
2.457387
1.610012
4.745299
1.271062
5.931624
3.050549
6.609524
3.389499
0.762637
-4.575824
1.779487
4.745299
10.507448
12.286935
12.625885
13.388523
11.354823
11.863248
11.609035
14.405372
12.371673
11.439560
8.134799
7.880586
2.965812
8.389011
7.795849
11.524298
8.473748
10.253236
7.541636
15.930647
16.184860
19.574359
15.930647
18.472772
9.660073
8.897436
3.982662
10.422711
9.744811
12.541148
9.066911
8.473748
4.914774
6.694261
4.914774
8.727961
7.287424
10.676923
7.372161
10.761661
6.609524
3.897924
1.525275
0.593162
-1.355800
-3.813187
-5.677411
-5.592674
-1.779487
3.389499
3.897924
-0.593162
-1.186325
-5.338462
-5.677411
-6.101099
3.389499
4.914774
6.440049
1.016850
1.186325
-0.593162
1.694750
1.779487
5.931624
2.203175
-0.338950
-7.626374
-5.168987
-8.134799
-2.881074
-3.050549
1.016850
-4.830037
-6.016361
-12.286935
-9.914286
-12.964835
-5.168987
-5.168987
-3.643712
-11.354823
-7.711111
-9.236386
-1.948962
-0.338950
6.185836
7.965324
10.846398
6.270574
4.914774
-0.847375
-2.965812
-1.271062
4.830037
4.830037
5.592674
1.948962
3.304762
1.694750
3.304762
6.270574
6.524786
3.813187
-0.169475
-1.779487
-5.507937
-0.677900
2.372650
7.965324
0.254212
-2.372650
-9.490598
-5.168987
-6.524786
2.711600
2.203175
3.982662
-4.830037
-5.931624
-10.253236
-4.914774
-6.440049
-0.847375
-6.778999
-9.829548
-19.743834
-21.947009
-22.116484
-12.202198
-6.694261
-4.745299
-11.015873
-13.303785
-15.930647
-12.880098
-9.914286
-6.440049
-9.575336
-10.168498
-11.270085
-12.541148
-7.711111
-4.745299
0.508425
0.254212
0.169475
-3.050549
-3.135287
-6.270574
-2.881074
-7.372161
-2.457387
-7.541636
-8.304274
-15.845910
-11.185348
-11.439560
-4.999512
-7.880586
-9.914286
-18.726984
-17.371184
-17.964347
-10.592186
-15.168010
-6.694261
-9.744811
-7.795849
-11.778510
-4.406349
0.000000
5.338462
6.016361
3.558974
-1.186325
-0.762637
-2.711600
0.423687
3.813187
8.643223
7.541636
3.389499
2.881074
-0.593162
-0.762637
-0.084737
5.507937
6.270574
5.677411
6.101099
9.914286
9.914286
14.659585
12.795360
14.490110
10.592186
10.168498
5.592674
9.660073
7.626374
10.507448
6.355311
10.676923
7.626374
11.439560
8.643223
12.625885
8.304274
8.558486
5.507937
7.711111
4.745299
4.745299
0.847375
4.321612
1.694750
4.999512
4.830037
5.338462
1.948962
-0.338950
-3.304762
-2.118437
-2.965812
-7.626374
-8.812698
-9.151648
-9.151648
-9.660073
-9.914286
-10.846398
-7.965324
-6.270574
-4.745299
-5.592674
0.000000
-1.355800
2.287912
-2.118437
0.254212
-3.558974
-3.220024
-7.117949
-3.643712
-7.033211
-0.847375
-2.118437
0.677900
-1.610012
2.287912
-5.507937
-1.440537
-5.677411
-0.084737
-1.779487
4.491087
3.135287
7.795849
4.914774
9.236386
1.779487
6.101099
3.558974
5.592674
4.914774
8.219536
6.694261
10.083761
5.507937
4.914774
-0.338950
-1.186325
-1.101587
1.016850
3.474237
6.694261
4.660562
4.236874
1.355800
1.186325
1.948962
2.457387
3.728449
-1.864225
6.778999
4.999512
4.830037
4.660562
7.372161
6.778999
6.778999
0.762637
0.847375
-3.050549
4.236874
7.117949
14.659585
10.846398
14.151160
6.101099
4.406349
-4.660562
0.169475
0.254212
4.067399
1.694750
2.372650
-0.423687
1.440537
-1.610012
-1.948962
-2.626862
-0.254212
-0.169475
2.796337
-3.728449
-10.676923
-17.625397
-15.591697
-11.609035
-10.168498
-12.880098
-12.625885
-13.134310
-16.778022
-17.964347
-16.100122
-12.964835
-14.574847
-9.236386
-12.795360
-15.930647
-19.828571
-17.455922
-15.676435
-10.168498
-8.473748
-1.779487
-4.914774
-3.643712
-6.609524
0.084737
0.508425
8.219536
8.134799
11.609035
7.626374
9.321123
6.185836
9.490598
3.897924
4.999512
-1.101587
-3.304762
-14.235897
-16.269597
-21.269109
-15.845910
-16.778022
-11.100611
-10.337973
-6.185836
-7.541636
-1.779487
-1.271062
2.203175
1.355800
4.914774
-0.423687
2.372650
-1.779487
1.355800
-5.762149
4.406349
-0.338950
-3.813187
-13.049573
-16.778022
-16.523810
-16.439072
-12.032723
-4.830037
-0.423687
-1.101587
-2.118437
-5.338462
-0.254212
3.813187
10.676923
11.693773
11.185348
7.117949
4.660562
0.423687
4.236874
4.491087
7.456899
2.796337
5.168987
-1.948962
-1.355800
-6.524786
-0.593162
-1.864225
0.423687
-5.846886
-4.236874
-9.236386
-6.863736
-7.033211
-0.932112
-5.253724
2.033700
-0.762637
2.711600
-2.796337
3.304762
0.677900
6.778999
-0.423687
3.135287
-1.186325
3.643712
-2.796337
1.355800
0.593162
6.355311
3.982662
6.778999
0.677900
1.779487
-4.491087
-1.355800
-2.033700
1.355800
-2.287912
1.440537
-0.423687
3.135287
1.694750
5.931624
2.881074
7.202686
3.643712
6.016361
-0.762637
-5.846886
-3.897924
2.372650
1.440537
6.524786
3.982662
6.270574
-1.271062
-3.135287
-11.693773
-8.897436
-10.676923
-5.592674
-6.101099
-4.236874
-8.982173
-5.168987
-7.033211
-2.118437
-1.440537
3.220024
2.796337
8.727961
4.999512
7.711111
0.000000
2.203175
-0.169475
6.948474
5.507937
10.931136
6.270574
8.134799
3.220024
7.033211
7.117949
11.015873
8.897436
10.931136
5.253724
5.592674
-2.033700
-0.423687
0.169475
3.389499
0.847375
5.084249
2.118437
6.440049
3.643712
8.643223
9.151648
13.557998
9.575336
12.371673
9.829548
8.812698
2.203175
0.593162
0.677900
1.355800
-1.779487
1.864225
-3.304762
-3.389499
-5.592674
-2.203175
-3.304762
-0.932112
-2.965812
-3.389499
-6.355311
-7.372161
-9.575336
-6.863736
-4.575824
-5.338462
-6.270574
-4.745299
-4.236874
-3.474237
-2.372650
0.169475
-0.932112
-2.287912
-5.846886
-4.914774
-6.863736
-5.338462
-6.778999
-2.372650
0.000000
2.203175
-2.965812
-2.965812
-5.253724
-3.304762
-4.321612
-7.456899
-7.541636
-7.202686
-8.643223
-4.152137
-6.694261
-3.813187
-5.253724
-4.914774
-7.541636
-6.016361
-9.151648
-7.541636
-7.795849
-2.711600
-2.711600
-0.423687
-2.542125
0.338950
-1.779487
0.847375
-1.610012
0.932112
0.254212
3.982662
1.779487
2.457387
-2.372650
0.508425
-1.610012
-1.271062
-4.321612
-5.423199
-4.236874
-1.271062
-0.423687
-0.423687
-0.338950
1.948962
0.762637
1.948962
0.593162
4.914774
3.728449
3.897924
0.169475
1.440537
-0.423687
1.864225
1.440537
4.491087
1.864225
3.135287
2.203175
3.982662
3.728449
5.253724
3.558974
5.846886
2.372650
5.253724
5.677411
5.084249
5.423199
3.897924
3.050549
