4.956044
-0.540659
-3.694505
-6.487912
-5.857143
-4.956044
0.270330
4.865934
7.839560
8.200000
9.821978
8.200000
6.217582
6.578022
6.037363
2.973626
3.334066
-1.351648
-7.028571
-4.685714
-3.604396
-2.523077
-1.982418
0.540659
1.441758
3.694505
1.982418
-5.046154
1.712088
-2.162637
-1.982418
-2.703297
-5.857143
-2.793407
-1.171429
3.334066
9.281319
16.309890
24.509890
31.538462
33.971429
31.898901
31.178022
27.213187
27.573626
23.698901
22.707692
20.815385
18.472527
14.057143
10.632967
4.415385
11.353846
12.975824
16.670330
15.138462
14.778022
11.714286
5.226374
4.865934
2.523077
-3.784615
-5.496703
-10.993407
-8.920879
-10.182418
-6.938462
-4.956044
-2.523077
-4.054945
-4.595604
-3.694505
-5.226374
-6.668132
-7.298901
-5.676923
-7.659341
-10.272527
-12.705495
-14.597802
-14.147253
-11.353846
-10.723077
-9.821978
-9.281319
-8.830769
-8.560440
-10.632967
-14.147253
-15.949451
-16.219780
-19.463736
-20.725275
-17.571429
-16.850549
-14.958242
-9.821978
-6.487912
-1.621978
6.578022
9.821978
12.254945
9.191209
9.641758
7.659341
6.938462
2.973626
1.712088
-0.991209
-3.424176
-4.505495
-2.703297
-5.316484
0.180220
1.351648
5.226374
6.217582
8.109890
7.569231
6.037363
2.613187
-0.270330
-4.865934
-7.569231
-8.830769
-8.019780
-9.551648
-7.118681
-1.892308
2.072527
2.613187
3.243956
6.307692
4.235165
1.261538
-0.450549
-4.325275
-7.569231
-9.101099
-8.830769
-7.929670
-5.136264
-1.892308
2.252747
7.569231
11.804396
12.164835
12.254945
10.452747
6.938462
1.802198
-4.235165
-11.083516
-15.769231
-19.553846
-19.013187
-16.670330
-12.074725
-8.830769
-3.514286
0.991209
2.432967
7.839560
8.560440
8.380220
3.694505
-0.810989
-5.857143
-10.723077
-14.237363
-13.606593
-10.182418
-10.002198
-5.136264
-3.784615
-0.720879
6.668132
12.254945
13.967033
12.345055
9.912088
3.514286
-3.153846
-5.316484
-8.290110
-6.037363
-4.325275
-0.540659
2.973626
8.830769
8.470330
10.092308
11.804396
10.993407
8.470330
6.487912
3.874725
0.991209
-2.703297
-5.136264
-4.145055
-3.964835
-1.081319
-0.720879
3.694505
4.685714
7.118681
5.136264
6.668132
4.775824
3.063736
-0.180220
-5.406593
-7.028571
-10.993407
-10.452747
-8.650549
-6.037363
-3.784615
-2.613187
-2.523077
0.000000
2.883516
3.063736
0.450549
1.802198
-0.270330
-4.325275
-7.208791
-6.487912
-5.767033
-4.145055
-4.235165
-2.252747
-0.360440
2.973626
1.982418
7.929670
10.903297
8.830769
7.208791
2.973626
-1.081319
-5.496703
-6.397802
-4.775824
-4.956044
-5.857143
-5.676923
-2.973626
0.360440
0.180220
-0.180220
1.802198
3.604396
2.342857
1.171429
-0.540659
-0.270330
-0.360440
-0.720879
-0.270330
2.793407
4.325275
8.380220
12.975824
15.498901
15.859341
16.039560
11.984615
8.920879
3.784615
-0.180220
-3.243956
-6.668132
-6.938462
-7.839560
-6.848352
-5.857143
0.450549
8.740659
14.147253
15.589011
14.417582
8.380220
5.947253
2.162637
1.982418
-0.270330
-0.630769
-2.432967
-2.252747
-4.054945
-3.694505
-2.342857
-3.424176
2.162637
9.461538
13.246154
13.786813
12.164835
8.650549
5.406593
3.514286
0.540659
-3.063736
-5.586813
-4.956044
-2.342857
-0.991209
2.523077
5.316484
9.641758
10.002198
6.938462
2.162637
-5.406593
-7.208791
-10.632967
-10.182418
-11.624176
-8.109890
-4.054945
-2.072527
-1.892308
-2.252747
0.720879
2.703297
-0.270330
-1.261538
-5.586813
-8.109890
-11.443956
-14.868132
-14.958242
-11.894505
-8.650549
-7.208791
-1.892308
-4.325275
2.523077
4.054945
6.307692
4.235165
2.072527
-2.793407
-6.127473
-9.010989
-9.912088
-9.912088
-8.109890
-5.046154
-0.360440
3.243956
2.613187
0.360440
-1.351648
-11.624176
-6.578022
-4.865934
-3.694505
-3.964835
-2.703297
-2.613187
1.531868
5.496703
10.362637
13.516484
13.426374
10.993407
13.876923
7.298901
5.316484
2.973626
1.621978
1.171429
-0.450549
-0.630769
-2.342857
-4.595604
-6.217582
-0.360440
3.243956
2.162637
-0.090110
-6.397802
-7.569231
-5.496703
-4.505495
-3.784615
-4.685714
-5.226374
-3.243956
-2.342857
0.270330
0.630769
-2.252747
-6.307692
-8.109890
-8.380220
-11.624176
-13.156044
-12.795604
-12.345055
-8.560440
-4.505495
-1.621978
0.180220
3.874725
2.432967
-0.090110
-0.360440
-3.604396
-4.415385
-3.874725
-8.920879
-9.731868
-10.452747
-13.967033
-10.813187
-7.028571
-1.892308
2.252747
8.019780
10.993407
13.426374
13.156044
8.200000
5.767033
2.252747
1.892308
2.523077
3.243956
5.496703
6.037363
3.964835
3.243956
-0.720879
-0.180220
1.441758
2.252747
5.316484
5.316484
5.226374
0.540659
-3.964835
-6.848352
-4.505495
-2.252747
-0.991209
1.441758
7.479121
11.714286
19.193407
21.356044
26.672527
26.312088
25.771429
26.131868
24.870330
24.059341
21.806593
18.472527
17.301099
16.850549
17.571429
15.589011
16.490110
15.498901
14.057143
13.246154
13.156044
9.281319
3.243956
-0.810989
-5.136264
-11.804396
-16.670330
-19.914286
-22.797802
-22.797802
-17.661538
-19.103297
-16.580220
-13.696703
-9.731868
-10.182418
-9.371429
-13.786813
-16.760440
-20.815385
-24.780220
-25.140659
-26.942857
-29.736264
-27.843956
-27.123077
-25.861538
-21.265934
-16.670330
-9.641758
-7.659341
-4.956044
-4.325275
-8.560440
-13.967033
-14.327473
-17.931868
-18.382418
-19.824176
-16.129670
-14.687912
-15.859341
-10.903297
-6.938462
-0.630769
4.235165
8.019780
13.065934
7.929670
2.613187
-2.523077
-9.010989
-10.002198
-11.173626
-7.839560
-6.487912
-4.415385
5.586813
9.731868
13.786813
19.283516
25.771429
30.997802
34.331868
28.204396
20.815385
13.696703
7.929670
1.621978
0.090110
0.090110
1.171429
1.261538
5.586813
9.912088
20.545055
24.780220
27.753846
26.492308
21.356044
15.769231
12.525275
10.182418
8.290110
6.397802
6.217582
8.470330
10.903297
13.876923
16.309890
16.670330
15.859341
14.687912
16.309890
16.309890
18.832967
17.120879
16.039560
11.534066
12.435165
9.101099
8.380220
6.668132
9.461538
8.650549
5.226374
-0.901099
-1.621978
-4.775824
-3.874725
-1.171429
0.450549
0.720879
-0.450549
-3.784615
-1.712088
-1.441758
-1.621978
-10.092308
-0.270330
-0.450549
-1.531868
-2.432967
-2.703297
-3.334066
0.630769
2.342857
5.406593
4.685714
4.956044
7.929670
6.578022
5.947253
4.865934
3.694505
1.081319
-1.171429
-3.063736
-4.685714
-4.865934
-7.118681
-8.650549
-9.281319
-9.912088
-10.452747
-14.868132
-4.775824
-1.351648
2.703297
5.767033
5.316484
5.586813
4.865934
3.694505
0.630769
-0.901099
-3.964835
-8.290110
-9.191209
-9.010989
-9.371429
-7.929670
-5.226374
-0.991209
1.712088
4.054945
12.705495
18.923077
23.428571
23.428571
23.879121
24.870330
27.663736
28.564835
28.474725
26.402198
23.518681
21.085714
16.580220
18.112088
17.931868
12.435165
12.885714
12.074725
10.813187
6.578022
5.586813
3.243956
1.441758
-1.982418
-6.217582
-7.298901
-5.947253
-7.028571
-11.624176
-12.795604
-11.083516
-10.542857
-6.307692
-7.659341
-4.775824
-6.758242
-6.668132
-5.947253
-3.784615
-4.235165
-3.694505
-4.956044
-7.659341
-7.659341
-7.659341
-7.208791
-6.848352
-3.964835
-5.406593
-6.938462
-5.947253
-4.595604
-3.874725
-3.334066
-2.072527
-2.613187
-4.145055
-14.237363
-10.542857
-12.435165
-10.723077
-9.461538
-9.912088
-5.767033
-3.784615
-5.136264
-1.892308
-2.432967
-2.162637
-0.180220
-2.973626
-3.694505
-4.235165
-5.226374
-7.028571
-8.920879
-7.389011
-6.848352
-3.514286
0.000000
4.415385
9.281319
9.821978
8.380220
6.758242
3.514286
2.703297
3.424176
3.874725
3.334066
2.883516
0.720879
-2.613187
-4.865934
-6.487912
-2.523077
1.621978
3.514286
3.153846
4.775824
7.028571
7.659341
8.470330
8.200000
9.551648
10.632967
10.452747
5.767033
0.000000
0.000000
-4.956044
-5.767033
-4.054945
-0.630769
1.802198
3.514286
6.758242
5.406593
9.641758
9.281319
11.714286
10.542857
12.345055
12.975824
12.435165
9.551648
5.947253
3.604396
-0.270330
-2.162637
-3.243956
-4.145055
-2.072527
-0.270330
1.171429
2.342857
1.982418
0.630769
-3.964835
-10.813187
-15.859341
-21.896703
-22.707692
-26.402198
-21.626374
-20.905495
-18.562637
-13.246154
-8.019780
-3.604396
2.793407
6.037363
8.470330
7.118681
2.703297
-2.523077
-5.586813
-9.641758
-9.461538
-11.714286
-12.975824
-17.210989
-6.938462
-1.531868
3.063736
5.586813
6.307692
4.235165
1.531868
-4.685714
-8.380220
-10.452747
-10.903297
-11.624176
-10.362637
-9.912088
-6.487912
-8.200000
-0.991209
1.441758
6.397802
6.578022
3.964835
5.136264
8.019780
5.226374
4.054945
1.171429
1.441758
1.892308
-0.991209
14.868132
19.553846
17.661538
16.039560
12.164835
10.362637
10.362637
8.019780
6.037363
5.676923
-0.090110
-3.604396
-4.775824
-3.604396
-5.226374
-6.217582
-6.127473
-3.243956
-0.991209
2.703297
-1.081319
1.802198
2.703297
2.703297
-0.090110
-0.360440
-2.162637
-5.586813
-7.749451
-9.912088
-10.182418
-7.839560
-5.496703
-1.892308
1.171429
1.982418
3.334066
3.874725
2.162637
0.901099
-0.540659
-4.054945
-7.569231
-6.487912
-6.037363
-2.883516
-2.072527
4.685714
9.461538
9.821978
6.307692
6.307692
1.531868
-0.901099
-2.613187
-3.063736
-1.982418
1.441758
3.874725
7.479121
9.461538
11.894505
11.083516
11.804396
9.551648
9.821978
7.389011
6.127473
5.676923
4.865934
6.758242
6.758242
8.560440
9.821978
7.208791
5.947253
4.865934
2.973626
3.153846
2.973626
5.586813
3.063736
0.180220
-1.802198
-3.874725
-3.334066
-1.982418
-1.081319
1.081319
2.883516
2.793407
1.621978
1.531868
0.630769
-1.171429
-3.334066
-6.397802
-7.749451
-7.389011
-6.217582
-4.685714
-3.153846
0.090110
0.540659
0.810989
0.000000
-1.712088
-1.621978
-4.325275
-5.676923
-7.569231
-11.534066
-11.353846
-7.298901
-6.307692
-5.857143
-5.226374
-5.857143
-4.505495
-6.127473
-6.758242
-8.560440
-8.740659
-6.397802
-5.136264
-1.531868
1.171429
2.342857
2.613187
4.235165
7.118681
6.668132
7.208791
3.153846
1.081319
-1.621978
-3.243956
-2.432967
-2.973626
-0.630769
0.360440
-0.360440
0.000000
2.252747
2.072527
3.694505
7.208791
10.272527
11.173626
13.786813
14.597802
16.219780
13.696703
13.156044
8.290110
6.938462
5.406593
3.334066
2.793407
6.578022
5.406593
5.676923
2.523077
-0.270330
5.226374
8.109890
3.874725
-3.334066
-9.641758
-11.624176
-10.452747
-8.830769
-9.010989
-9.371429
-7.298901
-3.604396
1.531868
-2.072527
-1.712088
0.991209
1.982418
3.604396
5.586813
4.956044
7.028571
7.929670
6.217582
2.613187
2.793407
0.360440
-1.081319
-3.604396
-4.505495
-4.956044
-3.514286
0.540659
3.874725
5.046154
9.551648
9.281319
9.912088
7.749451
4.595604
3.694505
-0.540659
-4.865934
-2.973626
-4.595604
-3.334066
-3.964835
-2.703297
-4.325275
-4.415385
-2.973626
0.270330
0.000000
1.712088
2.342857
-1.261538
-1.982418
-2.883516
-1.712088
-0.450549
-0.180220
-0.090110
2.252747
1.441758
1.982418
0.180220
3.243956
2.162637
2.523077
0.000000
-1.351648
-4.415385
-3.514286
-5.046154
-2.252747
-3.694505
-2.432967
0.270330
1.712088
1.892308
4.505495
3.784615
6.668132
5.767033
8.290110
2.252747
5.316484
4.775824
-0.360440
2.162637
4.415385
3.243956
5.136264
6.307692
4.775824
2.613187
2.973626
1.081319
0.540659
-0.180220
-1.441758
-5.767033
-5.586813
-1.441758
-0.540659
1.621978
3.604396
3.604396
3.784615
5.496703
4.865934
7.028571
6.127473
5.496703
5.316484
3.784615
4.235165
3.424176
3.063736
5.226374
4.415385
3.514286
2.523077
-1.712088
-7.298901
-9.101099
-9.371429
-10.542857
-10.002198
-9.101099
-6.307692
-3.514286
0.540659
4.145055
5.226374
8.380220
8.740659
11.714286
9.461538
5.767033
1.171429
-1.351648
-3.243956
-2.342857
-0.901099
0.630769
5.226374
6.397802
11.263736
4.775824
7.208791
2.162637
-1.531868
-4.505495
-8.650549
-9.731868
-9.821978
-9.281319
-8.109890
-7.659341
-1.802198
0.810989
2.523077
6.578022
5.586813
7.208791
6.578022
6.217582
0.991209
-0.630769
-4.775824
-6.578022
-6.758242
-5.496703
-2.973626
1.441758
1.621978
7.298901
7.118681
6.217582
4.325275
2.252747
-1.531868
-2.252747
-1.982418
-4.145055
0.540659
0.000000
1.982418
4.505495
8.470330
7.569231
8.650549
6.397802
5.586813
5.676923
2.432967
0.180220
-0.630769
-2.703297
-2.252747
0.540659
1.351648
1.982418
4.685714
3.874725
4.685714
5.947253
3.153846
-0.540659
-2.973626
-4.145055
-4.325275
-3.604396
-2.252747
1.441758
3.514286
2.252747
2.973626
3.514286
3.063736
0.180220
-1.531868
-2.523077
-4.956044
-6.938462
-5.676923
-8.560440
-8.290110
-8.290110
-7.208791
-3.694505
1.171429
4.505495
11.173626
11.624176
8.740659
9.010989
7.569231
5.676923
3.604396
-0.090110
-4.235165
-9.731868
-10.542857
-11.263736
-13.606593
-9.461538
-6.848352
-3.063736
-3.694505
-0.270330
1.351648
1.171429
-2.613187
-4.775824
-10.092308
-10.272527
-12.074725
-10.272527
-10.723077
-7.929670
-5.226374
-3.424176
-5.586813
-3.964835
-7.389011
-8.650549
-9.821978
-10.092308
-9.912088
-5.947253
-3.334066
0.901099
4.505495
8.470330
9.821978
9.821978
9.281319
7.389011
3.694505
1.802198
-1.261538
1.081319
4.595604
6.758242
8.109890
10.632967
13.065934
14.778022
18.652747
18.202198
14.057143
11.353846
7.569231
3.874725
3.874725
2.342857
3.514286
3.694505
7.028571
7.028571
8.019780
8.830769
13.156044
16.219780
13.786813
11.083516
3.874725
4.235165
1.892308
-1.351648
-3.784615
-5.226374
-4.235165
-2.793407
-2.072527
0.270330
1.621978
4.325275
7.479121
7.749451
9.461538
9.281319
10.632967
8.920879
7.929670
6.037363
5.046154
4.595604
1.531868
-0.450549
-1.531868
-1.892308
2.252747
3.964835
6.758242
4.595604
1.351648
-0.090110
-3.334066
-4.595604
-2.883516
-1.621978
-0.540659
0.991209
2.432967
-0.270330
-2.793407
-2.703297
-2.252747
-1.892308
-2.793407
-2.432967
-4.595604
-6.578022
-9.912088
-11.534066
-10.542857
-10.272527
-9.101099
-8.920879
-5.316484
-4.235165
-1.621978
-2.973626
-5.226374
-4.685714
-3.874725
-2.973626
-1.712088
3.153846
3.964835
6.037363
8.650549
6.037363
7.208791
6.668132
4.956044
6.307692
6.938462
7.839560
4.775824
2.342857
4.865934
0.901099
0.991209
0.720879
1.441758
0.090110
0.630769
-2.072527
-1.261538
-0.180220
-2.252747
-0.810989
-2.252747
-1.441758
-1.261538
0.630769
0.180220
1.712088
1.621978
0.090110
1.441758
2.793407
0.360440
0.180220
-1.892308
0.270330
1.802198
0.090110
-0.450549
-0.090110
1.802198
3.784615
-0.810989
1.081319
1.531868
1.261538
-2.252747
-0.810989
-3.604396
-0.180220
-4.235165
-3.964835
-1.261538
1.261538
-3.243956
-0.360440
-2.523077
-3.153846
-4.865934
-5.947253
-11.263736
0.540659
3.063736
5.767033
3.153846
5.676923
2.703297
1.621978
0.450549
-0.810989
-1.441758
-2.883516
-3.964835
-1.982418
-3.063736
-2.523077
-3.874725
-2.973626
0.540659
1.171429
3.334066
5.226374
7.479121
8.650549
9.731868
6.217582
4.956044
4.325275
2.973626
3.153846
0.720879
-0.360440
-2.973626
-4.775824
-6.307692
-8.200000
-8.380220
-6.307692
-7.749451
-7.479121
-8.560440
-8.290110
-7.298901
-6.217582
-5.046154
-2.162637
-0.720879
1.531868
2.072527
3.874725
5.136264
7.929670
8.740659
8.830769
6.758242
9.371429
8.920879
7.929670
7.839560
7.389011
5.046154
6.397802
6.487912
4.235165
2.252747
1.081319
1.621978
0.540659
-0.901099
-1.531868
0.540659
-1.892308
-0.450549
0.540659
2.342857
2.432967
3.694505
5.676923
7.839560
7.028571
7.028571
7.389011
5.767033
4.865934
3.334066
0.810989
-1.621978
-2.703297
-4.775824
-6.758242
-6.848352
-7.839560
-4.956044
-4.054945
-3.334066
-4.505495
-4.235165
-6.127473
-8.290110
-10.362637
-10.002198
-9.281319
-7.479121
-6.487912
-3.694505
-1.712088
-0.720879
-0.630769
-3.153846
-3.063736
-5.857143
-5.046154
-2.973626
-4.865934
-3.604396
-4.145055
-1.982418
-1.802198
-6.217582
-2.432967
1.351648
6.938462
11.714286
15.769231
15.138462
12.345055
11.534066
10.452747
11.263736
6.037363
6.668132
6.037363
9.371429
8.920879
8.920879
9.191209
8.650549
9.461538
10.362637
11.714286
13.696703
14.237363
11.624176
10.002198
8.290110
6.578022
4.505495
2.072527
3.424176
3.153846
3.964835
4.054945
7.298901
7.028571
8.470330
8.290110
8.380220
6.217582
8.650549
7.929670
9.912088
11.083516
14.057143
13.516484
11.894505
9.641758
12.164835
11.984615
11.443956
8.470330
6.487912
5.046154
7.569231
4.956044
4.775824
3.964835
6.127473
4.145055
5.136264
2.793407
2.432967
3.243956
3.424176
3.153846
1.621978
-0.270330
-0.180220
-2.523077
-4.054945
-4.865934
-6.397802
-6.938462
-3.604396
-3.874725
-4.325275
-1.802198
0.720879
-1.081319
0.540659
-1.892308
-1.982418
-0.810989
0.360440
-0.270330
1.621978
1.261538
0.991209
2.342857
-0.810989
-3.243956
-4.325275
-7.298901
-6.127473
-9.010989
-7.298901
-5.406593
-3.874725
-1.802198
1.171429
2.613187
3.694505
3.694505
2.162637
1.441758
-2.613187
-4.865934
-7.389011
-5.316484
-5.046154
-2.793407
-5.767033
-9.101099
-10.813187
-10.723077
-11.263736
-12.345055
-14.597802
-14.958242
-11.894505
-6.487912
0.270330
2.883516
1.892308
2.072527
-0.090110
-4.235165
-6.758242
-7.749451
-8.470330
-7.569231
-8.560440
-9.281319
-8.019780
-11.353846
-11.353846
-14.597802
-12.525275
-11.624176
-7.389011
-6.397802
-5.226374
-7.749451
-10.092308
-11.173626
-12.615385
-11.353846
-9.912088
-9.191209
-10.723077
-8.560440
-6.397802
-3.424176
-2.883516
-1.351648
0.360440
0.000000
-0.270330
-1.081319
-3.334066
-3.063736
-4.145055
-5.136264
-5.406593
-2.072527
-2.613187
1.171429
4.505495
4.415385
8.380220
8.740659
10.092308
8.560440
11.263736
8.830769
3.334066
1.621978
-0.360440
1.081319
-0.810989
-4.775824
-7.028571
-6.938462
-2.793407
1.171429
8.380220
12.795604
7.479121
2.613187
0.901099
-0.270330
-3.243956
-4.145055
-6.487912
-8.380220
-10.632967
-7.659341
-4.865934
3.514286
8.019780
6.397802
2.252747
-4.415385
-8.109890
-6.758242
-2.703297
-0.360440
1.621978
0.630769
-4.595604
-8.290110
-8.470330
-4.054945
5.767033
10.903297
13.426374
9.912088
5.767033
3.424176
5.496703
7.118681
10.002198
14.327473
16.309890
15.859341
14.327473
10.182418
7.118681
10.542857
14.958242
16.129670
11.443956
7.749451
4.235165
-0.810989
0.630769
2.613187
3.334066
4.145055
2.883516
-1.261538
-2.072527
-2.072527
1.171429
4.505495
7.389011
7.659341
9.551648
9.551648
8.740659
7.028571
4.865934
1.441758
-1.712088
-5.857143
-7.298901
-2.973626
0.540659
3.604396
8.740659
10.903297
12.795604
10.452747
8.109890
9.461538
7.749451
5.046154
2.613187
-0.180220
0.000000
1.712088
5.586813
5.136264
9.371429
9.461538
10.092308
5.586813
3.153846
1.171429
-1.081319
-2.883516
-1.892308
-4.865934
-4.054945
-2.342857
0.090110
2.703297
6.487912
8.470330
9.551648
5.226374
2.613187
-0.630769
-1.441758
-4.865934
-5.136264
-8.560440
-10.993407
-11.083516
-10.362637
-8.830769
-9.010989
-5.226374
-4.415385
-2.523077
-3.334066
-6.307692
-7.208791
-5.767033
-4.505495
-6.938462
-5.136264
-6.668132
-5.857143
-5.136264
-3.694505
-0.450549
-0.090110
0.540659
1.892308
5.676923
6.217582
6.578022
4.595604
0.000000
-0.180220
-0.180220
1.351648
5.406593
6.307692
6.127473
6.487912
8.290110
8.200000
9.010989
8.109890
3.063736
-2.252747
-9.010989
-13.967033
-15.589011
-17.751648
-16.490110
-16.219780
-14.597802
-13.336264
-7.118681
-2.793407
0.991209
1.982418
0.360440
-3.604396
-4.775824
-6.217582
-8.920879
-9.010989
-6.307692
-6.397802
-5.947253
-6.037363
-3.063736
0.810989
3.334066
5.496703
2.342857
0.360440
-2.973626
-6.217582
-10.002198
-12.705495
-13.336264
-12.164835
-10.272527
-5.947253
-1.982418
0.090110
2.883516
4.145055
6.848352
6.217582
4.145055
3.334066
3.694505
1.982418
2.252747
3.964835
5.046154
7.749451
7.929670
9.371429
9.731868
9.641758
6.578022
3.694505
1.621978
-0.901099
-2.523077
-4.325275
-5.406593
-6.668132
-7.208791
-3.694505
-1.802198
3.964835
9.191209
13.156044
15.769231
15.498901
12.975824
10.452747
5.947253
3.153846
-1.531868
-3.153846
-4.595604
-5.767033
-5.046154
-4.054945
-2.252747
0.720879
1.982418
7.208791
7.118681
8.920879
8.830769
8.470330
5.857143
3.874725
2.793407
1.802198
4.235165
6.397802
12.705495
13.516484
12.615385
14.778022
14.237363
13.426374
8.290110
7.389011
7.479121
10.993407
13.156044
15.228571
13.426374
14.868132
14.057143
9.731868
4.505495
-1.081319
-5.226374
-8.470330
-6.848352
-8.740659
-4.775824
-1.441758
