-2.965812
-4.321612
1.186325
0.508425
-1.610012
-6.185836
-2.881074
-1.948962
0.423687
-1.186325
0.847375
-1.948962
-0.423687
-0.254212
2.711600
1.440537
1.694750
-3.813187
-4.914774
-6.270574
-5.253724
-3.135287
-1.864225
-4.999512
-6.440049
-7.372161
-5.253724
-5.931624
-5.168987
-7.795849
-7.456899
-9.066911
-8.473748
-7.117949
-4.830037
-6.778999
-4.660562
-5.931624
-4.999512
-8.219536
-8.643223
-8.812698
-6.185836
-4.745299
-5.338462
-6.694261
-5.253724
-6.778999
-5.084249
-3.558974
-4.660562
-3.643712
-0.762637
-3.135287
0.169475
-1.440537
-1.610012
-3.813187
-0.423687
0.932112
1.355800
0.338950
3.304762
0.508425
0.254212
-2.881074
-0.847375
-4.236874
-6.863736
-7.711111
-8.134799
-6.948474
-6.440049
-7.287424
-4.830037
-3.728449
-0.762637
1.864225
3.050549
-0.084737
-2.287912
0.677900
1.186325
0.593162
-2.457387
-2.372650
3.304762
1.864225
2.542125
4.660562
-3.474237
2.965812
4.321612
2.796337
0.338950
-0.423687
-0.423687
0.169475
0.338950
0.508425
-1.864225
-1.948962
-2.118437
-0.677900
-0.932112
0.508425
0.932112
0.254212
-1.271062
-1.948962
-0.423687
1.610012
0.762637
-3.135287
-4.745299
-2.965812
-3.982662
0.677900
2.881074
4.914774
3.220024
4.660562
3.982662
3.897924
0.000000
1.355800
0.677900
1.440537
-0.169475
-0.169475
-2.796337
-1.694750
-2.881074
-0.169475
0.169475
0.000000
3.813187
4.067399
2.542125
2.118437
1.610012
0.677900
-0.254212
-0.169475
-3.304762
-2.372650
0.593162
-0.084737
1.864225
4.830037
3.220024
3.304762
1.440537
2.457387
1.271062
0.338950
-0.254212
-1.101587
0.254212
1.948962
4.575824
5.338462
5.423199
3.389499
5.253724
5.084249
5.592674
3.135287
3.643712
0.508425
0.254212
1.186325
5.507937
5.168987
8.982173
7.033211
4.914774
5.084249
6.355311
4.830037
4.914774
2.287912
3.558974
2.965812
3.220024
3.897924
4.152137
3.304762
6.694261
5.592674
9.405861
10.337973
10.422711
8.050061
7.456899
5.677411
5.846886
2.542125
3.728449
2.118437
0.423687
0.000000
4.236874
3.304762
2.118437
0.000000
2.118437
-0.762637
0.338950
-0.338950
3.897924
1.610012
1.864225
2.203175
4.152137
3.050549
1.440537
2.542125
0.508425
-1.101587
-1.186325
-2.626862
0.593162
1.016850
-1.016850
2.965812
2.711600
3.389499
5.338462
4.406349
7.202686
2.118437
-1.101587
-4.660562
-6.016361
-8.473748
-9.405861
-12.286935
-10.846398
-8.982173
-4.745299
-1.186325
-1.101587
-3.050549
-3.728449
-8.304274
-3.050549
-4.745299
-8.304274
-7.117949
-5.338462
-6.863736
-10.422711
-9.660073
-7.372161
-5.846886
-4.745299
-2.118437
-2.287912
-1.355800
-1.948962
-2.203175
-3.474237
-4.745299
-5.592674
-2.711600
-1.779487
0.169475
0.593162
0.677900
0.169475
2.118437
0.932112
1.186325
-0.677900
3.389499
1.101587
1.355800
1.525275
3.643712
3.474237
3.643712
5.168987
5.084249
1.694750
2.203175
1.271062
3.135287
2.796337
4.745299
2.542125
1.016850
2.711600
4.745299
3.728449
2.033700
0.338950
1.864225
2.881074
1.694750
0.508425
1.694750
2.203175
4.321612
4.745299
4.575824
2.711600
4.491087
5.253724
6.948474
6.270574
5.338462
7.117949
3.897924
1.186325
1.440537
0.932112
1.864225
2.542125
5.846886
5.168987
2.542125
4.830037
4.660562
3.474237
1.101587
2.626862
0.338950
0.762637
0.847375
2.203175
1.271062
0.677900
2.118437
2.287912
2.287912
3.474237
2.965812
1.694750
-0.423687
-1.101587
-1.186325
1.271062
-0.423687
2.118437
-1.186325
-0.169475
-0.762637
1.948962
2.711600
5.423199
3.050549
1.101587
0.932112
2.711600
1.271062
2.711600
4.575824
5.253724
5.677411
4.999512
3.558974
4.152137
0.084737
-1.779487
1.948962
5.084249
2.626862
3.897924
2.881074
4.660562
3.304762
4.745299
4.660562
4.406349
3.050549
4.914774
5.253724
7.626374
7.287424
9.151648
7.117949
3.813187
2.372650
2.796337
0.677900
0.847375
-0.677900
-4.999512
-0.169475
-2.118437
-6.778999
-9.066911
-9.490598
-8.219536
-7.795849
-8.558486
-8.643223
-6.101099
-5.423199
-4.321612
-5.677411
-5.592674
-4.236874
-3.982662
-3.897924
-1.610012
-3.813187
-1.440537
1.610012
0.169475
-0.508425
-0.254212
-1.779487
-3.728449
-2.881074
-3.050549
-3.558974
-5.931624
-2.457387
-2.542125
-3.474237
-4.830037
-4.999512
-6.016361
-7.711111
-6.694261
-5.677411
-5.253724
-6.440049
-7.965324
-9.236386
-10.931136
-7.541636
-4.236874
-5.423199
-7.287424
-6.101099
-6.609524
-6.440049
-5.931624
-3.643712
-1.355800
-3.135287
-1.610012
-1.779487
-6.101099
-5.507937
-6.948474
-10.676923
-12.117460
-12.625885
-14.066422
-17.455922
-12.880098
-12.032723
-14.659585
-12.117460
-10.846398
-10.253236
-7.287424
-2.287912
-1.016850
-1.525275
-5.253724
-3.220024
-5.423199
-6.778999
-5.423199
-3.135287
-1.525275
-0.423687
-0.847375
2.711600
1.694750
3.897924
0.932112
-0.508425
-4.236874
-4.575824
-4.236874
-5.338462
-6.778999
-6.016361
-5.762149
-0.423687
1.355800
4.152137
3.389499
1.948962
2.711600
0.169475
-1.016850
1.101587
0.762637
-0.762637
-3.220024
0.000000
-0.762637
-2.796337
-4.914774
-6.016361
-5.507937
-5.423199
-5.507937
-4.745299
-4.152137
-0.254212
1.186325
1.610012
2.372650
4.067399
2.965812
3.643712
1.948962
-0.847375
-1.779487
-1.948962
-1.525275
-4.152137
-2.457387
-0.084737
-0.593162
-1.525275
-0.762637
1.440537
3.050549
3.897924
6.609524
6.440049
9.321123
11.863248
11.778510
8.389011
5.592674
2.881074
0.677900
1.355800
-1.101587
-2.287912
-3.050549
-2.287912
1.355800
3.813187
2.203175
4.575824
2.626862
2.203175
2.287912
0.338950
-1.016850
-1.864225
2.542125
3.813187
1.440537
2.542125
4.999512
2.965812
1.271062
-0.932112
-0.677900
-0.932112
1.186325
-1.016850
2.203175
2.372650
1.779487
2.881074
3.135287
3.728449
5.507937
8.134799
9.914286
9.999023
9.744811
9.321123
9.405861
7.287424
6.101099
3.728449
6.778999
5.253724
3.728449
3.897924
1.610012
0.762637
3.220024
3.643712
3.389499
0.423687
0.677900
0.338950
0.847375
-2.457387
-5.338462
-8.219536
-7.965324
-8.897436
-3.982662
-1.948962
-0.338950
-1.016850
-0.169475
1.101587
2.796337
2.796337
5.168987
1.355800
3.220024
2.372650
2.542125
1.864225
0.932112
1.694750
2.457387
3.389499
6.016361
7.626374
7.795849
8.897436
10.253236
7.626374
4.914774
2.881074
2.881074
-1.355800
-2.118437
-2.203175
-3.813187
-7.033211
-6.778999
-5.846886
-4.914774
-3.643712
-0.254212
-0.084737
3.050549
1.610012
0.169475
-2.881074
-4.999512
-6.355311
-5.168987
-6.101099
-0.677900
0.338950
1.694750
2.457387
2.881074
-1.016850
-1.948962
-5.592674
-5.592674
-6.355311
-7.626374
-10.168498
-12.117460
-12.541148
-10.337973
-6.694261
-8.643223
-7.795849
-8.219536
-9.575336
-10.676923
-11.270085
-10.422711
-6.778999
-6.101099
-5.846886
-4.745299
-2.033700
2.033700
4.236874
1.948962
1.101587
-2.033700
-4.830037
-6.185836
-7.033211
-7.372161
-7.372161
-9.575336
-9.744811
-9.575336
-8.050061
-7.626374
-3.897924
-2.118437
2.287912
8.812698
11.524298
14.320635
15.506960
16.778022
13.473260
10.337973
3.135287
0.932112
-3.050549
-8.050061
-14.490110
-13.812210
-12.625885
-12.710623
-14.151160
-16.778022
-17.455922
-15.083272
-16.015385
-13.896947
-12.625885
-13.727473
-14.405372
-11.947985
-7.795849
-2.796337
2.033700
5.677411
8.219536
7.795849
8.389011
10.253236
10.168498
11.609035
8.304274
4.999512
3.558974
-0.423687
-3.135287
-3.304762
-4.321612
-4.491087
-4.660562
-2.457387
-1.864225
-3.643712
-3.474237
-5.592674
-3.135287
-1.694750
0.932112
0.000000
0.508425
-2.287912
-6.016361
-11.609035
-21.862271
-22.116484
-21.269109
-21.184371
-17.964347
-14.913797
-9.999023
-7.541636
-2.881074
-1.016850
-2.033700
-8.219536
-6.185836
-8.897436
-3.643712
-6.101099
-7.033211
-4.914774
-3.135287
-0.762637
-1.271062
-0.338950
3.643712
3.474237
8.812698
8.219536
10.931136
6.440049
4.321612
1.694750
2.542125
1.271062
1.525275
3.558974
2.287912
1.186325
2.457387
7.372161
8.219536
8.473748
10.676923
7.880586
8.134799
6.863736
8.897436
7.626374
10.676923
6.778999
5.423199
4.575824
5.423199
6.016361
4.321612
3.728449
2.626862
-0.423687
-1.440537
-4.236874
-4.406349
-3.558974
-3.813187
-6.863736
-2.965812
-1.271062
-0.423687
-2.372650
1.779487
-1.440537
4.999512
-1.355800
8.982173
9.999023
9.829548
6.101099
6.778999
4.152137
8.050061
9.405861
10.422711
6.863736
3.813187
4.575824
10.253236
14.235897
13.557998
13.303785
15.337485
13.896947
13.049573
8.558486
7.541636
1.864225
2.711600
-2.796337
-3.304762
-4.321612
-3.982662
-9.321123
-8.897436
-9.999023
-10.422711
-9.660073
-3.220024
1.610012
1.186325
3.304762
6.948474
5.931624
6.101099
3.643712
1.355800
-2.203175
-3.558974
-8.134799
-13.049573
-14.151160
-15.506960
-16.947497
-18.218559
-19.235409
-14.151160
-6.270574
-3.389499
-0.423687
0.508425
0.169475
0.000000
7.456899
10.083761
11.354823
11.439560
13.473260
13.727473
14.320635
15.761172
20.845421
21.269109
16.269597
13.134310
8.050061
-0.762637
-2.457387
-6.863736
-8.558486
-11.778510
-11.100611
-8.897436
-5.168987
-1.864225
3.728449
9.914286
10.168498
8.727961
9.660073
3.728449
-1.101587
-1.694750
-3.728449
-2.457387
0.000000
-0.762637
2.542125
3.220024
5.677411
3.897924
4.830037
3.389499
2.372650
0.423687
0.508425
-1.779487
2.626862
-1.355800
-1.525275
-0.593162
0.254212
-2.711600
1.101587
1.016850
0.338950
2.542125
5.168987
5.423199
9.999023
9.405861
10.337973
7.965324
6.440049
3.304762
3.135287
1.610012
3.897924
2.372650
1.525275
0.338950
2.796337
4.067399
6.185836
6.694261
7.287424
5.423199
6.355311
8.304274
10.422711
9.660073
11.185348
9.829548
7.880586
5.168987
4.321612
2.118437
2.626862
1.525275
-1.779487
-4.236874
-13.557998
-9.575336
-7.795849
-5.592674
-6.016361
-6.440049
-6.609524
-3.474237
-3.558974
-0.084737
-0.593162
-1.101587
1.525275
7.626374
8.558486
9.321123
9.914286
13.219048
11.100611
12.117460
11.100611
8.982173
6.440049
4.830037
2.542125
4.321612
4.321612
3.897924
-1.440537
-0.593162
-3.558974
-0.847375
-0.423687
4.321612
3.897924
4.067399
2.965812
3.813187
3.135287
3.897924
0.593162
-0.423687
-0.084737
-2.203175
-0.593162
-3.813187
-6.694261
-7.711111
-8.897436
-10.931136
-11.778510
-11.609035
-11.693773
-11.354823
-10.337973
-11.524298
-13.812210
-15.761172
-16.100122
-16.778022
-13.727473
-14.744322
-14.151160
-15.676435
-12.371673
-12.117460
-12.710623
-12.286935
-10.253236
-10.253236
-7.965324
-7.372161
-3.050549
-4.152137
-2.796337
-1.440537
1.440537
1.186325
2.796337
-1.948962
-3.050549
-5.507937
-5.846886
-7.033211
-7.372161
-7.117949
-3.474237
-5.423199
-2.711600
-1.864225
-2.711600
-5.168987
-5.677411
-7.541636
-6.355311
-8.304274
-8.558486
-13.049573
-10.422711
-9.829548
-7.626374
-8.982173
-12.032723
-9.575336
-7.711111
-6.016361
-6.016361
-2.372650
-1.694750
0.169475
2.033700
4.575824
7.541636
12.964835
15.422222
17.455922
17.371184
14.320635
9.999023
7.795849
7.456899
7.372161
5.338462
7.541636
0.677900
3.558974
-1.694750
-2.796337
-8.982173
-11.015873
-11.947985
-11.354823
-11.863248
-9.914286
-10.761661
-8.643223
-8.897436
-6.948474
-3.728449
-2.457387
1.525275
3.643712
3.897924
5.338462
5.338462
6.609524
3.474237
4.914774
3.050549
2.711600
1.016850
4.236874
2.796337
4.406349
5.168987
5.592674
3.304762
0.423687
-2.542125
-4.491087
-4.660562
-4.321612
-5.253724
-3.389499
-3.474237
-0.847375
-0.762637
1.610012
-2.881074
-4.999512
-5.507937
-5.762149
-1.779487
-0.169475
-0.677900
1.016850
4.660562
7.456899
8.219536
10.083761
10.083761
7.287424
7.880586
3.643712
4.745299
4.745299
5.507937
4.321612
5.338462
2.881074
1.016850
-3.474237
-5.677411
-6.778999
-6.609524
-8.812698
-6.524786
-7.202686
-7.372161
-9.405861
-9.660073
-9.575336
-7.626374
-7.880586
-2.542125
0.254212
2.796337
6.101099
6.016361
4.067399
7.880586
9.321123
11.270085
7.965324
3.389499
-1.355800
0.169475
1.948962
2.542125
3.304762
6.609524
6.524786
7.795849
7.117949
7.541636
8.558486
9.405861
8.897436
7.117949
5.507937
6.270574
8.473748
2.881074
-0.423687
-2.372650
-4.830037
-4.830037
-4.321612
-5.846886
-6.948474
-7.117949
-8.219536
-8.473748
-5.846886
-8.727961
-6.863736
-9.151648
-8.050061
-6.355311
-7.880586
-8.727961
-5.677411
-4.321612
-5.931624
-7.541636
-6.863736
-7.287424
-7.372161
-7.202686
-4.914774
-3.558974
-0.423687
1.186325
1.525275
0.508425
0.932112
-3.220024
0.677900
0.762637
2.626862
2.287912
5.168987
4.830037
7.541636
7.287424
7.033211
3.813187
2.796337
2.287912
-0.508425
-3.558974
-2.118437
-6.270574
-5.338462
-6.355311
-1.694750
1.779487
5.168987
2.287912
5.253724
5.253724
8.219536
7.965324
6.778999
1.440537
3.220024
1.355800
1.779487
0.847375
0.423687
0.000000
1.101587
-0.169475
-2.796337
-4.067399
-5.507937
-4.067399
-5.592674
-5.423199
-8.134799
-9.066911
-9.914286
-7.795849
-5.592674
-4.491087
-2.965812
-1.610012
1.864225
3.474237
3.813187
7.372161
7.711111
12.032723
12.795360
12.456410
13.642735
12.032723
12.032723
12.625885
12.202198
11.354823
7.795849
5.677411
1.440537
-2.372650
-5.762149
-8.134799
-12.202198
-13.727473
-16.862759
-15.676435
-19.489621
-18.811722
-18.388034
-16.778022
-16.523810
-11.693773
-11.693773
-12.117460
-12.032723
-7.965324
-7.456899
-7.880586
-6.778999
-9.914286
-12.371673
-7.795849
-7.202686
-6.778999
-5.846886
-9.575336
-10.761661
-10.761661
-11.778510
-9.405861
-8.982173
-7.965324
-11.947985
-10.931136
-10.253236
-6.524786
-5.846886
-2.118437
0.677900
1.101587
-0.593162
-0.762637
-3.813187
-1.779487
-3.728449
-3.643712
-5.253724
-8.558486
-8.982173
-10.337973
-9.405861
-8.982173
-10.083761
-12.202198
-11.863248
-8.219536
-4.067399
-1.355800
-5.931624
-5.592674
-8.304274
-13.388523
-12.456410
-7.711111
-5.507937
-0.932112
5.338462
9.066911
12.456410
12.710623
17.964347
22.963858
30.844444
29.912332
26.946520
23.133333
22.879121
19.065934
16.439072
14.151160
13.981685
8.050061
3.897924
1.271062
4.321612
0.762637
1.016850
-2.711600
-1.864225
-2.033700
1.779487
0.593162
1.101587
-3.728449
-3.050549
-2.118437
-3.813187
-9.151648
-12.625885
-11.947985
-7.117949
-2.372650
-2.965812
-7.711111
-4.830037
-3.304762
-0.169475
1.271062
1.779487
2.118437
5.253724
6.694261
3.728449
-2.203175
-2.796337
-3.220024
-1.525275
0.084737
4.575824
5.592674
8.304274
8.812698
12.880098
12.117460
12.541148
9.151648
9.829548
8.389011
6.101099
1.271062
-1.101587
-3.813187
-2.203175
-6.101099
-8.558486
-12.032723
-10.253236
-9.660073
-7.541636
-10.507448
-10.168498
-8.643223
-6.863736
-5.677411
0.593162
-0.169475
2.203175
4.830037
8.304274
10.422711
12.541148
10.761661
10.592186
7.202686
7.965324
10.168498
12.795360
9.829548
10.846398
10.592186
14.405372
11.693773
10.592186
7.202686
7.711111
5.762149
4.236874
2.711600
3.389499
-0.423687
-3.135287
-3.643712
-4.491087
-5.931624
-5.592674
-9.999023
-8.219536
-8.897436
-6.694261
-7.287424
-4.236874
-5.931624
-2.881074
2.626862
9.236386
10.168498
10.507448
7.795849
7.372161
8.050061
11.439560
10.422711
13.727473
14.405372
14.320635
14.405372
14.659585
10.083761
7.795849
4.745299
2.457387
0.762637
-0.932112
-4.491087
-3.643712
-4.914774
-1.355800
-1.186325
0.677900
-0.423687
-0.169475
-1.948962
-1.101587
-0.423687
2.372650
0.508425
2.372650
3.389499
5.084249
7.541636
10.422711
9.999023
6.778999
5.507937
10.846398
10.253236
12.795360
7.456899
5.507937
7.033211
6.270574
8.134799
7.965324
5.253724
3.897924
2.542125
6.270574
5.253724
3.643712
-1.525275
-0.423687
-3.389499
-2.881074
-4.660562
-4.067399
-8.050061
-6.016361
-7.456899
-7.795849
-6.863736
-5.338462
-6.609524
-4.236874
-4.575824
-4.660562
-4.999512
-2.711600
-1.525275
-3.220024
-7.795849
-7.372161
-6.694261
-6.778999
-9.066911
-8.727961
-9.405861
-7.033211
-5.846886
-6.101099
-7.117949
-5.423199
-4.575824
-5.931624
-5.762149
-3.643712
-4.152137
-0.423687
0.084737
1.101587
0.508425
4.491087
3.897924
-1.101587
-3.897924
-1.440537
-0.423687
1.948962
0.084737
-0.338950
0.084737
0.847375
-3.304762
-1.101587
0.932112
1.779487
-1.016850
0.677900
-4.660562
-2.626862
-5.677411
-3.304762
-4.406349
-2.626862
-1.271062
-1.779487
0.423687
0.000000
1.694750
1.440537
0.762637
-1.355800
-2.287912
0.677900
-0.338950
-2.457387
-3.813187
-2.033700
-4.491087
-5.423199
-7.965324
-8.982173
-10.592186
-9.829548
-8.982173
-6.355311
-2.881074
-2.118437
-3.813187
-3.304762
0.677900
-0.932112
-0.762637
-1.779487
-0.593162
-0.762637
-0.847375
1.271062
0.762637
-2.287912
0.423687
-1.864225
0.338950
3.050549
5.677411
3.558974
4.067399
0.677900
0.677900
-7.456899
-2.881074
-6.185836
-4.999512
-5.677411
-3.389499
-2.796337
-2.287912
-2.457387
-0.254212
-2.203175
0.677900
0.254212
-0.762637
-1.694750
-0.508425
-2.796337
-1.864225
-1.525275
0.508425
-0.254212
3.220024
0.762637
2.711600
0.847375
2.881074
4.321612
5.762149
6.440049
6.270574
4.491087
5.507937
3.050549
5.084249
6.778999
7.202686
5.338462
6.355311
4.406349
4.575824
5.084249
-2.965812
5.423199
4.914774
4.575824
5.846886
6.694261
8.558486
3.982662
8.982173
8.643223
7.202686
5.762149
2.542125
-1.864225
-6.524786
-0.847375
-0.423687
0.084737
-0.677900
-2.033700
-1.610012
-2.118437
-2.626862
-5.507937
-3.135287
-3.389499
-2.372650
-3.813187
-5.677411
-5.084249
-5.592674
-6.016361
-8.050061
-9.490598
-9.321123
-9.151648
-12.032723
-13.981685
-15.845910
-11.439560
-11.863248
-9.236386
-7.287424
-1.694750
-0.508425
3.643712
9.914286
8.473748
9.151648
11.185348
10.337973
8.219536
7.541636
3.135287
-1.610012
-2.287912
-3.728449
-4.830037
-9.490598
-8.558486
-13.473260
-11.609035
-11.439560
-9.829548
-6.440049
-8.982173
-12.371673
-14.235897
-11.947985
-9.914286
-6.948474
-1.271062
-1.948962
-1.186325
-0.593162
1.186325
1.864225
5.507937
2.881074
3.728449
2.203175
0.508425
-4.745299
-5.846886
-8.897436
-7.202686
-8.304274
-5.338462
-3.728449
-2.626862
-2.372650
2.711600
1.355800
-0.169475
-3.558974
-3.643712
-7.795849
-9.829548
-11.015873
-10.761661
-10.592186
-10.846398
-12.625885
-9.660073
-4.745299
-3.897924
0.508425
3.389499
5.507937
8.134799
9.405861
9.575336
12.456410
13.303785
10.761661
7.202686
5.507937
3.558974
3.558974
3.643712
-0.338950
-0.423687
1.016850
0.423687
1.186325
-0.169475
-0.677900
-2.711600
-3.389499
-3.813187
-6.609524
-4.914774
-2.711600
-5.084249
-2.033700
-2.965812
-3.813187
-4.830037
-3.643712
-3.643712
-0.508425
1.864225
3.813187
6.778999
11.185348
9.490598
7.033211
2.881074
1.440537
-1.440537
-3.897924
-5.931624
-3.643712
-4.914774
-6.101099
-6.185836
-6.778999
-7.117949
-4.745299
-4.575824
-1.186325
1.016850
0.762637
1.355800
3.389499
6.609524
6.355311
8.473748
13.727473
15.337485
14.066422
17.032234
19.320147
25.082295
19.998046
20.675946
21.269109
25.251770
23.980708
22.201221
18.726984
17.879609
9.490598
3.558974
-1.101587
-1.355800
-6.609524
-8.050061
-9.236386
-11.693773
-13.219048
-12.541148
-11.778510
-9.744811
-10.931136
-14.235897
-18.133822
-17.116972
-15.761172
-11.185348
-10.253236
-7.117949
-5.592674
0.677900
4.152137
10.676923
10.507448
12.710623
13.219048
13.473260
12.710623
13.896947
14.320635
14.659585
11.354823
9.321123
4.236874
3.304762
-1.610012
-2.287912
-4.067399
-4.575824
-4.321612
-4.236874
-5.253724
-6.185836
-7.880586
-5.507937
-4.321612
-2.796337
-3.220024
-2.965812
0.254212
4.830037
6.694261
8.473748
11.693773
14.744322
16.947497
20.252259
19.743834
20.760684
23.133333
20.675946
20.167521
21.353846
18.133822
12.456410
9.914286
5.168987
3.389499
0.084737
-2.711600
-3.558974
-1.525275
-4.491087
-1.779487
-3.304762
-1.779487
-4.321612
-7.795849
-15.676435
-16.693284
-15.168010
-15.930647
-19.235409
-15.930647
-15.083272
-8.304274
-9.914286
-6.101099
-7.117949
-9.575336
-8.982173
-4.491087
-3.304762
-5.931624
-9.575336
-7.965324
-7.880586
-9.660073
-10.592186
-10.676923
-13.303785
-11.693773
-14.490110
-17.032234
-18.557509
-19.235409
-16.778022
-17.201709
-12.117460
-14.913797
-16.184860
-16.947497
-12.710623
-10.846398
-6.270574
-6.524786
-4.406349
-1.355800
-1.016850
0.000000
1.271062
1.779487
3.897924
4.575824
8.304274
10.337973
12.710623
14.490110
18.811722
21.523321
25.167033
