7.600977
8.851770
3.944811
-2.020513
-8.178266
-15.490598
-17.799756
-16.067888
-7.889621
-1.924298
-0.192430
-0.481074
-2.212943
-6.253968
-7.408547
-7.119902
-0.384860
4.041026
3.271306
4.137241
-0.481074
-4.233455
-3.848596
2.790232
9.717705
11.160928
12.604151
9.429060
3.078877
-2.982662
-3.944811
3.271306
8.274481
13.181441
14.913309
14.817094
11.930647
8.563126
7.793407
10.198779
11.353358
11.064713
10.102564
8.851770
5.676679
4.810745
6.542613
5.099389
0.192430
-3.463736
-7.793407
-5.099389
-1.154579
4.233455
9.621490
10.776068
8.178266
3.463736
-1.443223
-3.367521
-5.869109
-4.041026
-7.312332
-10.583639
-13.566300
-13.277656
-12.411722
-8.659341
-2.597802
2.694017
1.924298
1.250794
0.962149
1.828083
0.769719
-4.041026
-0.769719
2.886447
6.446398
5.291819
7.023687
9.717705
11.160928
13.758730
13.951160
13.566300
9.044200
5.676679
2.597802
0.000000
-0.096215
1.250794
0.481074
-0.769719
-1.443223
-2.212943
-11.834432
-2.020513
-1.539438
2.405372
2.886447
1.635653
-1.539438
-1.250794
-0.096215
1.635653
3.559951
2.886447
-0.384860
-3.463736
-4.137241
-4.137241
-3.463736
-2.501587
-3.175092
-1.539438
1.058364
2.116728
-2.212943
-3.944811
-4.233455
-2.790232
-2.020513
-1.250794
-1.443223
-1.443223
-1.347009
0.865934
1.924298
2.790232
4.714530
2.982662
2.790232
2.886447
4.041026
4.522100
5.676679
5.195604
4.425885
3.367521
1.443223
-0.192430
0.096215
1.443223
0.096215
0.481074
0.288645
1.731868
3.463736
0.673504
-4.041026
-5.772894
-6.831258
-9.140415
-11.642002
-10.487424
-9.429060
-6.831258
-4.810745
-2.020513
0.096215
2.886447
3.367521
3.752381
4.137241
0.962149
-2.501587
-5.003175
-7.985836
-12.507937
-13.758730
-11.257143
-11.353358
-10.776068
-8.274481
-4.425885
-2.309158
-3.078877
-5.580464
-7.312332
-12.315507
-11.353358
-10.583639
-7.119902
-5.388034
-5.869109
-4.041026
-2.982662
-5.388034
-2.116728
-2.790232
-3.078877
-4.714530
-4.906960
-4.522100
-6.253968
-5.099389
-4.233455
-3.848596
-5.772894
-8.563126
-8.947985
-8.466911
-9.910134
-8.851770
-4.233455
0.000000
4.425885
5.869109
4.329670
2.309158
-1.539438
-3.559951
-3.752381
-2.116728
-0.481074
-0.384860
-3.848596
-4.714530
-4.425885
-5.291819
-4.906960
-5.869109
-5.003175
0.288645
1.058364
-0.577289
-3.175092
-1.058364
3.175092
6.638828
10.006349
7.889621
7.216117
6.350183
8.466911
8.082051
7.023687
6.542613
5.869109
5.388034
4.810745
5.291819
6.735043
8.178266
7.697192
8.563126
10.487424
10.776068
11.257143
12.604151
14.624664
16.645177
19.916484
20.493773
24.246154
23.765079
22.418071
20.108913
15.586813
14.817094
14.239805
12.026862
9.717705
5.003175
1.347009
-0.769719
-0.384860
0.192430
-2.790232
-2.886447
-0.769719
4.041026
5.676679
6.927473
5.965324
6.350183
5.580464
4.618315
4.714530
3.656166
4.618315
3.848596
3.848596
3.078877
5.099389
4.041026
5.676679
5.484249
6.638828
8.851770
13.277656
13.758730
11.064713
8.947985
8.178266
4.329670
4.906960
6.350183
8.178266
7.504762
8.659341
9.332845
8.851770
9.813919
9.332845
7.312332
4.810745
1.635653
3.271306
1.347009
2.597802
4.329670
2.501587
5.291819
7.216117
11.160928
11.834432
11.064713
12.123077
13.758730
12.219292
11.738217
11.834432
10.294994
10.872283
11.642002
10.487424
9.525275
10.583639
11.257143
7.119902
4.425885
1.828083
1.250794
0.769719
0.096215
2.405372
0.673504
1.635653
2.694017
3.271306
-0.288645
-4.329670
-6.638828
-6.735043
-2.116728
3.752381
6.350183
8.178266
9.140415
6.446398
3.078877
0.384860
-3.271306
-5.965324
-7.889621
-8.178266
-6.157753
-6.446398
-5.484249
-4.618315
-3.078877
-3.175092
-3.367521
-3.559951
-1.828083
-1.058364
-1.635653
-0.865934
-1.539438
-3.752381
-6.253968
-8.466911
-5.484249
0.000000
0.096215
0.000000
-1.250794
-5.676679
-6.542613
-6.542613
-10.294994
-11.642002
-8.755556
-9.525275
-10.006349
-11.257143
-11.064713
-5.099389
0.288645
0.384860
-2.020513
-6.638828
-10.487424
-13.085226
-11.738217
-10.776068
-10.294994
-12.411722
-8.659341
-6.253968
-2.309158
2.790232
7.216117
9.236630
5.580464
-2.982662
-11.642002
-17.030037
-15.779243
-14.336020
-7.023687
-10.006349
-15.394383
-20.397558
-20.397558
-16.933822
-10.872283
-5.291819
-8.178266
-11.642002
-13.470085
-14.624664
-13.951160
-10.583639
-6.061538
-3.463736
-6.253968
-10.583639
-13.277656
-16.164103
-17.703541
-16.356532
-11.353358
-9.621490
-11.738217
-16.067888
-12.989011
-11.257143
-7.697192
-2.790232
-0.384860
-8.659341
-17.318681
-20.397558
-17.030037
-13.662515
-8.947985
-4.329670
-4.906960
-9.140415
-9.813919
-11.353358
-11.353358
-6.542613
-0.288645
1.828083
-0.288645
-7.504762
-8.466911
-7.985836
-3.848596
0.865934
7.697192
8.851770
4.329670
-2.790232
-4.137241
0.673504
7.504762
11.834432
10.583639
3.656166
-4.522100
-10.391209
-7.408547
-4.233455
2.501587
8.274481
8.274481
4.329670
1.443223
-0.769719
2.694017
6.446398
9.332845
11.449573
9.813919
2.020513
-0.673504
0.962149
2.116728
3.752381
2.405372
-0.769719
0.000000
0.673504
1.058364
4.041026
5.965324
7.793407
10.198779
11.449573
9.429060
9.236630
10.872283
8.851770
5.195604
-0.192430
-5.099389
-7.889621
-7.408547
-3.656166
-1.058364
-5.195604
5.965324
5.388034
1.828083
0.288645
0.962149
3.271306
3.752381
2.886447
0.384860
0.288645
1.058364
2.212943
5.676679
9.717705
9.621490
9.813919
8.851770
4.233455
7.216117
8.082051
9.621490
9.236630
6.061538
2.597802
-2.116728
-5.676679
-4.041026
-1.058364
1.250794
3.271306
0.769719
0.000000
1.058364
1.539438
1.250794
2.886447
5.965324
3.944811
2.790232
1.539438
-0.865934
0.673504
3.271306
6.542613
6.350183
5.099389
1.635653
1.154579
0.000000
-0.577289
0.000000
-0.865934
-6.253968
-6.446398
-5.291819
-4.522100
-4.329670
-1.443223
2.694017
3.656166
4.714530
4.810745
6.446398
6.542613
12.411722
15.586813
13.951160
14.528449
11.160928
6.253968
2.790232
4.041026
3.271306
4.041026
1.924298
2.501587
-1.154579
0.000000
0.000000
2.982662
7.216117
10.679853
10.102564
8.466911
3.463736
3.367521
0.384860
1.347009
4.714530
4.329670
5.484249
5.580464
6.927473
9.236630
12.796581
14.143590
13.854945
9.429060
6.157753
2.309158
0.096215
2.309158
4.137241
2.405372
1.443223
-0.769719
-2.020513
-0.481074
-2.020513
-3.944811
-5.580464
-4.522100
-4.041026
-5.484249
-5.676679
-7.408547
-7.504762
-6.446398
-2.405372
0.962149
0.192430
0.481074
2.212943
4.425885
5.772894
2.597802
3.463736
5.772894
2.405372
2.020513
-0.962149
-5.291819
-7.023687
-7.023687
-7.312332
-9.044200
-12.123077
-12.411722
-11.834432
-9.621490
-7.023687
-7.023687
-9.140415
-6.350183
-7.216117
-5.291819
-2.309158
3.559951
3.656166
-0.673504
-7.697192
-12.123077
-15.105739
-15.875458
-14.432234
-11.064713
-7.023687
-7.600977
-16.260317
-8.082051
-9.236630
-9.236630
-12.123077
-11.545788
-11.064713
-11.642002
-12.411722
-9.621490
-9.525275
-8.659341
-6.350183
-3.752381
-1.154579
-0.288645
-2.116728
-6.061538
-5.580464
-6.831258
-4.425885
-2.597802
-1.828083
-0.769719
2.405372
4.714530
7.312332
7.600977
9.621490
13.277656
12.989011
12.700366
13.854945
14.047375
11.930647
7.600977
4.041026
4.810745
7.697192
7.600977
8.659341
9.621490
9.236630
8.466911
3.944811
1.731868
0.481074
-2.309158
-8.274481
-14.143590
-19.242979
-20.878632
-19.435409
-17.703541
-15.971673
-11.738217
-10.968498
-12.026862
-12.796581
-9.429060
-9.525275
-10.679853
-10.391209
-11.834432
-11.930647
-11.834432
-12.219292
-10.391209
-7.119902
-3.944811
-1.539438
3.367521
6.253968
7.600977
12.026862
15.298168
15.009524
12.219292
8.370696
3.944811
0.962149
-0.769719
-1.539438
-2.886447
-2.790232
-5.484249
-9.236630
-10.102564
-10.006349
-9.525275
-8.563126
-4.522100
-0.288645
-0.481074
-1.347009
0.673504
0.962149
2.982662
1.347009
0.096215
-1.443223
-2.982662
-3.559951
-1.539438
2.790232
4.618315
1.924298
1.058364
-1.443223
0.384860
2.405372
5.869109
9.429060
10.391209
11.834432
13.854945
12.796581
13.085226
11.353358
11.449573
12.507937
14.432234
13.854945
15.394383
13.758730
12.026862
10.006349
9.525275
12.604151
10.872283
8.659341
7.504762
7.697192
7.985836
4.233455
2.886447
0.481074
-2.597802
0.096215
2.212943
0.288645
-1.539438
0.096215
-2.982662
-2.982662
-1.154579
1.154579
2.020513
2.116728
3.463736
0.769719
-2.212943
-9.236630
-5.676679
-1.154579
2.694017
1.731868
-0.577289
-4.906960
-6.831258
-7.216117
-2.982662
0.673504
1.058364
1.154579
1.250794
0.000000
-0.096215
-1.443223
1.731868
4.233455
5.580464
6.638828
6.735043
6.061538
3.271306
2.694017
6.061538
3.848596
1.731868
1.443223
-0.096215
-1.539438
-0.962149
-1.058364
2.309158
3.463736
5.580464
3.559951
-0.192430
-2.116728
-1.731868
1.828083
4.522100
2.597802
-0.673504
-1.347009
0.481074
1.828083
2.212943
2.020513
2.597802
0.769719
-2.405372
-9.525275
-11.738217
-8.947985
-4.810745
-0.673504
2.309158
7.023687
9.332845
12.796581
11.353358
10.679853
9.813919
9.429060
8.659341
7.312332
3.559951
1.443223
-0.096215
-0.288645
2.790232
4.618315
4.137241
4.618315
5.099389
5.195604
4.810745
4.233455
4.041026
4.041026
4.522100
5.195604
2.405372
4.618315
6.831258
5.388034
3.848596
1.924298
-0.481074
-1.828083
-2.501587
-4.810745
-8.466911
-12.507937
-14.528449
-12.892796
-13.373871
-14.239805
-10.872283
-10.006349
-9.525275
-9.236630
-13.854945
-5.676679
-5.099389
-1.731868
-0.962149
-0.865934
-2.405372
-3.175092
-6.927473
-9.140415
-8.851770
-7.312332
-7.697192
-11.545788
-12.989011
-12.989011
-12.123077
-8.659341
-6.542613
-2.790232
-0.673504
1.443223
1.443223
-1.635653
-2.501587
-5.099389
-7.312332
-7.697192
-7.793407
-5.676679
-4.137241
-7.119902
-10.102564
-11.738217
-13.662515
-16.067888
-15.683028
-14.817094
-12.604151
-12.892796
-10.776068
-9.910134
-10.583639
-11.449573
-9.717705
-10.391209
-13.662515
-14.624664
-12.123077
-10.487424
-8.466911
-6.350183
-6.253968
-3.944811
-1.635653
-2.020513
-0.673504
-1.347009
-2.886447
-4.906960
-7.023687
-5.676679
-1.924298
2.694017
1.635653
2.886447
2.694017
2.501587
1.539438
5.484249
8.178266
10.294994
10.102564
11.545788
9.236630
7.023687
7.216117
6.061538
3.944811
1.443223
1.828083
1.250794
-2.309158
-2.982662
-2.212943
-3.656166
-4.137241
-5.484249
-5.291819
-5.388034
-3.463736
-1.250794
-1.443223
0.481074
-0.096215
-1.443223
-4.329670
-4.714530
-5.869109
-7.600977
-3.078877
-0.962149
0.577289
1.347009
1.250794
2.886447
5.003175
3.559951
3.848596
1.058364
5.965324
9.910134
12.989011
14.624664
16.356532
16.452747
19.146764
17.222466
17.511111
15.105739
13.277656
11.545788
9.236630
6.350183
4.329670
-5.195604
3.078877
2.212943
1.828083
1.828083
1.058364
1.731868
0.192430
-0.192430
-0.769719
-1.347009
-2.886447
-2.597802
-0.769719
-0.192430
1.443223
4.329670
6.446398
6.831258
7.793407
6.638828
4.906960
1.924298
-0.192430
-1.635653
-0.865934
0.769719
1.731868
2.982662
4.329670
7.793407
11.064713
10.583639
10.487424
9.717705
7.312332
5.484249
5.772894
5.484249
4.425885
1.731868
-1.539438
-1.058364
-1.924298
-1.731868
-2.886447
-3.752381
-1.443223
-0.481074
0.192430
3.559951
2.020513
6.253968
8.178266
8.370696
7.408547
8.178266
10.968498
13.662515
13.470085
10.679853
9.429060
7.312332
5.869109
5.003175
-2.405372
0.481074
1.154579
0.673504
-0.192430
-0.384860
3.367521
0.577289
-1.828083
-4.714530
-5.388034
-4.137241
-1.539438
3.559951
6.446398
7.023687
5.291819
2.309158
1.154579
-1.250794
0.192430
0.096215
-0.577289
-7.408547
-9.332845
-8.563126
-7.697192
-4.810745
-2.212943
-2.212943
-3.463736
-4.714530
-5.195604
-5.484249
-1.828083
1.058364
5.388034
6.927473
3.848596
2.212943
1.443223
2.020513
5.484249
-2.790232
4.810745
2.597802
1.828083
2.020513
2.886447
4.137241
6.542613
7.504762
3.559951
1.828083
-0.481074
-2.116728
-2.309158
1.347009
1.154579
-0.769719
-6.446398
-2.309158
2.790232
4.425885
3.463736
3.752381
1.154579
1.347009
0.000000
0.673504
3.271306
5.003175
8.659341
13.662515
10.776068
4.618315
-4.233455
-5.099389
-1.828083
0.288645
-2.212943
-5.676679
-10.776068
-12.700366
-11.642002
-12.026862
-6.542613
-1.347009
0.000000
3.463736
5.003175
3.559951
0.000000
-3.271306
-2.405372
0.769719
4.233455
7.889621
8.178266
5.869109
7.697192
12.315507
14.528449
12.604151
11.930647
12.892796
13.854945
10.776068
5.484249
-2.886447
-7.216117
-8.851770
-10.391209
-8.659341
-8.370696
-7.216117
-1.731868
-5.003175
-3.752381
-4.137241
2.309158
2.501587
2.694017
2.309158
2.212943
0.673504
-2.116728
-2.309158
-1.154579
0.000000
-0.384860
-0.577289
-0.577289
0.673504
-1.250794
-4.137241
-5.580464
-0.384860
0.769719
-0.192430
-0.384860
-2.405372
-2.886447
1.058364
3.944811
3.656166
-0.384860
-4.329670
-5.580464
-3.944811
-3.078877
-0.865934
0.962149
2.405372
3.078877
2.597802
2.790232
4.810745
5.772894
3.175092
1.924298
-0.288645
-1.443223
-5.003175
-5.676679
-5.580464
-7.600977
-9.717705
-5.772894
-3.271306
-0.962149
0.769719
-0.481074
-5.003175
-4.137241
-7.793407
-8.755556
-12.026862
-12.315507
-10.198779
-8.755556
-7.793407
-5.580464
-5.869109
-8.466911
-11.353358
-10.776068
-10.679853
-10.198779
-11.257143
-11.738217
-11.930647
-11.834432
-11.738217
-7.889621
-12.219292
-17.126252
-16.067888
-11.449573
-8.947985
-4.425885
0.962149
-1.443223
-5.676679
-7.504762
-9.621490
-7.889621
-3.078877
2.405372
4.522100
4.618315
-2.020513
-4.137241
-5.772894
-5.869109
-5.484249
-3.559951
-1.539438
0.673504
2.597802
1.924298
1.058364
1.154579
1.828083
4.522100
7.408547
7.216117
9.910134
11.353358
6.831258
4.618315
3.463736
1.635653
2.886447
6.253968
7.312332
3.944811
-0.481074
7.504762
8.851770
-0.962149
5.195604
5.676679
4.714530
1.539438
-3.463736
-7.889621
-13.566300
-15.875458
-20.878632
-17.222466
-17.414896
-15.683028
-15.490598
-14.239805
-7.889621
-2.886447
0.481074
0.769719
1.731868
3.944811
4.714530
4.522100
5.772894
6.542613
6.831258
8.659341
9.140415
6.927473
8.178266
9.044200
10.679853
9.525275
10.583639
10.391209
9.429060
11.257143
9.236630
7.600977
8.563126
9.044200
6.157753
6.735043
5.195604
3.271306
2.116728
-0.288645
-0.096215
0.288645
0.769719
0.384860
3.367521
5.388034
1.443223
0.000000
0.673504
-0.096215
2.116728
0.192430
1.250794
1.347009
2.309158
5.484249
4.137241
3.752381
5.099389
2.405372
2.212943
2.116728
-0.673504
0.769719
2.694017
0.865934
0.769719
1.443223
0.577289
2.405372
1.250794
0.769719
0.000000
0.000000
-1.635653
-0.096215
-0.769719
-1.058364
-2.790232
1.154579
0.384860
-2.597802
-4.522100
-4.522100
-2.982662
0.096215
2.694017
5.003175
4.810745
2.982662
0.288645
2.501587
2.501587
1.154579
2.405372
2.982662
2.405372
2.501587
0.288645
-0.481074
-1.058364
-0.865934
-1.058364
-0.577289
-1.635653
-1.058364
1.058364
3.271306
5.484249
4.810745
3.752381
1.924298
1.443223
2.886447
6.061538
5.388034
3.944811
5.676679
7.408547
7.504762
7.600977
6.542613
6.253968
6.735043
2.982662
-0.384860
2.020513
2.405372
1.347009
2.982662
3.175092
4.714530
5.580464
4.041026
1.539438
0.000000
-0.769719
1.443223
2.116728
2.405372
2.405372
2.020513
-0.481074
-2.309158
0.192430
-0.096215
-1.250794
-1.347009
-4.522100
-4.041026
-5.195604
-6.350183
-8.178266
-5.580464
-2.886447
0.096215
-0.769719
-2.020513
-2.886447
-4.714530
-5.291819
-4.618315
-5.965324
-6.542613
-10.006349
-9.910134
-8.563126
-6.446398
-4.041026
-3.656166
-5.099389
-4.906960
-3.463736
-3.559951
-3.656166
-5.965324
-4.329670
-2.597802
-3.463736
-2.886447
-3.752381
-2.597802
-4.233455
-3.559951
-1.154579
2.309158
0.096215
-1.924298
0.384860
1.635653
2.886447
3.175092
7.408547
6.446398
2.309158
-0.096215
-3.175092
0.481074
2.212943
2.116728
-0.481074
-4.425885
-8.563126
-9.044200
-4.329670
-5.003175
-3.944811
-6.638828
-9.429060
-14.624664
-9.813919
-4.810745
0.962149
2.886447
1.443223
-1.058364
-2.212943
-0.769719
0.769719
1.635653
1.250794
0.096215
-1.828083
-4.618315
-2.212943
2.116728
8.563126
8.370696
5.676679
5.965324
5.291819
3.175092
4.329670
5.388034
2.309158
-2.020513
-4.425885
-3.559951
-2.597802
-1.828083
0.577289
0.962149
-0.865934
-4.522100
-8.370696
-8.851770
-7.889621
-6.253968
-5.195604
-3.848596
-3.752381
-4.329670
-5.003175
-3.848596
0.192430
0.096215
1.250794
0.769719
0.000000
0.000000
-0.577289
0.288645
4.906960
4.810745
5.195604
5.388034
1.058364
0.000000
0.865934
3.367521
6.350183
7.793407
5.003175
4.522100
1.924298
1.058364
1.154579
0.096215
2.212943
0.096215
-2.982662
-6.061538
-6.350183
-6.735043
-2.982662
-0.096215
-0.481074
-2.501587
-2.116728
-1.635653
-1.058364
-0.288645
0.192430
3.752381
3.367521
3.078877
0.000000
-1.443223
0.192430
4.906960
4.329670
4.810745
3.175092
1.154579
1.731868
-0.384860
-3.848596
-5.676679
-4.233455
-1.828083
-2.597802
-3.175092
-4.425885
-3.271306
0.865934
0.481074
-4.522100
-2.790232
-2.790232
-0.096215
0.000000
2.982662
5.484249
3.752381
1.731868
-0.096215
-2.501587
-1.250794
3.944811
8.274481
9.236630
8.466911
7.408547
5.676679
5.580464
9.236630
14.143590
17.414896
15.586813
12.411722
10.679853
9.429060
11.738217
12.315507
13.662515
12.123077
6.061538
3.752381
1.154579
2.212943
3.656166
10.583639
12.700366
12.796581
9.429060
6.061538
2.020513
-0.288645
-5.099389
-4.522100
-2.694017
-1.635653
-2.020513
-2.982662
-4.329670
-7.119902
-11.738217
-12.796581
-13.373871
-13.758730
-15.779243
-10.294994
1.250794
9.717705
10.294994
5.003175
-0.673504
-0.384860
-3.944811
-5.869109
-1.250794
0.865934
0.673504
-2.597802
-8.466911
-13.085226
-15.009524
-12.123077
-10.583639
-14.913309
-20.205128
-14.336020
-4.714530
3.463736
4.425885
-2.116728
-12.219292
-14.720879
-12.507937
-7.889621
-5.580464
-1.058364
0.769719
0.577289
-4.810745
-6.446398
-6.253968
-6.831258
-6.735043
-2.405372
1.154579
0.000000
-0.577289
-2.886447
-6.253968
-7.408547
-6.735043
-1.347009
6.157753
12.700366
14.913309
8.947985
5.195604
-0.673504
-3.848596
-1.539438
-9.525275
-3.848596
-3.463736
-6.157753
-11.353358
-18.858120
-19.435409
-15.201954
-7.408547
-4.906960
-4.810745
-4.714530
-5.195604
-4.425885
-2.982662
-1.443223
0.577289
0.000000
1.924298
2.694017
2.597802
2.694017
4.714530
7.504762
8.563126
-2.116728
-8.274481
-6.927473
-3.944811
-2.116728
-4.329670
-4.906960
-3.559951
-0.481074
5.869109
11.834432
12.604151
11.545788
4.233455
-2.982662
-5.195604
-2.405372
2.982662
9.140415
12.507937
12.507937
11.160928
15.779243
19.820269
20.397558
19.050549
16.645177
15.683028
13.662515
11.064713
10.487424
12.026862
11.449573
9.044200
5.484249
2.020513
6.446398
14.913309
19.916484
18.088400
11.545788
4.618315
-1.250794
-5.099389
-9.813919
-14.047375
-13.566300
-11.930647
-5.965324
-4.137241
-5.676679
-7.216117
-5.003175
1.443223
6.735043
7.985836
7.408547
4.329670
-2.597802
-6.927473
-7.793407
-8.082051
-9.813919
-10.583639
-11.642002
-12.026862
-12.604151
-12.315507
-12.507937
-8.563126
-7.889621
-4.618315
-4.906960
-5.195604
-4.714530
-3.559951
-0.192430
4.906960
4.137241
5.291819
6.350183
3.656166
-0.096215
1.058364
3.367521
2.309158
1.250794
2.020513
-1.154579
-1.443223
1.828083
4.041026
3.656166
1.539438
-0.577289
-3.175092
-3.848596
-7.312332
-9.621490
-4.714530
-1.058364
-3.463736
-6.061538
-6.735043
-3.271306
-1.731868
-1.924298
2.212943
6.253968
11.064713
9.044200
7.023687
7.023687
7.408547
8.466911
8.082051
3.175092
-2.694017
-4.522100
-5.388034
-7.119902
-7.889621
-4.618315
3.367521
4.618315
1.058364
-3.463736
-4.233455
-0.865934
1.058364
2.694017
1.828083
5.195604
5.580464
3.367521
3.752381
7.793407
13.085226
11.257143
5.003175
-0.384860
-0.769719
2.597802
2.982662
-0.288645
-3.078877
-1.731868
3.656166
4.906960
5.003175
4.522100
3.271306
-1.731868
-5.772894
-8.178266
-3.656166
-0.673504
-0.288645
-1.924298
-2.886447
-2.597802
-0.673504
1.828083
5.003175
7.600977
9.621490
12.411722
11.064713
5.772894
2.212943
-0.962149
0.000000
2.982662
3.175092
-2.020513
-6.061538
-7.312332
-1.058364
3.656166
2.982662
-4.618315
-10.006349
-8.466911
