6.060073
6.702808
4.040049
2.846398
0.091819
0.550916
-0.826374
0.826374
-0.091819
1.652747
1.285470
1.560928
1.560928
0.826374
1.285470
1.744567
0.367277
-0.550916
-3.489133
-4.407326
-3.121856
-0.642735
-1.101832
0.826374
-0.183639
-0.550916
-1.744567
-0.367277
-1.560928
-0.275458
0.918193
2.387302
3.121856
5.692796
5.876435
7.070085
5.968254
5.509158
0.826374
-0.183639
-1.836386
-0.734554
-0.734554
0.826374
1.285470
2.662759
0.183639
-0.642735
-2.111844
-2.662759
-4.866422
-5.876435
-5.692796
-3.856410
-5.050061
-3.397314
-3.580952
-2.662759
-0.826374
1.469109
1.744567
1.377289
2.020024
1.285470
-0.275458
-0.918193
-3.305495
-2.662759
-3.121856
-2.020024
-1.193651
0.918193
1.193651
1.652747
0.826374
2.387302
1.928205
3.672772
3.856410
5.233700
5.600977
7.437363
6.702808
6.519170
4.774603
5.325519
4.315507
3.489133
1.377289
0.642735
0.459096
0.918193
-1.101832
-0.826374
0.091819
-0.459096
-0.550916
-0.091819
1.193651
1.836386
2.020024
1.652747
1.101832
0.367277
-0.367277
0.000000
-1.377289
-2.662759
-0.183639
-0.367277
-0.183639
-1.285470
-1.377289
-0.918193
-0.734554
-0.459096
1.560928
2.662759
3.764591
3.305495
3.121856
0.000000
-0.734554
-3.397314
-3.856410
-5.417338
-6.060073
-6.610989
-6.060073
-4.682784
-3.397314
-2.938217
-1.744567
-3.672772
-2.387302
-4.866422
-3.856410
-4.682784
-3.213675
-4.958242
-4.774603
-3.764591
-1.928205
-1.010012
0.275458
0.091819
-0.275458
-0.642735
2.754579
3.948230
4.407326
2.111844
1.560928
-2.662759
0.550916
0.642735
3.305495
5.050061
5.509158
5.050061
4.499145
4.682784
5.600977
5.968254
6.978266
6.794628
5.876435
4.131868
2.387302
4.499145
7.804640
10.283761
8.355556
7.712821
5.692796
5.600977
5.876435
7.988278
10.100122
10.926496
10.375580
9.916484
8.631013
7.896459
8.631013
9.365568
9.641026
8.355556
7.161905
7.712821
9.365568
10.926496
12.028327
11.844689
9.365568
7.253724
6.519170
6.243712
5.050061
3.856410
1.377289
-0.091819
-2.111844
0.091819
1.010012
2.662759
2.020024
2.020024
0.183639
-0.275458
-2.020024
-2.754579
-3.580952
-3.580952
-5.233700
-4.223687
-5.876435
-4.774603
-5.692796
-2.662759
-2.846398
-1.377289
-0.642735
1.010012
1.377289
2.938217
1.469109
1.377289
0.918193
2.295482
1.377289
1.285470
-0.459096
-0.459096
-1.285470
-1.928205
-2.938217
-2.020024
-0.734554
0.642735
-0.734554
-2.479121
-3.856410
-4.682784
-8.998291
-11.018315
-11.201954
-10.651038
-9.641026
-7.621001
-7.712821
-5.876435
-4.499145
-3.305495
-2.111844
-0.918193
-0.826374
-1.928205
-0.826374
-1.101832
-0.275458
-0.734554
-0.734554
0.734554
0.642735
1.469109
1.652747
2.387302
5.509158
7.070085
8.539194
9.181929
9.181929
8.539194
8.447375
8.631013
9.365568
8.539194
7.437363
4.958242
4.958242
5.509158
8.722833
11.293773
14.507448
13.405617
13.038339
10.834676
10.100122
10.283761
10.834676
9.732845
6.978266
3.121856
0.275458
-1.744567
-4.131868
-5.325519
-7.345543
-11.018315
-11.936508
-10.926496
-7.804640
-6.427350
-6.335531
-5.600977
-5.600977
-3.948230
-3.672772
-3.489133
-2.938217
-2.295482
-2.295482
-1.377289
-2.387302
0.550916
2.387302
4.590965
4.131868
3.580952
2.570940
3.672772
5.233700
10.559219
16.343834
17.996581
13.038339
8.355556
3.580952
3.764591
3.856410
8.355556
9.641026
10.008303
7.896459
5.050061
3.948230
5.692796
7.621001
8.631013
8.355556
6.519170
5.325519
7.712821
9.549206
11.569231
11.844689
11.385592
10.191941
9.365568
7.896459
7.804640
6.702808
6.519170
6.794628
5.325519
4.866422
3.030037
3.397314
3.948230
6.519170
6.335531
5.417338
1.652747
-1.652747
-4.040049
-2.387302
-1.285470
-0.091819
-1.377289
-3.305495
-6.060073
-4.774603
-3.030037
0.091819
-1.469109
-1.744567
-5.600977
-7.804640
-8.998291
-7.896459
-7.988278
-6.060073
-2.938217
-2.846398
-6.978266
-7.253724
-5.876435
-3.489133
-1.377289
-4.682784
-3.397314
-4.590965
-6.427350
-7.804640
-7.345543
-6.243712
-7.253724
-8.355556
-10.926496
-11.936508
-11.569231
-9.365568
-8.080098
-7.345543
-5.417338
-5.784615
-5.784615
-7.529182
-7.988278
-5.325519
-4.223687
-4.499145
-5.233700
-5.417338
-4.407326
-4.315507
-4.315507
-3.856410
-2.387302
-2.479121
-3.213675
-5.509158
-4.958242
-3.397314
-3.856410
-5.692796
-5.325519
-5.417338
-4.315507
-4.866422
-4.774603
-5.050061
-5.233700
-5.141880
-4.131868
-3.580952
-2.203663
-1.744567
-1.928205
-2.479121
-2.111844
-4.774603
-3.213675
-2.846398
-1.377289
-0.367277
1.010012
-0.275458
-0.183639
0.091819
-0.550916
-1.652747
0.000000
0.275458
1.377289
0.367277
1.560928
0.826374
-1.010012
-3.121856
-2.754579
-3.764591
-3.213675
-2.754579
-1.928205
-2.020024
-1.469109
-2.846398
-1.101832
-0.918193
0.091819
-0.826374
-1.836386
-1.377289
-1.010012
-1.101832
-0.367277
-1.101832
0.000000
1.469109
2.570940
4.590965
5.141880
4.958242
5.233700
5.417338
3.764591
2.938217
2.203663
1.560928
1.193651
2.938217
3.121856
3.397314
2.662759
4.131868
3.856410
5.050061
4.958242
5.509158
4.774603
4.866422
4.040049
4.774603
5.876435
7.896459
6.978266
7.804640
8.355556
9.732845
9.273748
10.742857
11.661050
11.569231
12.762882
13.313797
13.130159
13.956532
10.651038
11.752869
10.559219
11.844689
10.651038
11.477411
11.385592
12.303785
11.018315
10.559219
9.732845
9.365568
8.080098
7.621001
7.437363
7.896459
7.896459
7.621001
7.712821
8.722833
8.539194
8.998291
8.080098
7.161905
6.335531
6.060073
4.958242
3.948230
1.652747
1.928205
1.285470
0.550916
0.459096
-0.367277
-1.744567
-1.285470
0.367277
0.826374
0.826374
1.744567
1.010012
0.826374
0.550916
0.275458
-0.183639
-1.010012
-3.121856
-4.499145
-6.702808
-7.712821
-6.794628
-7.621001
-6.335531
-6.060073
-6.243712
-6.060073
-4.315507
-2.111844
-1.010012
0.275458
1.377289
1.836386
3.030037
3.213675
1.377289
5.692796
5.784615
4.223687
3.672772
1.010012
1.744567
0.459096
-0.091819
0.183639
0.734554
2.479121
2.662759
2.387302
5.141880
6.427350
9.090110
11.018315
10.926496
10.100122
9.549206
7.712821
7.070085
4.682784
4.315507
2.938217
1.469109
0.550916
0.000000
-0.275458
1.010012
0.734554
1.010012
1.193651
0.642735
-1.377289
-1.469109
-1.836386
-2.203663
-2.387302
-2.020024
-3.672772
-4.866422
-5.692796
-6.151893
-8.539194
-8.447375
-7.988278
-6.702808
-8.080098
-8.631013
-9.273748
-10.742857
-10.467399
-8.447375
-7.804640
-7.070085
-8.171917
-8.722833
-9.732845
-10.191941
-10.467399
-8.631013
-7.253724
-5.968254
-5.876435
-7.988278
-11.293773
-12.854701
-12.211966
-9.641026
-6.978266
-6.610989
-8.998291
-12.028327
-13.405617
-12.854701
-8.814652
-5.141880
-2.111844
-1.928205
-4.774603
-6.978266
-6.978266
-4.866422
-1.652747
1.560928
1.560928
-0.367277
-2.479121
-3.121856
-1.377289
3.213675
5.509158
4.958242
2.479121
1.836386
1.469109
3.213675
6.702808
9.365568
8.355556
6.060073
3.397314
3.121856
2.754579
5.968254
7.804640
9.273748
8.080098
7.161905
6.151893
6.886447
7.437363
9.090110
9.090110
7.712821
5.968254
5.233700
4.774603
7.070085
7.988278
8.263736
6.610989
4.958242
3.672772
6.243712
7.988278
9.916484
10.651038
10.100122
8.539194
8.631013
7.070085
7.896459
7.529182
7.712821
6.060073
6.335531
5.692796
6.151893
6.702808
7.437363
6.886447
7.712821
5.784615
4.958242
4.131868
4.499145
4.774603
4.774603
5.141880
4.407326
3.030037
2.938217
3.948230
4.958242
6.886447
7.253724
5.509158
5.417338
4.682784
3.580952
2.846398
2.387302
1.836386
0.275458
0.826374
0.826374
-0.183639
-0.642735
-0.459096
-0.918193
-1.652747
-2.754579
-2.387302
0.183639
1.928205
3.030037
3.856410
3.948230
4.223687
5.600977
6.060073
6.702808
7.253724
7.437363
7.988278
7.345543
7.070085
6.610989
5.692796
5.784615
7.712821
8.447375
9.273748
9.916484
8.722833
8.171917
8.539194
7.253724
6.610989
7.712821
7.070085
5.417338
3.948230
3.121856
2.387302
1.652747
0.275458
-0.550916
-2.662759
-3.764591
-5.509158
-6.060073
-5.509158
-4.866422
-4.590965
-3.580952
-1.744567
-0.642735
0.000000
0.459096
0.642735
0.000000
1.469109
2.295482
3.948230
5.692796
7.621001
9.181929
8.355556
6.151893
-2.479121
4.774603
5.692796
4.407326
4.774603
3.030037
2.387302
1.560928
1.377289
1.377289
1.377289
-0.091819
0.000000
-0.275458
-0.642735
-0.459096
-1.285470
0.826374
1.010012
-2.295482
-4.040049
-7.161905
-6.427350
-6.978266
-5.600977
-6.886447
-6.519170
-8.814652
-9.365568
-9.641026
-7.529182
-7.529182
-6.794628
-8.355556
-9.916484
-11.201954
-10.651038
-11.018315
-10.100122
-11.844689
-13.497436
-15.792918
-15.333822
-14.415629
-12.762882
-10.742857
-10.100122
-10.651038
-8.906471
-8.447375
-6.151893
-4.407326
-3.121856
-4.223687
-4.590965
-5.233700
-4.407326
-4.499145
-2.479121
-0.642735
2.295482
1.652747
1.560928
2.111844
3.580952
4.040049
5.233700
3.856410
4.958242
5.784615
6.060073
4.499145
3.948230
1.652747
-1.285470
-2.479121
-1.193651
-2.846398
-1.560928
-1.652747
-0.550916
-0.459096
1.652747
-0.642735
0.183639
-1.744567
-2.479121
-4.682784
-4.958242
-5.509158
-5.876435
-5.968254
-5.509158
-6.794628
-5.876435
-4.958242
-3.489133
-3.030037
-1.744567
-1.193651
0.275458
-0.275458
1.469109
2.479121
4.131868
5.692796
6.794628
7.161905
7.804640
7.253724
7.712821
7.437363
7.437363
7.161905
8.447375
7.712821
7.804640
7.345543
6.243712
6.151893
6.060073
-0.367277
3.489133
2.203663
1.193651
-0.183639
-1.744567
-3.305495
-5.417338
-5.968254
-5.876435
-4.040049
-4.223687
-3.489133
-2.662759
-1.744567
-3.030037
-2.479121
-2.203663
-1.377289
0.000000
1.560928
2.295482
3.489133
3.672772
5.417338
6.702808
8.355556
7.804640
7.804640
6.427350
6.060073
6.151893
7.529182
7.437363
8.631013
8.998291
10.283761
9.549206
9.181929
9.549206
9.916484
8.722833
10.834676
11.385592
11.477411
10.283761
10.283761
7.253724
6.519170
4.866422
5.050061
5.233700
4.682784
4.131868
4.040049
2.387302
2.938217
3.305495
3.856410
3.397314
3.397314
3.580952
4.223687
4.223687
5.141880
4.499145
4.682784
5.141880
6.243712
5.050061
5.417338
5.050061
3.764591
1.652747
1.560928
0.918193
1.010012
0.550916
1.652747
2.387302
2.846398
-1.469109
1.285470
1.836386
2.111844
3.030037
1.836386
1.744567
1.010012
-0.091819
-1.377289
-2.203663
-3.397314
-2.479121
-1.377289
-0.367277
-0.367277
0.550916
-0.367277
-0.459096
-1.377289
-1.652747
-1.285470
-0.091819
-1.377289
-0.642735
-1.836386
-1.744567
-0.459096
-0.459096
-0.459096
-0.642735
-1.928205
-2.479121
-4.499145
-5.325519
-6.519170
-6.702808
-7.712821
-8.906471
-10.191941
-10.283761
-11.752869
-12.028327
-10.375580
-10.008303
-10.191941
-9.641026
-8.080098
-6.886447
-6.702808
-5.968254
-5.325519
-5.233700
-4.774603
-2.295482
0.275458
1.744567
4.131868
5.968254
5.968254
6.151893
8.355556
9.549206
12.579243
14.599267
15.150183
13.221978
13.221978
11.936508
12.579243
15.609280
17.170208
17.629304
16.619292
15.701099
15.150183
14.599267
14.691087
13.221978
13.130159
11.385592
8.631013
5.876435
4.590965
3.580952
3.121856
0.734554
-0.826374
-3.305495
-3.672772
-4.866422
-5.692796
-7.529182
-9.641026
-12.946520
-15.150183
-15.701099
-14.231990
-13.956532
-10.651038
-10.742857
-9.732845
-12.579243
-12.487424
-14.231990
-11.477411
-9.457387
-7.529182
-8.814652
-9.916484
-14.323810
-15.701099
-16.160195
-13.130159
-11.477411
-9.641026
-11.477411
-14.415629
-16.160195
-14.966545
-12.211966
-9.365568
-7.621001
-9.641026
-13.221978
-14.874725
-14.323810
-13.130159
-9.641026
-12.579243
-5.233700
-7.070085
-7.712821
-7.253724
-5.600977
-1.928205
1.193651
4.040049
6.519170
7.253724
7.161905
7.437363
7.988278
10.559219
13.405617
12.395604
10.100122
5.050061
1.836386
0.275458
1.560928
4.223687
6.151893
3.764591
2.754579
1.469109
2.938217
4.040049
7.253724
7.988278
8.080098
5.325519
2.754579
-0.091819
1.469109
1.836386
6.060073
7.712821
8.722833
10.283761
11.936508
11.477411
13.313797
12.946520
13.130159
10.742857
11.110134
8.998291
9.273748
8.447375
8.906471
7.988278
8.539194
9.457387
10.926496
12.303785
14.140171
13.313797
14.140171
12.303785
9.732845
6.702808
4.682784
3.672772
3.764591
3.030037
3.121856
4.040049
4.958242
6.151893
7.621001
8.814652
8.263736
6.794628
-4.131868
3.121856
0.918193
-0.642735
-2.387302
-2.387302
-1.928205
0.918193
1.010012
1.377289
-6.702808
0.367277
-0.459096
-1.010012
-2.570940
-3.948230
-3.489133
-4.499145
-4.866422
-4.499145
-5.233700
-5.968254
-6.151893
-5.417338
-5.417338
-5.050061
-5.325519
-3.856410
-3.489133
-1.928205
-1.560928
-1.101832
-3.580952
-4.223687
-5.876435
-4.958242
-7.161905
-7.621001
-9.457387
-8.906471
-9.457387
-10.008303
-10.008303
-10.559219
-8.539194
-8.171917
-7.896459
-7.529182
-7.345543
-6.151893
-4.682784
-4.866422
-5.968254
-6.060073
-6.978266
-5.141880
-5.141880
-2.479121
-1.469109
0.367277
-1.377289
-1.652747
-4.040049
-3.856410
-6.335531
-5.600977
-4.407326
-1.560928
-0.091819
1.652747
1.101832
-0.275458
-2.295482
-3.121856
-3.397314
-3.580952
-2.570940
-1.285470
-0.183639
3.030037
3.764591
6.060073
6.702808
7.345543
5.050061
6.978266
7.253724
7.621001
7.437363
8.263736
7.345543
7.804640
6.702808
6.243712
5.325519
5.692796
3.856410
2.846398
1.560928
0.642735
-1.101832
-0.367277
-3.397314
-3.672772
-3.948230
-3.305495
-3.489133
-3.305495
-4.131868
-3.489133
-3.305495
-2.203663
-1.744567
-2.754579
-2.295482
-2.111844
-2.662759
-3.764591
-4.866422
-5.417338
-4.866422
-4.499145
-3.948230
-3.213675
-0.826374
-0.459096
0.918193
0.918193
1.193651
2.662759
6.151893
7.161905
9.181929
6.243712
10.283761
7.896459
5.968254
4.866422
5.968254
6.151893
7.529182
8.447375
10.651038
11.385592
12.395604
10.651038
9.824664
7.529182
8.814652
7.896459
9.273748
9.273748
10.467399
10.008303
11.752869
10.467399
11.110134
11.110134
10.651038
9.824664
9.732845
8.814652
10.834676
9.181929
8.998291
7.070085
6.886447
5.692796
6.794628
7.529182
9.090110
8.814652
7.529182
5.417338
6.060073
5.050061
6.060073
4.866422
5.417338
4.131868
3.580952
2.570940
3.305495
2.479121
2.295482
-0.459096
-2.111844
-5.509158
-6.519170
-7.621001
-6.519170
-7.804640
-8.906471
-10.008303
-10.559219
-10.651038
-11.477411
-7.253724
-6.886447
-7.345543
-7.253724
-8.171917
-7.345543
-6.243712
-3.764591
-4.131868
-4.131868
-6.243712
-5.968254
-6.978266
-6.978266
-7.161905
-5.050061
-5.600977
-4.774603
-5.050061
-4.958242
-5.050061
-4.682784
-4.774603
-3.213675
-2.387302
1.285470
1.285470
2.111844
1.560928
2.570940
2.754579
6.427350
6.243712
7.161905
6.794628
5.600977
4.774603
5.141880
5.692796
5.784615
5.325519
6.610989
7.070085
7.621001
6.060073
6.335531
4.958242
6.151893
5.876435
5.417338
5.876435
7.161905
8.447375
10.191941
9.273748
10.559219
7.345543
9.181929
8.355556
8.447375
8.171917
9.365568
10.008303
10.834676
10.834676
11.110134
13.038339
13.038339
13.038339
11.569231
8.814652
7.437363
6.519170
6.151893
6.702808
6.794628
5.050061
3.580952
2.387302
2.111844
0.918193
1.652747
0.183639
-0.091819
-0.734554
-0.459096
-2.387302
-4.131868
-5.233700
-6.519170
-6.610989
-8.171917
-7.712821
-6.427350
-6.978266
-5.784615
-14.140171
-4.499145
-4.958242
-5.141880
-5.509158
-6.335531
-7.804640
-6.702808
-6.519170
-5.692796
-6.702808
-6.151893
-6.519170
-6.794628
-7.345543
-5.233700
-4.958242
-4.407326
-4.315507
-2.754579
-2.295482
-1.193651
0.183639
-0.734554
-0.091819
0.183639
1.010012
-0.091819
-1.744567
-1.744567
-1.928205
-2.020024
-1.469109
-2.111844
-2.111844
-1.560928
0.642735
0.000000
0.183639
0.734554
-0.459096
-2.020024
-2.203663
-3.489133
-2.111844
-1.836386
0.459096
2.570940
3.397314
3.397314
3.856410
3.305495
4.499145
4.499145
4.223687
4.682784
5.784615
5.233700
6.060073
6.519170
5.784615
6.519170
8.539194
7.345543
7.804640
2.111844
8.631013
8.631013
10.100122
12.854701
15.425641
16.802930
15.884737
13.313797
11.844689
11.110134
10.467399
7.988278
7.712821
6.335531
4.866422
3.213675
2.203663
2.020024
2.846398
3.489133
3.030037
2.387302
1.285470
-0.918193
-2.020024
-3.672772
-5.233700
-4.682784
-5.233700
-5.050061
-5.876435
-6.243712
-6.335531
-6.978266
-8.263736
-9.365568
-10.926496
-11.936508
-12.120147
-11.385592
-12.303785
-11.661050
-10.834676
-8.447375
-6.702808
-2.754579
-0.091819
0.275458
0.826374
0.367277
0.642735
2.295482
2.111844
4.040049
2.938217
0.091819
-1.101832
-1.193651
-0.550916
0.918193
2.846398
2.662759
0.367277
-1.836386
-1.836386
-2.111844
-0.826374
-0.275458
0.367277
0.459096
-1.560928
-4.958242
-6.243712
-8.263736
-7.804640
-8.263736
-6.794628
-5.600977
-4.958242
-4.774603
-3.764591
-4.040049
-3.213675
-2.938217
-2.570940
-1.836386
-0.091819
2.754579
5.692796
7.253724
9.549206
9.457387
9.365568
8.998291
7.345543
5.509158
5.325519
6.151893
6.151893
4.958242
5.417338
4.682784
3.305495
3.305495
4.040049
5.692796
7.988278
7.712821
6.978266
6.151893
5.600977
5.050061
5.141880
2.938217
0.734554
-1.469109
-3.030037
-2.295482
-2.570940
-2.387302
-2.020024
-2.662759
-5.784615
-7.529182
-9.365568
-11.293773
-11.661050
-11.936508
-13.130159
-13.313797
-13.497436
-12.303785
-12.028327
-11.569231
-10.283761
-9.732845
-10.375580
-10.008303
-8.814652
-8.814652
-8.722833
-7.161905
-8.171917
-7.161905
-7.804640
-6.335531
-6.794628
-6.519170
-5.784615
-3.764591
-3.489133
-2.203663
-0.550916
1.836386
2.570940
3.305495
2.938217
1.377289
0.642735
0.459096
0.091819
2.203663
2.295482
4.223687
4.040049
4.866422
4.407326
5.417338
4.682784
5.325519
5.233700
5.968254
5.325519
6.610989
6.427350
7.896459
6.886447
7.253724
7.070085
8.539194
7.896459
9.365568
6.794628
5.141880
3.121856
1.928205
0.550916
0.918193
0.642735
0.550916
-0.367277
1.010012
0.459096
1.744567
1.193651
2.295482
2.387302
3.030037
0.550916
5.600977
6.060073
7.621001
6.886447
8.355556
9.181929
10.008303
9.824664
11.477411
10.191941
12.303785
12.671062
12.762882
12.946520
10.467399
8.447375
8.539194
8.631013
9.824664
10.834676
10.008303
7.529182
6.702808
6.519170
7.712821
6.886447
7.345543
6.427350
5.968254
5.600977
6.060073
5.141880
5.050061
5.141880
0.091819
6.151893
6.060073
7.437363
7.253724
8.263736
8.722833
8.080098
7.161905
7.253724
5.600977
5.692796
4.315507
2.846398
3.030037
3.580952
1.744567
1.560928
0.091819
-0.642735
-1.652747
-0.091819
-0.183639
0.734554
1.285470
1.560928
2.295482
4.131868
3.213675
4.131868
4.958242
6.243712
5.968254
7.529182
4.682784
4.040049
2.938217
3.121856
1.652747
2.387302
1.928205
0.734554
-0.183639
0.826374
0.826374
2.754579
3.305495
5.325519
1.836386
0.734554
-2.203663
-1.744567
-2.111844
0.459096
0.367277
0.367277
-0.734554
-0.275458
-0.826374
0.642735
2.020024
4.040049
3.489133
3.030037
1.469109
2.387302
2.479121
4.131868
0.091819
5.600977
3.489133
1.285470
-0.367277
-0.367277
-1.193651
0.459096
1.560928
3.672772
3.580952
3.948230
2.846398
3.213675
3.397314
3.672772
3.489133
1.560928
0.183639
-1.010012
0.091819
1.010012
2.662759
3.856410
3.948230
2.662759
1.469109
0.459096
-1.652747
-1.285470
-1.285470
-2.387302
-1.193651
-0.550916
0.367277
1.101832
4.682784
5.417338
5.233700
5.509158
6.335531
6.243712
7.345543
8.631013
7.253724
5.325519
4.131868
1.652747
0.642735
0.918193
1.836386
1.101832
0.734554
0.918193
0.642735
-1.193651
-0.918193
-0.275458
-0.734554
-2.846398
-3.397314
-3.856410
-3.213675
-5.417338
-15.609280
-11.477411
-13.405617
-16.343834
-16.894750
-17.170208
-15.058364
-14.874725
-12.303785
-11.477411
-11.018315
-10.742857
-8.814652
-8.631013
-7.437363
-7.345543
-5.233700
-5.233700
-4.407326
-5.417338
-6.519170
-6.978266
-6.610989
-8.263736
-8.447375
-10.100122
-7.529182
-6.886447
-4.866422
-4.590965
-2.938217
-3.121856
-4.040049
-2.754579
-0.275458
1.101832
1.928205
1.101832
3.489133
2.295482
1.560928
0.734554
0.000000
-2.846398
-4.223687
-6.151893
-7.621001
-8.906471
-10.283761
-11.293773
-11.477411
-11.844689
-10.742857
-10.834676
