10.031746
2.893773
-2.411477
-4.244200
8.102564
9.935287
8.391941
8.584860
4.533578
6.076923
7.330891
1.350427
-3.472527
-5.112332
-12.153846
-6.559219
2.990232
3.665446
3.665446
3.086691
-10.706960
-11.768010
-8.295482
-4.822955
-7.523810
3.472527
2.604396
-5.208791
2.218559
3.086691
0.675214
-1.929182
-1.253968
-3.183150
-15.819292
-10.224664
-11.864469
-3.472527
-0.868132
1.061050
-1.253968
1.446886
-8.295482
5.691087
5.498168
8.970696
-4.630037
-8.488400
-5.498168
-3.472527
-4.147741
1.061050
4.726496
3.665446
5.112332
4.630037
5.498168
1.446886
1.543346
-1.446886
-1.543346
-3.472527
-0.289377
-0.771673
3.954823
7.041514
8.391941
7.427350
9.260073
10.899878
11.478632
6.655678
4.726496
1.350427
2.604396
11.960928
9.935287
7.909646
9.452991
8.006105
7.716728
5.112332
13.214896
8.584860
4.244200
8.102564
9.067155
5.884005
10.224664
9.452991
8.970696
5.594628
10.128205
0.964591
7.523810
9.260073
6.559219
14.275946
15.336996
18.616606
11.285714
8.584860
2.604396
-0.964591
-3.086691
-7.427350
-10.031746
-5.787546
-4.822955
-2.604396
0.385836
3.183150
2.990232
-2.025641
-2.025641
-0.385836
0.192918
0.096459
2.604396
3.665446
1.929182
0.096459
0.964591
3.472527
2.990232
-2.411477
8.777778
9.356532
11.768010
14.275946
15.144078
10.706960
8.391941
9.549451
1.061050
-0.482295
-0.964591
-0.578755
0.771673
10.996337
9.838828
11.285714
10.128205
9.935287
4.822955
5.015873
0.289377
3.376068
3.665446
0.771673
0.192918
5.884005
10.996337
14.661783
13.118437
7.523810
0.675214
-1.736264
1.350427
2.122100
10.417582
7.330891
9.935287
11.092796
19.677656
16.012210
14.179487
11.478632
7.620269
9.549451
8.681319
5.208791
3.279609
0.192918
6.848596
7.813187
9.356532
7.330891
8.777778
10.996337
12.829060
11.575092
6.269841
4.437118
1.832723
3.279609
2.218559
2.990232
3.568987
2.507937
2.122100
2.218559
4.437118
7.041514
6.173382
5.401709
6.269841
3.086691
5.691087
10.899878
9.260073
8.584860
5.498168
9.838828
11.285714
11.960928
10.610501
8.488400
7.427350
7.716728
4.726496
3.761905
8.199023
5.015873
5.498168
5.594628
5.787546
3.376068
-2.025641
-2.315018
-4.726496
-7.620269
-7.234432
-5.208791
-6.945055
-4.051282
-3.376068
0.771673
5.691087
4.726496
2.700855
3.761905
6.076923
6.269841
4.437118
1.832723
0.289377
3.472527
7.523810
8.874237
4.244200
-0.096459
-6.462759
-7.041514
-2.700855
4.533578
6.076923
2.604396
-1.929182
-0.964591
0.289377
1.929182
0.096459
1.736264
1.061050
0.868132
-1.832723
-2.122100
-4.244200
-3.954823
-0.675214
2.315018
2.411477
1.157509
-0.578755
0.289377
1.157509
3.761905
6.173382
4.822955
-5.015873
-8.488400
-8.199023
-2.893773
0.385836
-1.061050
0.192918
2.700855
2.990232
7.523810
5.305250
5.015873
2.218559
4.244200
-1.157509
-0.385836
-0.192918
-0.675214
0.000000
5.498168
11.478632
14.854701
17.941392
20.352869
16.687424
11.768010
5.208791
1.350427
-4.630037
-10.706960
-11.382173
-10.031746
-7.137973
-6.655678
-3.376068
-1.157509
-3.376068
-1.832723
-0.964591
0.385836
-2.122100
7.716728
-0.675214
0.771673
0.964591
1.543346
3.472527
1.929182
0.771673
1.350427
-1.736264
-6.945055
-10.610501
-10.417582
-10.514042
-10.224664
-9.838828
-2.315018
-0.289377
-0.385836
-2.411477
-0.482295
-0.964591
-7.234432
-11.671551
-11.092796
-10.128205
-6.945055
-3.954823
0.192918
-0.096459
0.385836
0.385836
4.147741
3.568987
2.893773
2.990232
-1.061050
-8.970696
-11.960928
-10.899878
-8.199023
-9.356532
-5.112332
-3.954823
-3.665446
-4.340659
-5.015873
-7.620269
-3.954823
-7.620269
-5.594628
-8.488400
-6.848596
-8.006105
-5.305250
-5.980464
-4.147741
-7.234432
-4.340659
-9.067155
-12.057387
-7.427350
-6.076923
-5.498168
-1.157509
1.543346
2.315018
-1.061050
-4.630037
-8.006105
-6.366300
-5.498168
-2.990232
-3.376068
-0.868132
-1.929182
1.350427
2.700855
6.752137
3.376068
4.533578
0.385836
-0.675214
-10.514042
-15.144078
-18.423687
-13.021978
-11.478632
-7.620269
-7.813187
-10.031746
-8.391941
-6.752137
-5.305250
-3.858364
-7.427350
-9.935287
-14.661783
-11.960928
-13.504274
-11.285714
-9.645910
-8.199023
-9.163614
-8.874237
-7.909646
-4.147741
-1.446886
3.086691
2.025641
5.112332
1.253968
1.446886
-2.315018
-2.218559
-6.173382
-10.128205
-12.153846
-12.153846
-12.443223
-9.549451
-8.391941
-3.183150
0.385836
6.366300
9.260073
11.575092
12.153846
13.021978
12.636142
12.925519
14.372405
15.915751
13.311355
14.468864
15.240537
19.291819
16.301587
19.967033
25.465201
25.368742
22.282051
19.870574
15.819292
11.671551
8.681319
5.305250
-0.771673
-4.919414
-8.391941
-6.076923
-5.787546
-5.112332
-8.488400
-4.822955
-2.700855
-1.639805
-3.086691
-2.990232
-3.761905
-4.437118
-6.366300
-7.041514
-7.813187
-4.533578
-0.964591
4.437118
6.462759
9.067155
10.996337
13.407814
11.478632
8.102564
7.330891
9.452991
10.224664
6.462759
5.498168
2.700855
5.787546
8.391941
13.697192
18.134310
19.484737
14.083028
7.234432
3.279609
0.771673
0.964591
2.507937
4.533578
3.376068
6.076923
8.102564
9.838828
11.768010
13.986569
8.295482
5.594628
3.472527
1.929182
1.157509
1.832723
2.990232
5.787546
8.488400
7.909646
10.996337
8.777778
8.874237
9.067155
5.980464
4.630037
0.385836
-0.964591
-2.990232
0.964591
5.594628
10.128205
12.829060
14.468864
15.915751
18.520147
19.388278
19.098901
15.144078
13.504274
14.565324
14.565324
15.626374
16.301587
14.951160
13.697192
13.021978
12.829060
11.382173
11.960928
9.163614
7.523810
2.797314
0.096459
-4.147741
-4.340659
-5.691087
-6.269841
-6.173382
-6.269841
-6.366300
-4.919414
-8.102564
-5.305250
-8.199023
-5.015873
-6.848596
-4.340659
-5.980464
-6.462759
-8.006105
-9.356532
-13.021978
-13.890110
-13.697192
-15.529915
-17.555556
-14.083028
-13.407814
-7.716728
-8.777778
-4.822955
-4.919414
-2.025641
-4.340659
-4.340659
-7.234432
-8.199023
-6.269841
-5.787546
-3.858364
-0.482295
-0.385836
1.736264
1.543346
0.385836
-1.253968
-3.376068
-4.051282
-7.813187
-8.970696
-4.340659
-4.437118
-1.253968
-4.822955
-7.523810
-7.716728
-5.112332
-4.822955
-4.822955
-5.015873
-3.183150
-8.488400
-5.594628
-3.086691
-0.578755
3.376068
5.691087
8.391941
9.356532
7.041514
10.417582
7.909646
6.559219
5.401709
5.498168
1.832723
3.761905
5.015873
7.716728
8.584860
9.549451
8.391941
14.565324
12.829060
11.382173
10.610501
9.163614
6.945055
5.401709
2.990232
3.472527
2.218559
2.797314
1.736264
2.218559
0.868132
3.183150
6.173382
6.462759
3.472527
5.208791
5.980464
4.630037
0.868132
-0.771673
-3.183150
-3.858364
-7.137973
-9.838828
-9.838828
-7.716728
-2.507937
0.385836
1.061050
6.076923
6.366300
8.488400
5.787546
7.620269
3.954823
-1.157509
-5.015873
-6.945055
-5.208791
0.385836
3.568987
7.234432
9.742369
12.829060
10.803419
11.960928
10.803419
10.031746
7.234432
4.533578
0.385836
0.578755
0.000000
1.253968
-1.639805
0.385836
4.147741
8.584860
6.752137
9.260073
8.391941
12.346764
10.321123
11.768010
5.980464
4.822955
1.446886
2.507937
0.192918
0.385836
-2.990232
-0.385836
2.218559
7.137973
11.382173
12.539683
13.021978
13.021978
9.838828
10.706960
6.848596
4.051282
1.253968
1.639805
0.675214
2.604396
4.147741
6.269841
2.507937
1.253968
0.000000
0.868132
-0.289377
-3.568987
-5.884005
-4.822955
-6.366300
-6.173382
-7.909646
-8.777778
-10.996337
-9.742369
-10.031746
-8.391941
-7.813187
-7.427350
-8.970696
-5.691087
-8.488400
-11.092796
-9.935287
-9.356532
-6.366300
-2.700855
0.096459
1.929182
1.639805
5.401709
4.051282
4.726496
4.437118
4.340659
5.498168
7.137973
6.462759
6.559219
1.061050
3.954823
2.797314
4.726496
1.929182
-0.385836
-3.183150
-6.462759
-9.260073
-10.417582
-14.179487
-11.285714
-10.514042
-8.584860
-7.427350
-3.376068
0.771673
2.218559
3.472527
2.700855
2.315018
2.604396
-4.437118
-5.208791
-11.671551
-11.864469
-12.346764
-12.636142
-13.407814
-10.803419
-8.970696
-4.244200
-2.990232
-1.350427
-1.832723
-5.691087
-9.260073
-7.234432
-9.935287
-10.610501
-12.443223
-8.295482
-5.498168
-4.630037
-6.462759
-4.533578
-5.691087
-5.401709
-5.401709
-4.630037
-10.321123
-9.452991
-6.945055
-5.498168
-4.340659
-1.253968
-5.498168
-3.858364
-3.954823
-4.340659
-7.620269
-4.919414
-5.305250
-4.147741
-6.848596
-5.691087
-4.630037
-6.559219
-10.996337
-8.970696
-8.295482
-6.848596
-9.163614
-7.909646
-6.945055
-6.945055
-8.391941
-5.112332
-6.462759
-5.787546
-2.315018
0.192918
0.192918
-0.771673
-4.533578
-2.700855
-5.594628
-6.269841
-7.813187
-4.437118
-2.990232
-1.350427
-2.990232
-5.015873
-2.990232
-0.192918
-0.289377
-1.350427
-2.315018
-3.858364
-2.797314
-2.025641
0.771673
2.025641
1.639805
4.533578
4.244200
6.173382
5.594628
8.295482
8.391941
11.864469
11.575092
10.224664
8.584860
8.391941
5.015873
2.604396
-0.096459
-1.736264
-2.700855
-3.954823
-5.401709
-8.006105
-8.874237
-5.401709
-1.832723
-1.832723
-4.051282
-1.736264
2.411477
0.385836
-0.578755
-2.122100
1.736264
-0.192918
3.279609
6.173382
6.945055
6.848596
1.543346
2.315018
1.929182
-0.868132
1.157509
0.385836
0.192918
-0.675214
-2.893773
-3.568987
1.446886
5.015873
9.067155
8.584860
12.153846
11.575092
10.321123
7.330891
10.128205
8.777778
10.610501
8.295482
10.514042
10.031746
9.645910
10.514042
13.021978
13.021978
10.128205
5.208791
1.929182
3.279609
5.112332
2.604396
2.797314
0.096459
0.675214
4.051282
3.472527
-1.929182
1.157509
-1.832723
-0.096459
0.675214
1.543346
3.761905
5.594628
5.787546
5.015873
5.015873
5.208791
2.797314
3.472527
1.253968
-4.533578
-4.919414
-5.884005
-7.427350
-7.523810
-8.777778
-5.401709
-5.980464
-3.858364
-1.350427
4.533578
2.893773
-0.868132
-2.122100
1.350427
-0.096459
1.736264
2.604396
1.832723
0.385836
0.096459
-1.350427
0.771673
-1.832723
-4.340659
-7.909646
-9.260073
-6.655678
-4.147741
-3.472527
0.578755
-0.289377
-0.771673
-3.086691
-3.858364
-5.787546
-4.919414
-5.498168
-6.076923
-4.051282
-0.964591
-1.639805
-2.218559
-3.376068
-1.157509
-0.289377
4.533578
5.112332
9.260073
11.768010
11.671551
9.163614
7.330891
0.771673
-2.315018
-5.498168
-8.488400
-10.899878
-9.356532
-10.610501
-8.970696
-7.813187
-9.163614
-11.382173
-9.067155
-5.691087
-2.893773
-2.604396
0.868132
0.385836
2.218559
3.279609
3.665446
2.025641
0.385836
-0.868132
-0.192918
2.797314
3.183150
3.665446
3.183150
-0.482295
3.568987
5.401709
6.173382
6.076923
2.411477
2.315018
0.771673
0.289377
-2.411477
-3.665446
-3.472527
-2.893773
-2.025641
0.868132
3.086691
1.736264
3.472527
3.183150
2.893773
1.832723
0.385836
0.964591
0.385836
2.218559
3.086691
4.051282
3.568987
-0.385836
-5.691087
-7.137973
-8.102564
-5.884005
-6.559219
-5.305250
-3.279609
-4.437118
-4.147741
-4.147741
-4.244200
-5.015873
-4.147741
-2.025641
-1.832723
0.000000
-1.446886
2.315018
4.726496
4.726496
0.289377
2.604396
0.675214
-1.157509
0.096459
2.315018
1.253968
0.385836
2.218559
6.269841
7.234432
10.224664
13.697192
16.590965
16.205128
14.565324
9.067155
6.752137
2.990232
2.507937
-2.700855
-5.498168
-8.391941
-6.462759
-8.102564
-8.777778
-9.549451
-10.031746
-10.031746
-11.189255
-11.575092
-8.102564
-8.584860
-2.990232
-1.446886
-1.350427
0.675214
2.122100
0.868132
3.472527
5.498168
4.340659
6.076923
10.031746
11.478632
10.514042
7.041514
7.716728
8.584860
8.006105
7.909646
6.559219
3.761905
4.051282
2.604396
3.665446
6.462759
6.462759
4.822955
7.523810
12.539683
16.301587
12.346764
8.295482
6.848596
2.700855
0.385836
-1.253968
0.289377
-0.096459
-1.929182
-2.218559
-6.076923
-6.559219
-6.655678
-8.777778
-11.575092
-9.838828
-8.006105
-7.041514
-8.584860
-6.655678
-6.559219
-4.147741
-5.015873
-8.391941
-6.848596
-6.848596
-6.655678
-2.893773
-2.122100
1.157509
2.700855
0.385836
2.218559
2.315018
4.726496
3.472527
4.147741
6.366300
6.462759
9.163614
8.874237
7.137973
8.874237
6.173382
5.498168
5.787546
8.488400
7.234432
6.173382
4.533578
1.639805
0.289377
-0.482295
-0.578755
0.192918
-0.192918
3.858364
3.376068
5.015873
5.594628
4.340659
5.208791
2.893773
3.761905
4.340659
0.771673
-0.289377
1.736264
1.446886
2.315018
6.076923
7.137973
8.970696
14.083028
17.652015
15.819292
12.925519
9.356532
4.340659
0.868132
-1.639805
-2.411477
-2.700855
-3.858364
-1.543346
1.253968
5.884005
11.478632
12.153846
13.504274
16.687424
18.905983
14.083028
13.793651
9.838828
5.498168
3.954823
3.665446
0.771673
-0.289377
-3.279609
-2.893773
-4.437118
-2.604396
-3.183150
1.061050
4.340659
6.559219
5.980464
3.279609
-0.192918
3.858364
3.183150
3.086691
1.446886
2.218559
1.929182
1.446886
2.990232
5.980464
4.340659
5.015873
0.385836
-0.096459
-4.244200
-3.472527
-4.437118
-4.919414
-3.761905
0.868132
0.771673
6.366300
5.498168
6.559219
4.726496
6.848596
8.488400
6.848596
5.401709
3.376068
-1.350427
-0.482295
-2.700855
2.700855
3.954823
8.102564
7.523810
5.594628
3.858364
4.822955
4.533578
5.884005
6.752137
7.041514
3.665446
2.604396
1.736264
2.604396
2.797314
3.761905
2.122100
0.675214
1.446886
-0.192918
1.639805
5.305250
7.330891
9.067155
6.076923
4.051282
0.385836
-2.122100
-4.533578
-3.954823
-5.980464
-3.376068
-5.787546
-3.954823
-4.533578
-3.376068
0.868132
2.700855
4.147741
6.848596
6.366300
8.295482
9.260073
3.665446
2.411477
2.315018
-1.446886
-1.929182
-4.630037
-3.761905
-5.498168
-6.269841
-5.305250
-6.462759
-6.173382
-4.630037
-3.568987
-2.507937
-2.604396
0.385836
1.446886
3.472527
5.015873
2.315018
-0.096459
-1.639805
-4.437118
-6.076923
-7.716728
-6.269841
-9.645910
-8.391941
-10.996337
-11.768010
-11.478632
-10.321123
-7.427350
-5.787546
-5.112332
-1.736264
-1.061050
-0.868132
1.253968
2.411477
1.543346
-1.736264
1.736264
2.411477
2.700855
4.051282
4.147741
1.253968
-1.639805
-3.665446
-2.122100
-3.954823
-1.543346
0.578755
3.086691
2.122100
3.279609
3.183150
2.700855
1.929182
-0.868132
-1.929182
-3.086691
-0.385836
-3.472527
-3.858364
-1.832723
-0.289377
-0.385836
1.543346
4.630037
3.665446
5.208791
7.813187
10.899878
11.575092
8.102564
11.189255
10.031746
10.224664
10.899878
10.128205
5.594628
0.964591
-2.604396
0.096459
0.868132
4.533578
6.848596
5.691087
4.147741
5.208791
5.498168
9.163614
8.102564
7.330891
5.787546
5.691087
7.523810
7.523810
2.507937
-0.675214
-1.639805
-2.507937
-4.822955
-6.462759
-8.006105
-5.980464
-2.507937
-1.639805
-1.736264
-0.192918
1.446886
2.507937
0.385836
0.771673
-1.639805
1.446886
1.832723
0.868132
0.385836
1.736264
-0.192918
-0.675214
0.192918
-2.122100
-1.157509
1.543346
1.350427
4.919414
2.990232
2.122100
0.868132
2.411477
0.868132
0.868132
4.244200
4.147741
4.340659
5.401709
3.568987
3.568987
2.893773
1.929182
-1.832723
-0.771673
-0.868132
-0.482295
-0.385836
3.086691
3.858364
1.929182
1.253968
4.340659
3.761905
4.147741
1.736264
2.411477
-0.192918
5.594628
3.761905
5.498168
4.340659
7.330891
4.244200
4.822955
3.761905
4.340659
4.630037
2.893773
4.630037
7.427350
5.884005
7.234432
3.086691
5.787546
4.244200
8.777778
9.452991
11.382173
12.539683
14.083028
12.925519
12.250305
10.224664
10.224664
5.112332
3.183150
1.061050
-0.096459
-2.990232
-2.604396
-2.893773
-4.822955
-3.376068
-2.315018
-4.244200
-9.356532
-14.951160
-13.118437
-10.031746
-9.163614
-7.137973
-4.726496
-3.183150
0.385836
0.771673
4.822955
3.376068
7.234432
4.051282
6.559219
3.761905
3.376068
2.507937
0.675214
0.385836
3.279609
4.147741
6.269841
0.578755
-1.832723
-8.584860
-11.575092
-15.722833
-15.047619
-16.590965
-17.555556
-18.230769
-14.179487
-10.996337
-10.706960
-10.224664
-4.437118
-5.980464
-7.041514
-9.935287
-8.102564
-6.173382
-1.736264
-3.761905
-2.315018
-2.893773
-1.543346
3.954823
5.884005
5.691087
2.604396
1.446886
5.980464
5.208791
5.305250
2.604396
3.086691
0.385836
-0.675214
-4.822955
-4.822955
-8.295482
-2.893773
-2.507937
-0.289377
0.578755
5.691087
3.858364
6.366300
2.025641
0.675214
-0.385836
-0.868132
-1.736264
0.192918
-0.289377
0.385836
-2.025641
3.279609
4.533578
4.051282
-1.350427
-2.990232
-5.015873
-2.218559
-1.736264
-3.086691
-2.315018
-1.157509
-3.858364
-5.980464
-7.234432
-7.716728
-11.864469
-13.407814
-17.073260
-18.616606
-17.459096
-13.697192
-10.803419
-11.960928
-13.311355
-12.539683
-13.986569
-13.311355
-12.732601
-10.128205
-8.295482
-4.919414
-6.076923
-8.199023
-8.199023
-8.874237
-8.488400
-6.076923
-7.813187
-4.726496
-5.498168
-8.391941
-10.996337
-9.838828
-11.189255
-7.041514
-4.726496
-2.990232
-0.675214
1.929182
5.980464
7.813187
7.523810
8.102564
8.488400
6.559219
4.244200
3.279609
0.385836
1.350427
-2.122100
-0.964591
-3.761905
-3.472527
-4.051282
-1.350427
0.096459
1.350427
4.051282
2.507937
2.411477
0.964591
-2.122100
-5.015873
-7.909646
-3.086691
-3.858364
-0.482295
0.385836
5.305250
3.761905
7.137973
6.559219
7.523810
9.163614
10.031746
9.163614
9.645910
10.899878
8.295482
6.945055
6.848596
4.340659
0.385836
1.639805
2.990232
3.279609
3.665446
5.884005
9.356532
7.427350
5.208791
5.498168
6.076923
4.822955
1.543346
5.015873
5.980464
4.340659
3.279609
6.366300
10.706960
12.829060
12.153846
8.777778
6.269841
1.832723
-0.482295
-0.868132
-2.797314
-1.543346
1.446886
5.208791
4.919414
1.639805
1.543346
-0.578755
0.289377
0.578755
-0.578755
-1.253968
-0.482295
2.700855
-0.578755
-0.771673
-2.507937
-2.700855
-4.533578
-7.523810
-6.269841
-4.147741
-1.639805
0.000000
1.061050
4.533578
7.427350
7.234432
9.163614
9.742369
9.067155
9.163614
9.452991
6.848596
6.848596
4.919414
4.822955
5.884005
6.269841
4.051282
6.559219
8.391941
10.803419
9.838828
11.575092
7.041514
3.472527
1.061050
-1.929182
-2.507937
-1.350427
-0.482295
0.675214
-0.096459
-0.192918
1.061050
-1.832723
-5.112332
-6.752137
-8.199023
-5.691087
-4.919414
-3.858364
-5.691087
-4.630037
-1.253968
2.507937
3.183150
7.427350
8.681319
13.311355
11.575092
9.452991
7.234432
3.761905
1.446886
0.289377
0.192918
-1.157509
-1.157509
1.061050
2.218559
4.726496
5.594628
6.945055
6.462759
2.218559
-1.832723
-6.269841
-6.269841
-5.884005
-7.523810
-9.742369
-9.838828
-12.057387
-11.575092
-9.742369
-4.630037
-2.025641
-1.061050
2.122100
5.015873
7.716728
9.067155
8.584860
9.163614
4.822955
6.945055
5.498168
4.630037
0.385836
-1.639805
-0.289377
-0.096459
0.964591
1.253968
0.000000
-0.096459
-3.376068
-5.401709
-8.874237
-10.321123
-10.996337
-8.584860
-14.565324
-15.529915
-14.661783
-9.549451
-6.173382
-6.269841
-5.594628
-4.919414
-2.122100
-1.350427
-2.411477
-1.736264
-0.675214
3.472527
6.559219
11.189255
11.768010
13.311355
12.153846
15.047619
11.671551
11.671551
10.514042
8.488400
6.173382
6.462759
6.462759
4.437118
2.315018
2.990232
4.533578
5.401709
9.163614
12.829060
12.346764
14.854701
9.549451
10.321123
11.285714
10.514042
5.691087
6.945055
1.157509
0.385836
-0.675214
-0.868132
-2.990232
-1.350427
-3.279609
-0.289377
-0.385836
3.568987
3.279609
4.630037
5.498168
6.848596
9.549451
11.864469
6.559219
5.498168
4.630037
3.665446
0.771673
3.279609
6.752137
8.391941
8.199023
9.452991
8.970696
8.777778
7.523810
4.822955
-0.771673
2.604396
2.122100
0.000000
-0.192918
-2.797314
-5.594628
-5.691087
-6.848596
-4.630037
-6.076923
-3.279609
-5.594628
-2.122100
0.385836
4.340659
6.366300
5.980464
4.822955
5.980464
-0.868132
-2.315018
-5.787546
-6.655678
-9.549451
-5.980464
-4.822955
-0.675214
-0.964591
1.157509
6.076923
9.260073
9.549451
8.295482
2.315018
-0.868132
-5.787546
-5.691087
-6.462759
-2.604396
-3.568987
-0.096459
0.192918
1.253968
1.061050
3.568987
1.736264
0.385836
-0.096459
1.061050
-0.192918
1.543346
2.315018
6.559219
6.269841
9.163614
7.620269
6.462759
5.884005
4.822955
2.893773
2.797314
4.630037
5.980464
7.041514
9.260073
8.777778
8.488400
8.874237
9.260073
8.874237
9.163614
6.559219
3.183150
0.000000
-4.147741
-8.970696
