1.635653
4.425885
5.676679
5.580464
5.484249
3.463736
5.291819
6.350183
8.082051
10.968498
12.315507
10.583639
10.102564
5.676679
2.886447
-1.250794
-2.405372
-2.116728
-2.116728
-1.058364
0.192430
0.577289
3.078877
1.250794
2.694017
3.559951
6.831258
6.157753
3.752381
1.250794
-2.501587
-6.927473
-7.504762
-10.294994
-10.294994
-11.738217
-12.989011
-11.930647
-12.219292
-11.738217
-11.738217
-11.160928
-9.236630
-9.140415
-9.044200
-10.102564
-9.621490
-10.968498
-11.642002
-11.160928
-8.947985
-8.755556
-5.580464
-3.175092
1.058364
3.752381
6.831258
7.793407
8.851770
10.294994
11.160928
13.085226
13.277656
15.490598
13.662515
10.872283
7.216117
4.137241
3.367521
-1.828083
-5.676679
-8.563126
-9.044200
-10.391209
-12.026862
-14.143590
-13.758730
-13.277656
-10.872283
-10.872283
-8.178266
-6.446398
-7.697192
-12.026862
-14.913309
-14.720879
-13.566300
-11.834432
-9.044200
-7.216117
-8.370696
-6.157753
-5.580464
-5.291819
-4.233455
-0.769719
3.175092
2.020513
0.769719
0.577289
0.962149
0.962149
1.924298
3.078877
2.212943
-1.154579
-5.869109
-6.061538
-5.388034
-5.003175
-3.559951
-0.769719
-0.192430
1.250794
2.309158
5.484249
5.772894
7.600977
7.312332
7.312332
6.735043
8.370696
9.621490
11.545788
14.336020
12.315507
10.294994
5.388034
0.673504
1.828083
0.769719
2.501587
3.175092
0.481074
-1.539438
-3.463736
-5.676679
-4.906960
-3.078877
-0.384860
4.041026
1.731868
-2.309158
-5.291819
-6.927473
-6.253968
-5.003175
-1.731868
0.865934
0.192430
-1.924298
-2.501587
-4.233455
-2.597802
1.443223
2.212943
2.597802
-2.020513
-7.216117
-8.178266
-5.676679
-3.367521
-1.154579
-1.539438
-2.886447
-2.886447
-3.848596
1.154579
8.659341
15.779243
21.167277
21.648352
18.858120
14.528449
13.951160
16.452747
15.683028
16.356532
15.394383
12.989011
9.140415
5.676679
2.597802
2.020513
3.944811
6.638828
5.484249
2.694017
0.192430
0.384860
2.597802
1.924298
4.522100
6.638828
8.082051
8.851770
7.697192
5.869109
6.638828
3.656166
1.250794
-1.347009
-2.790232
-4.329670
-3.078877
-1.539438
0.865934
4.522100
7.023687
4.425885
-0.673504
-5.003175
-8.370696
-10.487424
-12.507937
-12.700366
-13.085226
-14.047375
-12.892796
-9.525275
-7.697192
-7.793407
-5.388034
-8.466911
-9.717705
-9.140415
-8.466911
-6.927473
-4.425885
-6.638828
-9.332845
-8.947985
-7.504762
-5.099389
-2.790232
0.000000
2.116728
-2.212943
-3.175092
-1.539438
1.924298
3.848596
8.274481
11.160928
9.717705
7.600977
1.347009
2.020513
-0.192430
-0.962149
0.192430
-0.288645
-4.714530
-3.848596
-2.790232
2.501587
4.618315
8.370696
7.600977
4.714530
0.288645
0.000000
1.058364
3.656166
4.137241
5.965324
6.061538
5.099389
4.329670
2.982662
5.676679
7.216117
7.312332
9.140415
8.659341
7.312332
3.463736
1.539438
1.154579
1.924298
2.597802
3.463736
2.790232
2.212943
0.769719
-0.673504
-2.309158
-5.195604
-6.927473
-10.006349
-10.776068
-10.391209
-9.717705
-10.391209
-9.621490
-6.831258
-1.731868
0.673504
4.041026
2.116728
-2.116728
-3.078877
-6.253968
-7.600977
-6.638828
-5.580464
-1.443223
1.443223
4.810745
5.580464
4.137241
5.388034
6.350183
5.676679
6.735043
6.253968
7.023687
8.370696
7.600977
6.446398
4.425885
0.288645
-0.288645
0.096215
2.020513
0.481074
-0.769719
-2.212943
-5.484249
-5.772894
-8.178266
-8.947985
-9.332845
-9.140415
-11.064713
-10.968498
-9.044200
-6.253968
-3.463736
-4.233455
0.192430
1.347009
0.865934
0.000000
-2.501587
-4.714530
-6.542613
-4.329670
-2.597802
-0.481074
3.271306
2.982662
4.425885
3.559951
1.347009
-0.288645
-0.577289
-1.058364
1.250794
0.962149
3.175092
1.539438
0.000000
-0.577289
-1.443223
-3.752381
-3.271306
-2.982662
-0.865934
-0.288645
-7.793407
-6.253968
-8.466911
-11.545788
-13.373871
-12.796581
-12.989011
-15.009524
-11.930647
-12.604151
-12.026862
-12.989011
-14.432234
-12.411722
-8.370696
-3.463736
-1.635653
-0.769719
-3.078877
-4.137241
-2.694017
0.192430
2.982662
4.522100
3.752381
1.250794
-1.347009
-2.886447
-1.924298
1.250794
2.982662
4.714530
3.752381
1.635653
0.000000
-1.731868
-1.250794
-0.865934
4.329670
2.597802
0.096215
-5.580464
-5.580464
-3.656166
-2.790232
1.347009
6.350183
7.697192
4.329670
0.865934
-2.501587
-3.848596
-5.099389
-6.735043
-5.869109
-8.466911
-10.776068
-11.257143
-12.507937
-13.758730
-12.219292
-11.160928
-11.160928
-10.294994
-10.102564
-9.910134
-12.507937
-15.490598
-26.362882
-19.724054
-16.164103
-12.315507
-7.793407
-2.982662
-0.769719
0.384860
3.175092
5.965324
6.446398
6.157753
3.944811
1.539438
-3.078877
-4.810745
-3.367521
-3.848596
-6.446398
-7.697192
-10.102564
-9.525275
-5.965324
-4.522100
-1.347009
0.673504
0.962149
0.000000
-2.405372
-1.731868
2.597802
10.198779
16.452747
17.703541
16.741392
16.645177
19.820269
20.974847
22.514286
23.284005
22.706716
22.225641
18.761905
16.741392
16.933822
17.414896
22.995360
25.496947
20.782418
13.470085
8.755556
4.041026
6.735043
11.834432
16.164103
16.260317
14.528449
12.507937
10.198779
12.026862
13.085226
15.394383
16.164103
13.373871
10.391209
6.061538
2.212943
4.137241
6.831258
11.930647
13.758730
13.662515
11.930647
10.776068
1.058364
10.198779
12.411722
14.913309
8.659341
2.982662
-3.367521
-5.772894
-7.023687
-7.793407
-7.600977
-5.772894
-1.058364
4.810745
8.851770
7.312332
5.580464
4.425885
6.253968
8.370696
8.082051
7.697192
5.291819
3.463736
2.405372
6.253968
11.353358
16.645177
17.414896
13.470085
8.370696
4.810745
2.982662
3.463736
7.793407
11.353358
13.373871
11.257143
10.391209
5.195604
2.790232
3.752381
3.656166
5.484249
4.137241
1.058364
-1.154579
-1.443223
0.962149
2.501587
2.309158
2.309158
-2.020513
-7.408547
-8.178266
-10.679853
-9.332845
-7.985836
-6.638828
-5.869109
-4.137241
-2.309158
-1.443223
-0.192430
2.020513
1.828083
1.924298
2.405372
1.347009
1.154579
-1.539438
-2.501587
-4.329670
-4.810745
-5.099389
-6.253968
-7.023687
-7.889621
-6.831258
-7.312332
-5.291819
-4.329670
-4.906960
-2.982662
-0.288645
2.790232
2.212943
1.539438
2.309158
1.924298
0.962149
-0.481074
-0.962149
-2.886447
-7.504762
-7.408547
-9.429060
-10.391209
-10.391209
-7.697192
-8.659341
-10.487424
-12.411722
-11.738217
-12.507937
-12.989011
-14.336020
-13.277656
-13.566300
-12.989011
-14.720879
-13.662515
-13.662515
-12.123077
-12.219292
-9.621490
-7.985836
-6.927473
-8.082051
-6.735043
-6.446398
-7.312332
-11.930647
-8.082051
-5.965324
-12.219292
-3.271306
-0.865934
-2.309158
-4.618315
-3.559951
-3.367521
-4.233455
-4.714530
-6.638828
-8.947985
-11.930647
-10.006349
-5.772894
-3.752381
-7.119902
-10.487424
-13.181441
-13.085226
-9.044200
-5.484249
-2.309158
-3.656166
-6.542613
-10.294994
-10.294994
-6.638828
-2.790232
0.000000
-1.539438
-4.233455
-8.659341
-9.717705
-7.889621
-4.329670
-0.384860
5.195604
9.044200
5.965324
2.116728
0.096215
0.673504
4.618315
9.044200
11.257143
11.353358
10.006349
5.484249
2.212943
3.078877
3.559951
4.329670
3.463736
1.154579
-2.020513
-2.116728
-2.020513
0.577289
2.886447
4.233455
5.195604
3.367521
2.982662
-1.058364
-1.154579
1.828083
5.676679
8.370696
10.198779
7.793407
3.752381
-0.962149
-0.096215
0.865934
2.694017
4.425885
5.869109
4.137241
0.865934
1.058364
7.985836
14.047375
20.782418
22.610501
19.531624
10.776068
5.291819
2.790232
2.309158
2.790232
5.195604
6.542613
1.924298
-5.388034
-8.659341
-9.525275
-7.023687
-2.116728
-0.577289
-1.635653
-3.752381
-9.236630
-11.257143
-11.257143
-7.408547
0.577289
7.023687
3.752381
-1.154579
-6.157753
-9.332845
-9.236630
-2.790232
0.865934
1.731868
-0.673504
-3.367521
-2.694017
1.443223
7.697192
17.799756
22.995360
20.108913
15.298168
9.813919
4.810745
6.542613
8.466911
10.583639
12.315507
12.026862
6.157753
0.673504
-1.635653
0.673504
7.985836
13.085226
10.391209
6.831258
2.116728
-2.694017
-2.982662
0.865934
4.810745
5.195604
0.481074
-3.848596
-6.638828
-6.350183
-4.041026
-7.408547
-0.384860
-3.944811
-7.793407
-10.006349
-6.735043
-2.116728
5.772894
6.253968
4.906960
2.694017
-1.058364
-4.329670
-3.463736
3.559951
10.968498
14.336020
11.834432
6.446398
0.865934
-4.329670
-4.618315
-4.137241
-0.384860
1.154579
0.384860
-2.501587
-6.253968
-6.350183
-4.714530
-2.597802
0.288645
0.865934
0.096215
-2.886447
-5.965324
-8.851770
-9.236630
-4.329670
2.597802
8.563126
10.872283
12.700366
12.315507
10.968498
11.353358
10.487424
11.545788
11.930647
9.140415
5.291819
-0.384860
-4.906960
-7.023687
-7.312332
-6.446398
-6.061538
-6.253968
-6.638828
-6.061538
-5.772894
-6.831258
-6.446398
-2.597802
-0.288645
0.481074
2.982662
2.597802
0.962149
-2.405372
-3.078877
-3.078877
-2.309158
-2.982662
-3.463736
-4.618315
-5.676679
-6.350183
-7.504762
-5.580464
-3.559951
-4.137241
-1.828083
-0.481074
-1.731868
-2.790232
-1.731868
-2.020513
-5.099389
-5.676679
-4.522100
-3.944811
-3.656166
-2.982662
-2.982662
-1.250794
1.635653
4.329670
4.618315
3.656166
0.288645
-1.347009
-3.656166
-3.848596
-5.195604
-3.656166
-3.944811
-0.481074
1.347009
0.000000
-1.924298
-1.443223
0.384860
3.463736
6.927473
8.755556
8.082051
9.332845
8.370696
8.082051
4.425885
1.635653
-1.443223
-4.137241
-4.425885
-5.388034
-4.329670
-1.539438
-1.539438
-3.752381
-5.388034
-5.388034
-6.061538
-4.041026
-3.078877
-2.597802
-2.212943
-0.962149
-2.309158
-1.154579
-1.828083
0.962149
2.212943
0.962149
0.000000
-2.116728
-3.367521
-5.388034
-6.061538
-5.099389
-6.446398
-4.522100
-2.501587
-1.635653
0.865934
1.154579
-1.154579
-1.731868
-4.618315
-8.370696
-9.621490
-9.717705
-8.082051
-3.944811
-1.443223
0.384860
1.058364
0.384860
1.347009
0.096215
0.769719
0.865934
0.096215
-2.309158
-1.828083
-1.924298
-2.982662
-3.175092
-1.539438
0.192430
1.443223
3.367521
3.367521
5.772894
6.638828
7.119902
5.291819
3.367521
1.731868
1.539438
1.731868
3.175092
2.501587
4.137241
6.446398
6.253968
5.580464
3.848596
5.291819
3.752381
2.020513
1.250794
0.288645
-0.096215
-8.178266
1.635653
1.154579
-0.288645
-1.828083
-3.175092
0.577289
-0.192430
-3.463736
-5.003175
-3.752381
-1.731868
-0.962149
-2.020513
-3.752381
-4.233455
-4.522100
-1.828083
1.250794
1.539438
2.597802
2.405372
2.020513
1.539438
-0.577289
-1.058364
-2.694017
-1.539438
0.577289
3.752381
7.312332
7.600977
10.679853
10.872283
10.776068
11.738217
12.026862
11.449573
10.583639
9.525275
5.291819
2.501587
-1.731868
-6.157753
-11.449573
-14.336020
-13.854945
-12.315507
-11.834432
-15.009524
-17.799756
-15.586813
-11.545788
-6.157753
0.192430
2.694017
3.367521
1.828083
-0.577289
-2.501587
-1.828083
-0.096215
-3.271306
5.484249
0.769719
-4.041026
-4.810745
-2.212943
3.271306
6.061538
7.793407
7.985836
2.212943
-2.694017
-2.694017
-2.405372
2.501587
11.160928
14.720879
15.683028
13.470085
8.274481
4.810745
3.175092
6.927473
5.772894
4.425885
3.656166
1.635653
1.347009
1.731868
-0.865934
0.865934
3.367521
6.927473
7.216117
6.831258
3.752381
2.309158
5.484249
13.373871
17.703541
13.951160
8.082051
-0.096215
-4.618315
-5.099389
-1.443223
5.099389
8.178266
8.563126
3.944811
0.288645
-3.463736
-11.545788
-8.466911
-1.635653
-2.405372
-8.659341
-12.219292
-14.624664
-18.280830
-22.802930
-16.356532
-7.985836
-4.329670
-4.329670
-5.099389
-7.312332
-7.793407
-7.216117
-4.810745
-1.154579
-3.463736
-7.216117
-12.796581
-16.164103
-15.394383
-7.793407
-3.175092
-2.212943
-4.714530
-3.367521
-2.790232
-3.848596
-3.271306
-2.309158
-0.962149
-1.058364
-4.233455
-5.388034
-5.869109
-5.388034
-2.694017
-1.924298
1.250794
6.061538
6.831258
5.195604
7.023687
8.082051
10.006349
13.181441
18.280830
17.992186
18.569475
17.607326
15.009524
12.604151
8.082051
7.985836
9.813919
9.140415
9.717705
8.947985
8.466911
8.563126
8.082051
9.236630
7.216117
8.947985
10.294994
8.274481
7.600977
7.023687
7.985836
4.618315
1.058364
-0.288645
-2.405372
-5.388034
-7.119902
-9.910134
-10.391209
-8.178266
-7.697192
-9.813919
-7.889621
-7.600977
-6.927473
-4.041026
-0.288645
5.291819
6.542613
4.906960
2.982662
-0.096215
-2.597802
-3.944811
-3.175092
-4.233455
-3.559951
-5.965324
-8.178266
-11.353358
-14.047375
-14.336020
-15.298168
-14.047375
-11.930647
-11.353358
-10.872283
-8.082051
-5.580464
-6.638828
-6.735043
-6.157753
-4.714530
-3.463736
0.769719
3.271306
1.443223
-1.250794
-5.195604
-7.023687
-7.600977
-7.216117
-6.927473
-5.869109
-3.271306
-3.559951
-5.580464
-6.253968
-7.312332
-7.119902
-6.253968
-4.522100
-0.096215
2.020513
3.848596
4.618315
5.772894
4.810745
5.484249
2.886447
0.865934
-2.597802
-4.522100
-4.233455
-4.906960
-3.656166
-0.192430
1.539438
1.347009
-6.157753
1.443223
-1.443223
-2.886447
-3.944811
-3.752381
0.096215
2.116728
-0.673504
-2.212943
-2.886447
-1.347009
1.635653
5.869109
7.504762
8.947985
8.082051
5.869109
7.504762
10.006349
13.566300
13.566300
12.892796
9.717705
4.906960
-2.020513
-5.388034
-5.291819
-1.924298
-0.384860
-4.041026
-6.350183
-6.542613
-6.638828
-2.694017
-0.192430
10.872283
13.470085
13.085226
8.659341
7.793407
5.195604
2.597802
2.886447
9.910134
8.947985
7.119902
6.157753
2.597802
0.865934
1.635653
6.061538
10.391209
9.332845
8.755556
5.580464
7.600977
7.312332
9.332845
12.123077
14.720879
13.951160
10.872283
8.563126
8.178266
7.793407
4.233455
3.656166
4.425885
2.790232
0.769719
-1.347009
-2.982662
-3.752381
-0.865934
1.828083
2.405372
-2.309158
0.769719
1.731868
-7.312332
-0.481074
0.000000
-5.772894
2.694017
1.539438
0.000000
-0.962149
-3.752381
-6.061538
-1.828083
0.384860
0.673504
0.865934
1.250794
-0.192430
-3.848596
-7.793407
-7.023687
-5.965324
-6.446398
-4.714530
-3.944811
-3.367521
-9.717705
-1.731868
0.769719
-7.216117
3.078877
4.041026
-6.542613
-0.962149
0.096215
4.137241
3.656166
0.384860
0.865934
-2.886447
-11.064713
-23.861294
-17.414896
-15.009524
-15.201954
-15.875458
-10.968498
-9.717705
-10.006349
-12.411722
-10.776068
-7.793407
-4.233455
-0.962149
1.347009
-0.192430
-3.367521
-4.906960
-6.157753
-3.848596
-0.192430
5.388034
5.965324
1.731868
-2.886447
-6.542613
-7.216117
-5.195604
-1.250794
1.635653
2.405372
0.192430
-4.233455
-4.906960
-2.212943
0.288645
6.061538
6.446398
4.329670
-0.769719
-4.810745
-5.965324
-5.099389
-1.539438
5.003175
8.178266
5.195604
0.577289
-1.347009
-1.347009
-0.481074
0.288645
2.309158
-1.443223
-3.175092
-4.425885
-4.233455
-1.731868
0.000000
0.769719
0.769719
0.962149
-0.288645
-1.924298
-0.962149
-0.769719
0.481074
2.405372
3.559951
3.271306
2.694017
-1.250794
-1.828083
-3.559951
-2.501587
-2.212943
-2.212943
-0.288645
5.291819
5.772894
5.484249
4.906960
8.947985
10.102564
9.813919
10.679853
10.102564
9.429060
9.813919
7.697192
9.044200
8.178266
8.947985
7.889621
4.425885
2.886447
-0.288645
-5.484249
-10.006349
-13.085226
-13.854945
-10.968498
-7.312332
-6.253968
-1.539438
0.192430
4.137241
5.484249
6.350183
5.772894
10.006349
8.851770
5.580464
0.673504
-2.309158
-4.041026
-5.484249
-10.391209
-11.930647
-11.834432
-17.607326
-11.064713
-11.545788
-12.219292
-10.487424
-9.236630
-6.735043
-6.253968
-7.312332
-5.291819
-2.982662
-4.425885
-4.618315
-5.003175
-5.099389
-6.253968
-8.178266
-10.679853
-12.315507
-16.548962
-17.799756
-15.875458
-14.913309
-12.604151
-9.140415
-7.408547
-6.061538
-4.233455
0.673504
0.962149
2.501587
4.425885
3.559951
1.154579
-1.443223
-1.347009
1.828083
5.099389
9.429060
10.679853
10.583639
11.064713
7.119902
2.212943
0.000000
1.347009
3.271306
4.618315
5.580464
0.769719
0.769719
0.577289
1.347009
5.291819
9.332845
14.432234
16.452747
11.160928
7.216117
4.329670
3.944811
4.906960
7.985836
6.831258
3.078877
-12.123077
-7.119902
-6.253968
-1.443223
6.350183
12.123077
12.219292
7.216117
3.175092
2.694017
7.504762
17.030037
22.514286
20.012698
7.793407
-3.367521
-10.294994
-10.776068
-8.274481
-2.309158
0.481074
-1.250794
-10.487424
-15.971673
-16.837607
-11.834432
-5.388034
-0.769719
-0.384860
-3.463736
-6.831258
-9.236630
-10.294994
-5.965324
-8.082051
-12.411722
-12.892796
-11.449573
-8.563126
-2.597802
1.731868
8.659341
8.659341
5.099389
0.288645
0.769719
0.769719
1.347009
6.446398
11.738217
9.140415
7.119902
5.869109
3.463736
4.522100
1.635653
8.563126
11.353358
9.044200
5.676679
4.906960
5.676679
5.484249
6.157753
9.813919
9.525275
3.656166
0.288645
2.597802
6.061538
9.621490
14.720879
19.627839
17.799756
12.989011
10.198779
7.793407
6.542613
5.388034
5.869109
7.408547
9.813919
10.872283
10.968498
9.044200
8.947985
7.600977
7.408547
6.542613
2.982662
2.212943
0.962149
1.924298
3.944811
2.116728
2.790232
3.463736
3.271306
4.233455
6.350183
5.388034
5.772894
7.408547
10.391209
12.123077
14.432234
12.123077
9.332845
2.886447
-2.020513
-4.714530
-4.810745
-4.810745
-2.116728
1.635653
4.329670
4.425885
4.137241
2.982662
-0.288645
2.694017
4.233455
4.233455
5.003175
4.906960
2.694017
0.865934
1.828083
1.250794
3.175092
4.810745
2.886447
2.405372
1.828083
-0.096215
-0.192430
-0.288645
-0.673504
0.288645
2.212943
4.906960
2.405372
0.000000
-4.522100
-7.793407
-8.178266
-7.793407
-7.408547
-8.851770
-9.429060
-8.178266
-8.851770
-7.408547
-6.542613
-4.618315
-5.003175
-4.810745
-6.638828
-9.044200
-10.006349
-10.391209
-17.030037
-5.195604
-3.656166
-2.501587
-4.233455
-2.597802
-4.137241
-5.869109
-7.889621
-9.044200
-9.236630
-8.563126
-7.119902
-3.944811
-4.618315
-7.408547
-5.580464
-4.810745
-3.078877
-4.714530
2.309158
2.790232
3.848596
0.865934
0.000000
2.790232
6.350183
9.332845
11.642002
13.277656
11.738217
8.563126
6.061538
2.020513
-1.731868
-4.137241
-6.446398
-4.714530
-4.041026
-4.041026
-4.137241
-10.006349
-9.332845
-7.216117
-2.982662
-2.309158
-0.673504
-0.673504
0.481074
-0.192430
0.481074
0.962149
2.597802
3.367521
3.944811
4.618315
5.484249
5.291819
1.539438
0.192430
-1.250794
-2.116728
-3.848596
-4.810745
-5.388034
-4.425885
-6.157753
-2.309158
-1.347009
-0.481074
0.577289
2.982662
7.312332
9.429060
7.600977
5.388034
5.099389
6.638828
5.676679
6.927473
5.291819
6.735043
6.542613
4.714530
3.752381
2.212943
-0.384860
-0.769719
-1.250794
0.000000
0.000000
0.096215
-3.175092
-4.906960
-4.714530
-5.965324
-8.563126
-9.910134
-10.006349
-11.449573
-13.951160
-14.143590
-14.336020
-12.796581
-11.353358
-12.604151
-12.315507
-13.566300
-12.604151
-12.026862
-13.181441
-12.026862
-9.621490
-8.370696
-5.003175
-5.388034
-4.522100
-6.735043
-6.542613
-5.965324
-4.329670
-1.347009
-0.962149
0.769719
2.309158
4.233455
7.023687
8.370696
7.312332
7.119902
5.869109
9.236630
8.178266
8.563126
9.717705
9.813919
5.484249
4.810745
2.405372
-1.347009
-1.443223
-1.828083
-0.288645
-1.347009
-1.828083
-1.250794
-0.865934
-2.405372
-1.058364
5.676679
10.872283
14.336020
13.854945
13.758730
14.432234
14.624664
12.123077
9.910134
7.889621
6.350183
6.542613
4.714530
5.291819
5.772894
6.638828
5.772894
4.810745
0.577289
-13.470085
-6.831258
-6.446398
-5.195604
-4.233455
-4.137241
-2.886447
-2.501587
0.000000
-0.192430
0.096215
0.288645
0.769719
-1.250794
-2.886447
-0.962149
2.501587
3.848596
6.831258
5.388034
6.831258
7.408547
7.985836
5.965324
5.676679
7.216117
6.061538
4.714530
3.367521
2.790232
6.350183
9.813919
8.659341
5.291819
0.000000
-6.157753
-8.466911
-8.563126
-4.233455
0.577289
4.714530
5.099389
-0.096215
-4.041026
-5.772894
-4.522100
-5.291819
-6.157753
-5.580464
-7.985836
-8.659341
-10.102564
-5.965324
-2.309158
-1.443223
-1.443223
-3.175092
-5.772894
-10.487424
-10.294994
-3.656166
3.944811
9.717705
11.930647
11.642002
9.813919
-0.288645
6.735043
8.563126
14.143590
17.799756
13.277656
8.851770
1.828083
-2.020513
-1.250794
4.522100
9.332845
11.064713
7.600977
3.367521
0.577289
-1.347009
-0.481074
3.656166
9.525275
10.776068
7.600977
0.962149
0.384860
-1.154579
0.192430
4.522100
5.965324
5.484249
6.927473
3.175092
4.041026
2.597802
4.810745
5.099389
5.869109
2.405372
-0.673504
-4.137241
-6.253968
-4.522100
-3.656166
-5.484249
-5.676679
-7.119902
-8.466911
-8.082051
