3.858364
0.385836
1.543346
5.208791
5.498168
9.549451
11.960928
14.468864
14.179487
12.153846
10.031746
9.163614
6.655678
7.427350
10.996337
14.951160
17.652015
17.844933
17.169719
16.880342
15.819292
7.813187
6.848596
8.006105
8.777778
13.214896
16.012210
17.652015
20.063492
21.703297
20.063492
17.459096
13.118437
14.565324
10.417582
9.549451
8.006105
7.523810
8.970696
9.549451
10.610501
9.645910
9.742369
9.067155
10.128205
8.006105
5.401709
2.507937
-1.736264
-3.665446
0.000000
-2.604396
0.578755
2.411477
1.157509
-1.157509
1.350427
9.260073
8.584860
6.945055
3.472527
0.385836
0.000000
-1.736264
-2.700855
-3.376068
0.385836
0.385836
2.411477
7.330891
8.970696
8.006105
8.970696
5.594628
2.218559
-3.761905
-5.015873
-2.700855
-3.954823
-2.893773
5.305250
8.681319
5.305250
5.015873
5.594628
3.954823
-0.385836
-2.990232
-2.315018
-1.253968
-3.376068
-1.929182
1.446886
-1.446886
1.253968
3.665446
5.305250
5.691087
7.716728
5.980464
3.183150
2.990232
3.472527
3.376068
4.244200
6.559219
8.584860
6.559219
3.665446
2.990232
1.832723
-1.350427
-6.269841
-4.919414
-2.122100
-1.929182
-2.411477
-3.376068
-5.594628
-5.980464
-4.919414
-0.675214
1.832723
4.919414
2.507937
1.929182
2.218559
-0.192918
1.253968
0.868132
3.376068
3.472527
5.305250
4.340659
1.736264
-4.822955
-8.006105
-3.376068
-2.507937
0.771673
0.675214
-0.289377
0.675214
-2.604396
-6.462759
-10.996337
-10.417582
-10.514042
-9.645910
-9.935287
-9.645910
-8.199023
-9.260073
-9.645910
-7.427350
-6.655678
-3.954823
3.279609
4.533578
5.594628
5.691087
5.208791
4.147741
1.253968
0.385836
-0.675214
-2.797314
-4.147741
-2.315018
-1.639805
-2.315018
-0.964591
0.868132
4.630037
0.964591
-1.736264
-3.568987
-7.523810
-9.067155
-8.874237
-8.970696
-7.330891
-7.234432
-3.665446
-4.051282
-4.051282
-3.376068
-1.543346
-1.253968
-1.929182
1.350427
1.832723
1.446886
4.340659
5.594628
4.437118
5.594628
7.620269
3.954823
4.533578
6.655678
6.848596
2.990232
3.954823
7.620269
5.208791
0.964591
2.025641
3.183150
1.832723
1.543346
1.061050
-0.096459
-0.578755
-0.771673
1.446886
-0.578755
-1.061050
-0.675214
0.964591
-1.350427
-1.543346
1.157509
2.797314
1.929182
-0.771673
2.025641
3.279609
1.832723
-1.736264
0.868132
0.771673
1.543346
1.929182
1.543346
3.376068
-2.122100
-5.305250
-0.675214
0.192918
1.061050
1.736264
4.630037
5.305250
1.446886
0.771673
1.350427
0.675214
-2.893773
-0.675214
0.000000
-1.639805
-3.472527
-3.761905
-3.665446
-3.472527
0.000000
0.385836
1.061050
0.675214
0.289377
-1.446886
-2.218559
-0.771673
-1.446886
-2.218559
-4.147741
-2.604396
-1.253968
-1.446886
-2.411477
-3.279609
-0.868132
0.385836
1.253968
2.122100
1.929182
0.096459
0.000000
0.675214
-1.446886
0.385836
-0.289377
0.192918
-1.350427
0.289377
-1.929182
-2.604396
-1.832723
-3.376068
-5.015873
-2.025641
-2.604396
0.771673
0.000000
2.122100
3.761905
1.253968
0.192918
-0.482295
0.289377
-2.990232
-4.244200
-2.604396
-1.446886
-3.376068
-2.411477
-3.376068
-6.173382
-5.015873
-3.472527
-1.639805
-3.472527
-4.437118
-3.954823
-2.990232
-4.244200
-5.015873
-5.208791
-5.594628
-4.630037
-4.630037
-5.691087
-4.630037
-5.401709
-7.813187
-7.716728
-7.137973
-6.752137
-5.594628
-6.269841
-2.315018
-0.482295
0.096459
0.289377
-2.218559
-1.543346
-1.061050
-0.385836
0.289377
0.096459
-1.253968
-1.253968
-2.315018
-5.787546
-5.015873
-3.858364
-3.086691
-3.568987
-2.700855
-2.411477
-2.411477
-3.279609
-2.411477
-2.700855
-2.797314
-1.350427
-0.868132
0.289377
0.868132
0.385836
0.096459
0.289377
-5.691087
-5.594628
-6.269841
-7.620269
-7.137973
-8.681319
-7.716728
-8.584860
-9.163614
-7.137973
-5.691087
-5.208791
-5.787546
-9.452991
-8.006105
-11.382173
-14.083028
-15.529915
-15.915751
-16.205128
-14.275946
-14.275946
-11.864469
-10.706960
-4.919414
-5.401709
-3.665446
-3.183150
-4.147741
-2.507937
-2.990232
-1.736264
-2.411477
-2.700855
-3.472527
-2.122100
0.385836
-1.543346
-0.482295
-9.356532
-9.452991
-9.452991
-9.549451
-14.083028
-13.021978
-15.819292
-16.301587
-15.144078
-14.854701
-17.169719
-17.555556
-15.433455
-14.661783
-15.626374
-14.565324
-11.478632
-7.041514
-6.269841
-1.832723
-1.446886
0.964591
4.919414
2.218559
2.797314
4.822955
8.295482
5.112332
4.919414
3.568987
3.954823
4.437118
2.797314
1.639805
0.771673
-1.253968
-2.893773
0.771673
2.025641
2.315018
5.401709
7.137973
5.594628
4.340659
2.797314
3.086691
4.244200
6.752137
10.899878
12.732601
11.768010
10.899878
11.575092
12.829060
11.285714
12.153846
12.925519
10.417582
7.716728
8.391941
9.549451
6.269841
2.122100
-0.771673
-5.498168
-7.523810
-8.777778
-8.295482
-9.260073
-8.295482
-8.488400
-5.305250
-2.893773
-2.700855
-1.157509
-1.543346
-1.832723
-0.289377
0.096459
1.253968
1.929182
3.376068
7.716728
8.681319
6.076923
5.884005
6.655678
3.086691
5.691087
10.321123
10.899878
10.224664
11.768010
14.565324
12.925519
13.407814
14.758242
13.986569
11.478632
7.813187
8.681319
7.234432
9.452991
10.610501
12.250305
13.311355
14.083028
13.986569
9.838828
6.655678
5.980464
4.147741
3.376068
5.401709
7.137973
8.488400
7.813187
5.208791
3.086691
3.954823
3.858364
4.822955
4.051282
6.366300
7.234432
9.838828
10.706960
11.575092
14.372405
13.793651
13.311355
14.661783
11.960928
10.128205
8.777778
8.584860
9.356532
5.691087
6.076923
8.199023
8.488400
11.768010
10.321123
11.768010
10.417582
4.340659
1.157509
-1.061050
-4.340659
-5.401709
-2.218559
-0.192918
-0.771673
-0.192918
0.578755
0.385836
0.868132
-1.253968
-2.893773
-5.208791
-7.137973
-7.523810
-8.970696
-6.269841
-5.691087
-4.051282
-1.832723
-1.157509
4.051282
4.437118
3.761905
7.716728
7.813187
5.884005
5.305250
6.269841
6.655678
7.427350
10.706960
8.874237
11.864469
9.452991
5.787546
7.137973
5.208791
1.253968
0.385836
0.964591
0.771673
1.350427
4.340659
-0.096459
0.385836
-1.446886
0.385836
-3.376068
-0.675214
0.385836
1.639805
3.858364
8.488400
5.498168
8.391941
12.346764
10.417582
8.777778
3.279609
4.822955
8.584860
7.716728
8.295482
6.462759
6.462759
2.893773
-1.446886
-3.954823
-3.761905
-6.462759
-6.752137
-7.041514
-10.899878
-12.443223
-12.443223
-7.427350
-5.980464
-3.183150
-3.472527
-7.620269
-9.838828
-12.636142
-11.671551
-14.083028
-15.240537
-12.925519
-7.909646
-6.655678
-4.630037
-2.507937
0.385836
1.832723
5.691087
3.376068
0.964591
0.192918
-0.482295
-5.980464
-7.909646
-8.584860
-10.417582
-10.610501
-11.575092
-8.488400
-9.452991
-8.584860
-5.112332
-1.639805
-2.507937
-0.096459
3.279609
4.147741
-0.096459
-1.061050
-4.147741
-8.874237
-11.382173
-9.549451
-5.594628
-6.076923
-3.761905
-6.366300
-6.752137
-8.391941
-9.356532
-9.452991
-9.163614
-6.462759
-7.427350
-4.919414
-8.199023
-3.183150
-3.472527
-3.568987
-0.868132
0.578755
-0.578755
2.025641
1.061050
-0.096459
-3.376068
-6.848596
-6.752137
-6.848596
-4.437118
-2.893773
2.507937
0.385836
1.061050
-0.868132
-2.700855
-3.665446
-1.832723
-1.350427
-0.385836
-1.543346
2.315018
2.604396
-0.868132
-2.122100
-3.665446
-5.691087
-4.726496
-5.208791
-3.376068
0.096459
0.096459
-5.015873
-4.051282
-4.437118
-4.051282
-4.630037
-5.208791
-7.620269
-7.909646
-6.269841
-3.376068
-0.289377
0.771673
0.000000
-0.096459
0.964591
-0.096459
2.315018
0.385836
-0.771673
0.289377
4.051282
2.990232
1.253968
3.086691
6.076923
4.630037
7.234432
3.761905
1.929182
-2.507937
-1.350427
-6.173382
-6.752137
-3.279609
-2.315018
-3.472527
-3.183150
-1.543346
2.315018
1.350427
1.350427
1.157509
5.980464
4.822955
3.086691
1.350427
-1.543346
-3.761905
-2.990232
-4.919414
-4.147741
-3.665446
-2.797314
-5.884005
-4.051282
-8.777778
-7.330891
-6.945055
-8.970696
-11.189255
-7.909646
-10.321123
-12.829060
-10.706960
-10.031746
-13.890110
-11.575092
-4.630037
-4.244200
-9.838828
-3.858364
2.122100
1.736264
-0.096459
1.736264
5.691087
4.919414
4.051282
3.568987
3.376068
4.822955
2.411477
0.675214
0.868132
-1.350427
-0.289377
-3.376068
-3.761905
0.096459
5.594628
1.736264
1.446886
0.385836
0.289377
-2.990232
-4.340659
-2.315018
-4.340659
-0.771673
-4.147741
-4.244200
-5.208791
-3.472527
-3.279609
-3.761905
-1.929182
-0.578755
2.700855
4.726496
3.954823
5.787546
6.076923
6.559219
3.761905
5.787546
3.665446
6.655678
6.752137
7.620269
4.533578
4.919414
4.533578
3.376068
1.157509
-0.385836
-2.411477
-1.446886
-3.665446
-1.350427
-1.543346
-0.578755
-1.446886
-1.929182
-4.244200
-4.437118
-4.437118
-2.315018
0.385836
0.385836
0.675214
-1.832723
-6.848596
-4.919414
-5.112332
-2.893773
-0.675214
0.000000
0.675214
0.192918
1.639805
2.797314
2.700855
2.507937
3.954823
5.691087
2.218559
0.000000
-0.675214
-1.446886
-1.157509
1.061050
-1.446886
-0.868132
-3.376068
0.096459
0.385836
1.061050
-1.736264
-0.578755
1.639805
3.376068
6.173382
9.260073
9.260073
9.935287
10.224664
7.330891
8.584860
8.681319
8.874237
11.478632
10.514042
8.777778
10.996337
9.549451
8.199023
9.838828
9.067155
9.742369
9.838828
5.208791
9.935287
9.452991
12.153846
8.006105
8.874237
5.594628
3.376068
1.736264
3.279609
0.578755
-2.122100
-3.665446
0.289377
0.192918
2.507937
0.192918
2.411477
6.462759
4.822955
5.980464
4.244200
5.884005
4.051282
-1.543346
-3.086691
-4.533578
-8.006105
-8.006105
-7.523810
-8.295482
-8.584860
-4.630037
-5.884005
-2.122100
-0.482295
-2.507937
-1.736264
0.771673
2.025641
2.700855
0.964591
-0.771673
-0.096459
-0.578755
-4.244200
-5.401709
-7.523810
-7.813187
-5.594628
-6.848596
-4.726496
-4.437118
-3.761905
-2.025641
-2.507937
-1.157509
-3.376068
-6.366300
-7.137973
-5.884005
-8.970696
-9.067155
-8.874237
-7.523810
-10.514042
-10.803419
-10.514042
-9.452991
-4.630037
-2.700855
1.543346
4.630037
7.909646
10.128205
12.153846
15.240537
15.240537
13.021978
12.925519
10.031746
8.006105
9.452991
7.234432
7.716728
7.716728
8.102564
9.935287
11.189255
8.777778
10.128205
10.899878
9.067155
7.813187
9.452991
5.980464
6.752137
6.076923
5.884005
5.980464
5.401709
3.376068
7.041514
3.568987
0.675214
-1.929182
-1.350427
-2.700855
2.025641
3.858364
-0.096459
-2.604396
-0.675214
-2.315018
-3.858364
-6.462759
-2.990232
-5.112332
-7.427350
-4.533578
-0.482295
0.868132
5.112332
4.147741
3.472527
5.787546
7.909646
5.884005
5.594628
8.199023
7.041514
11.285714
11.285714
8.488400
8.391941
9.838828
7.137973
9.163614
9.067155
5.980464
4.630037
4.340659
4.437118
4.437118
5.401709
4.244200
2.507937
0.675214
2.218559
0.578755
2.122100
1.832723
0.578755
5.401709
11.768010
13.793651
10.899878
5.594628
1.832723
-0.675214
-0.385836
-2.797314
-4.822955
-2.797314
-3.761905
-4.437118
-2.797314
-0.289377
2.315018
5.787546
6.655678
8.970696
10.996337
12.250305
12.732601
10.224664
8.874237
7.330891
10.128205
9.935287
10.417582
8.970696
9.549451
8.006105
7.234432
9.260073
8.006105
11.285714
10.899878
9.645910
4.533578
-1.061050
-2.122100
-5.401709
-10.224664
-9.935287
-8.584860
-9.742369
-6.173382
-3.761905
-0.675214
-0.385836
2.025641
3.761905
5.787546
4.726496
4.630037
5.498168
8.488400
6.269841
3.086691
4.630037
5.015873
2.990232
2.218559
1.350427
-2.025641
-1.061050
-0.192918
0.385836
0.771673
1.832723
4.147741
3.568987
0.385836
-3.472527
-7.137973
-8.874237
-5.015873
-4.244200
-2.893773
-0.964591
2.025641
1.350427
6.173382
4.437118
4.630037
5.884005
7.620269
6.945055
3.665446
1.350427
0.385836
-0.192918
-4.051282
-5.305250
-6.559219
-8.006105
-6.848596
-4.051282
-0.675214
-1.061050
-1.157509
-1.253968
-3.279609
-1.543346
-2.507937
-1.253968
-1.253968
-2.990232
-4.533578
-5.305250
-5.884005
-2.700855
-3.086691
0.096459
-2.218559
-3.858364
-8.295482
-10.996337
-10.610501
-7.620269
-4.051282
0.771673
-0.289377
-1.350427
-1.929182
-1.061050
0.868132
0.385836
6.366300
9.163614
11.671551
10.610501
9.645910
6.366300
1.929182
1.061050
1.736264
1.350427
1.157509
0.289377
-0.289377
-0.289377
0.289377
0.868132
1.446886
-0.385836
0.096459
1.061050
3.086691
2.411477
8.102564
5.884005
3.183150
-1.543346
-1.543346
-7.137973
-4.533578
-3.183150
-0.192918
-0.289377
-0.675214
-0.289377
0.192918
0.096459
-3.279609
-3.183150
-1.061050
-0.096459
-1.832723
0.771673
2.025641
6.559219
4.340659
0.385836
-1.350427
-0.675214
0.096459
-0.578755
-6.269841
-6.366300
-7.330891
-5.305250
-2.797314
-4.919414
-7.909646
-4.630037
-1.929182
-1.543346
4.340659
4.340659
2.604396
2.604396
4.244200
3.086691
5.015873
3.183150
0.000000
-4.726496
-5.691087
-5.015873
-4.437118
-2.893773
-0.964591
-2.507937
-1.929182
-2.218559
-2.797314
-4.147741
-2.990232
0.385836
1.157509
-1.736264
-0.771673
-2.218559
-2.411477
-2.025641
-1.832723
2.122100
2.218559
4.340659
3.472527
5.594628
4.051282
7.137973
6.173382
7.523810
6.655678
7.523810
7.523810
5.980464
1.253968
-0.771673
-1.446886
-2.122100
-5.980464
-7.427350
-4.051282
-5.305250
-1.832723
2.315018
6.655678
8.295482
8.488400
15.915751
13.890110
14.758242
14.179487
15.722833
12.732601
9.549451
8.006105
3.472527
8.970696
12.346764
12.153846
13.890110
11.864469
14.083028
13.793651
15.433455
14.854701
15.336996
15.819292
16.205128
15.529915
13.214896
13.407814
18.230769
19.967033
17.941392
17.844933
17.266178
15.240537
15.819292
16.976801
13.697192
9.935287
5.594628
3.761905
-5.305250
-9.452991
-8.006105
-6.848596
-3.472527
-0.192918
0.385836
0.578755
0.385836
-2.507937
-2.604396
-0.675214
-2.990232
-3.183150
-5.015873
-3.279609
-4.437118
-5.980464
-8.681319
-13.986569
-13.504274
-13.793651
-13.600733
-13.890110
-8.006105
-5.884005
-6.848596
-11.864469
-11.092796
-10.321123
-7.041514
-6.269841
-2.218559
-3.858364
-9.356532
-8.488400
-9.163614
-15.336996
-17.266178
-14.758242
-10.610501
-11.960928
-11.189255
-9.163614
-11.960928
-10.899878
-5.884005
-2.025641
-0.482295
-2.893773
-0.964591
-1.157509
-0.096459
-1.639805
-3.858364
-3.279609
1.350427
0.771673
1.253968
1.832723
0.578755
-0.771673
-0.192918
1.350427
3.376068
3.954823
7.716728
11.478632
8.102564
9.356532
10.899878
9.838828
7.813187
2.122100
3.568987
8.970696
9.838828
9.067155
8.970696
8.006105
7.909646
4.437118
7.137973
7.909646
4.822955
3.665446
1.736264
6.173382
6.655678
1.157509
-1.350427
-35.689866
-40.126984
-42.634921
-44.949939
-43.985348
-42.249084
-42.731380
-41.188034
-40.609280
-37.040293
-34.725275
-35.689866
-33.471306
-33.278388
-34.146520
-29.998779
-27.394383
-25.561661
-20.449328
-19.388278
-14.565324
-11.768010
-9.163614
-12.250305
-14.083028
-12.250305
-8.199023
-4.051282
-4.726496
-5.015873
-3.761905
-2.797314
-3.665446
-6.462759
-3.858364
-1.832723
-1.446886
2.411477
5.594628
9.356532
4.726496
3.472527
7.620269
8.006105
6.655678
5.498168
3.183150
6.269841
4.919414
7.620269
8.006105
7.813187
9.645910
10.706960
7.716728
7.137973
8.584860
11.960928
11.864469
14.275946
12.057387
16.494505
19.774115
19.967033
15.433455
18.616606
22.378510
22.282051
22.571429
24.693529
22.860806
21.510379
19.002442
21.799756
21.317460
18.423687
18.616606
17.748474
16.976801
14.372405
12.153846
11.382173
13.214896
14.372405
13.118437
15.722833
16.687424
15.047619
14.951160
16.398046
12.443223
15.819292
16.398046
15.433455
13.986569
11.960928
9.549451
9.549451
9.549451
7.620269
4.919414
3.761905
7.909646
9.549451
10.031746
13.600733
14.372405
14.661783
12.829060
11.189255
9.549451
10.899878
12.829060
12.250305
16.205128
12.732601
11.382173
13.600733
8.970696
6.655678
9.163614
7.909646
7.909646
7.620269
6.366300
7.234432
9.163614
11.092796
13.118437
10.610501
11.189255
14.565324
14.661783
10.706960
7.813187
9.742369
13.793651
12.829060
9.260073
4.919414
4.147741
7.234432
8.391941
9.452991
10.899878
8.102564
6.076923
7.620269
12.636142
15.144078
15.240537
16.301587
15.819292
11.671551
7.716728
3.376068
0.964591
2.122100
4.822955
5.112332
4.437118
4.147741
7.234432
9.452991
7.813187
4.822955
0.096459
0.868132
0.675214
-0.675214
-3.761905
-5.594628
-2.218559
0.385836
2.700855
4.244200
2.990232
2.797314
3.858364
3.376068
5.112332
2.893773
-0.675214
-3.279609
-6.655678
-6.848596
-7.427350
-6.269841
-6.655678
-6.076923
-4.437118
-6.173382
-7.716728
-8.199023
-11.478632
-14.565324
-15.722833
-10.224664
-6.559219
-3.279609
-3.376068
-3.761905
-3.183150
-3.954823
-6.945055
-7.716728
-8.777778
-8.199023
-8.006105
-3.954823
-5.691087
-7.330891
-6.559219
-9.356532
-11.285714
-13.407814
-11.382173
-11.092796
-11.478632
-11.671551
-6.655678
-5.015873
-2.507937
-0.192918
-0.482295
-0.868132
-0.578755
-4.919414
-6.945055
-7.813187
-8.874237
-10.706960
-11.382173
-7.620269
-5.305250
-1.832723
-1.639805
-5.594628
-6.462759
-3.665446
-0.578755
-1.736264
-3.472527
-3.472527
-3.472527
-1.543346
-2.700855
-2.411477
-0.578755
1.543346
1.832723
2.797314
3.761905
2.218559
2.604396
-2.507937
-8.199023
-11.575092
-12.057387
-13.600733
-10.514042
-7.041514
-3.279609
-4.533578
-6.076923
-2.411477
-2.218559
-2.507937
-3.472527
-3.472527
-4.147741
-3.568987
-4.147741
-4.051282
-6.752137
-7.137973
-5.787546
-5.594628
-4.630037
-3.858364
-2.218559
-2.218559
0.771673
2.122100
3.568987
2.700855
-1.350427
-1.832723
-2.604396
-5.884005
-7.041514
-7.909646
-5.980464
-6.269841
-6.366300
-4.533578
-3.376068
-2.893773
-3.086691
-3.568987
-1.736264
-2.411477
-3.086691
-2.025641
0.385836
-1.350427
-1.446886
-3.472527
-4.822955
-6.559219
-8.970696
-7.041514
-6.076923
-4.051282
-1.832723
-2.990232
-5.015873
-5.980464
-5.498168
-8.970696
-8.391941
-7.427350
-8.970696
-5.208791
-2.700855
-0.385836
-5.305250
-4.919414
-3.472527
-3.761905
-3.183150
-1.350427
-5.498168
-1.350427
-0.289377
-1.736264
-2.700855
0.289377
-1.639805
-1.446886
-0.096459
-0.289377
-5.401709
-0.578755
0.385836
2.122100
2.990232
2.797314
1.543346
2.315018
0.385836
-0.868132
-2.218559
-1.639805
1.543346
4.051282
5.498168
5.305250
2.315018
2.411477
3.472527
1.929182
1.832723
1.061050
2.315018
6.559219
3.761905
3.665446
3.954823
5.305250
3.376068
4.630037
8.391941
6.945055
7.330891
8.199023
6.366300
5.208791
5.980464
5.305250
5.305250
3.568987
-2.893773
-4.244200
1.736264
3.568987
-4.051282
-7.234432
-3.954823
-1.543346
-2.411477
0.868132
2.990232
1.061050
-1.639805
-3.858364
-2.507937
-1.929182
0.000000
0.385836
0.385836
1.157509
2.315018
0.385836
-0.192918
0.000000
0.385836
2.604396
5.208791
3.665446
4.340659
4.533578
3.954823
-0.289377
1.446886
0.289377
1.639805
1.157509
-1.446886
-0.578755
-0.096459
0.385836
-0.385836
-2.507937
-3.376068
-4.051282
-7.620269
-8.874237
-9.549451
-8.391941
-4.533578
-2.893773
0.385836
-1.350427
0.385836
0.385836
-2.411477
-2.604396
0.096459
3.472527
2.893773
6.173382
4.822955
2.604396
4.244200
3.376068
2.507937
2.315018
0.578755
1.350427
5.015873
4.533578
6.559219
7.523810
7.716728
8.874237
8.391941
2.122100
1.350427
2.507937
0.385836
0.000000
-0.289377
-0.868132
-0.578755
-2.604396
-3.761905
-2.604396
-5.691087
-7.909646
-8.102564
-8.777778
-9.935287
-7.620269
-5.884005
-4.630037
-2.315018
1.253968
1.639805
4.340659
5.594628
3.568987
1.061050
0.385836
0.192918
-0.289377
-1.639805
-3.858364
-4.244200
-6.462759
-6.559219
-2.025641
0.385836
1.157509
-1.157509
-1.832723
-1.929182
-1.446886
-1.157509
-1.446886
-5.112332
-5.498168
-6.462759
-8.584860
-9.356532
-10.321123
-9.260073
-6.269841
-4.533578
-4.437118
-2.122100
-1.736264
-2.604396
-4.051282
-4.919414
-2.797314
-1.350427
-5.401709
-4.726496
-5.884005
-8.295482
-10.224664
-8.874237
-9.163614
-8.199023
-8.391941
-8.777778
-9.645910
-8.584860
-8.874237
-11.960928
-11.189255
-10.321123
-7.330891
-7.813187
-8.874237
-7.137973
-7.427350
-7.716728
-5.401709
-4.533578
-3.376068
-4.437118
-2.025641
0.385836
-0.192918
2.604396
5.787546
5.980464
6.462759
6.076923
5.498168
6.752137
5.305250
3.472527
2.507937
1.639805
0.771673
2.797314
5.691087
1.736264
-0.289377
2.507937
3.954823
1.446886
0.771673
1.832723
-0.578755
2.122100
2.893773
4.726496
