0.433455
5.201465
10.489621
13.263736
14.824176
15.517705
14.390720
11.529915
8.842491
4.334554
1.993895
0.086691
-0.953602
-2.080586
-1.820513
-2.080586
1.733822
3.727717
4.768010
7.282051
8.409035
8.322344
7.195360
2.080586
-0.433455
-1.213675
-3.987790
-3.901099
-3.814408
-3.814408
-0.780220
0.520147
2.340659
4.161172
2.687424
2.427350
1.820513
-2.167277
-2.774115
-3.641026
-5.721612
-7.888889
-9.189255
-11.269841
-11.096459
-10.576313
-7.975580
-7.455433
-6.241758
-5.981685
-6.588523
-8.148962
-8.842491
-7.195360
-3.467643
-3.467643
-4.854701
-4.074481
-4.334554
-1.473748
1.907204
2.340659
3.554335
4.334554
6.761905
5.894994
4.854701
3.987790
2.167277
-0.086691
-0.693529
-3.034188
-1.040293
-0.866911
2.860806
6.328449
7.021978
11.096459
12.570208
10.663004
10.056166
7.628816
5.548230
5.288156
5.288156
5.201465
5.028083
3.901099
3.641026
4.854701
5.548230
5.201465
5.374847
4.941392
5.981685
5.894994
7.888889
7.108669
4.768010
4.507937
4.334554
3.120879
2.947497
4.334554
5.894994
4.161172
4.161172
2.340659
2.427350
3.554335
0.086691
-1.387057
-2.774115
-1.213675
-1.907204
-0.866911
1.300366
1.126984
0.606838
-0.433455
-1.647131
-3.554335
-4.507937
-5.028083
-5.461538
-6.761905
-4.681319
-5.374847
-5.721612
-2.947497
-2.687424
-4.161172
-5.981685
-8.322344
-8.929182
-9.102564
-9.275946
-9.622711
-8.929182
-6.848596
-3.207570
-1.213675
-0.086691
3.207570
2.253968
2.253968
2.687424
1.473748
1.300366
-0.693529
-1.993895
0.346764
-0.520147
0.780220
1.560440
-0.260073
1.473748
0.606838
0.693529
0.606838
-1.820513
-1.907204
-2.860806
-3.554335
-4.421245
-5.894994
-1.907204
-1.387057
-1.126984
0.780220
2.340659
5.288156
5.201465
3.901099
2.427350
0.086691
0.173382
-0.953602
0.433455
0.866911
2.253968
2.253968
1.126984
1.213675
4.247863
8.409035
5.981685
4.074481
2.514042
0.260073
-2.600733
-4.681319
-5.028083
-3.901099
-3.727717
-1.387057
1.820513
1.733822
5.288156
5.894994
5.288156
1.733822
-1.993895
-5.981685
-7.975580
-9.882784
-8.235653
-7.195360
-5.374847
-3.901099
-3.727717
-3.380952
-3.554335
-1.387057
0.433455
-0.173382
-2.514042
-3.987790
-4.768010
-5.981685
-4.161172
-4.681319
-4.941392
-2.600733
-4.161172
-3.467643
-4.334554
-6.241758
-4.421245
-4.507937
-6.241758
-5.201465
-7.108669
-8.929182
-8.062271
-8.495726
-8.929182
-6.155067
-4.421245
-2.687424
-1.387057
-0.520147
-0.346764
-1.300366
-0.866911
-0.606838
-0.433455
0.693529
0.693529
0.693529
1.907204
1.733822
3.120879
2.253968
3.380952
3.120879
3.294261
3.207570
1.560440
0.780220
0.173382
0.693529
0.780220
1.560440
1.213675
2.687424
1.473748
2.774115
2.947497
4.334554
5.461538
6.675214
6.588523
6.068376
5.288156
2.687424
3.901099
3.294261
5.288156
5.808303
7.021978
8.409035
10.663004
11.269841
12.223443
12.310134
10.402930
8.235653
5.374847
4.074481
3.987790
4.854701
4.334554
4.854701
6.241758
6.761905
8.929182
9.362637
8.322344
9.449328
8.929182
5.374847
3.120879
1.560440
1.300366
-2.514042
-4.768010
-2.253968
-1.387057
-1.213675
-3.380952
-2.600733
-2.774115
0.606838
0.953602
2.340659
-0.086691
-2.253968
-3.641026
-3.380952
-5.721612
-4.074481
-3.554335
-3.727717
-0.346764
2.600733
5.028083
10.576313
11.616606
9.102564
7.021978
1.473748
-1.733822
-3.727717
-5.114774
-6.935287
-5.721612
-4.594628
-1.820513
-0.520147
1.907204
7.282051
12.136752
12.310134
11.876679
11.009768
9.536020
5.548230
2.340659
0.433455
-0.780220
-0.520147
-0.520147
0.866911
2.427350
0.606838
-0.260073
1.993895
3.380952
3.034188
-0.520147
-4.247863
-7.542125
-8.495726
-7.282051
-3.641026
-0.606838
4.854701
6.935287
8.842491
8.148962
7.195360
5.634921
3.901099
0.780220
-3.207570
-4.421245
-4.941392
-4.507937
-5.114774
-3.554335
0.173382
0.260073
4.247863
6.588523
7.108669
8.929182
7.021978
5.634921
-0.433455
-5.374847
-8.148962
-11.009768
-11.356532
-13.003663
-8.148962
-5.634921
-2.687424
-0.346764
4.161172
2.427350
-1.647131
-5.721612
-9.536020
-10.749695
-11.616606
-11.096459
-11.096459
-11.096459
-8.582418
-4.074481
-1.387057
0.346764
0.780220
-1.387057
-3.641026
-4.768010
-5.461538
-7.021978
-7.021978
-7.282051
-7.888889
-5.808303
-6.935287
-4.854701
0.086691
0.086691
-0.433455
-1.733822
-0.086691
-2.427350
-7.628816
-12.483516
-12.223443
-11.789988
-10.663004
-7.888889
-8.495726
-4.161172
0.260073
1.473748
0.520147
-3.034188
-3.034188
-4.074481
-6.501832
-7.802198
-9.622711
-8.929182
-9.102564
-5.028083
-2.080586
2.253968
1.473748
-0.693529
0.606838
-1.647131
-2.774115
-5.114774
-8.669109
-9.969475
-7.802198
-5.634921
-5.548230
-3.987790
0.693529
4.594628
5.461538
4.421245
3.641026
-1.907204
-3.034188
-6.675214
-8.669109
-6.155067
-4.334554
-0.866911
0.346764
3.814408
9.015873
11.009768
12.656899
13.350427
13.697192
12.050061
10.576313
7.195360
4.421245
1.993895
2.427350
1.213675
1.040293
2.860806
2.514042
4.768010
8.842491
14.043956
16.124542
13.697192
10.142857
5.894994
2.600733
-3.554335
-4.941392
-4.681319
-0.780220
2.687424
6.068376
12.050061
14.390720
12.570208
12.483516
11.963370
9.189255
7.888889
5.634921
3.987790
2.514042
1.993895
2.774115
2.427350
2.600733
1.300366
2.947497
3.207570
4.247863
4.507937
5.461538
8.669109
8.322344
4.594628
-0.173382
-1.126984
-1.907204
-5.374847
-6.848596
-5.288156
-3.120879
3.641026
5.634921
7.368742
12.830281
14.477411
14.910867
13.697192
11.009768
8.409035
6.328449
4.247863
5.808303
4.247863
2.687424
4.074481
6.588523
7.108669
11.616606
13.523810
18.985348
20.719170
21.932845
18.725275
13.523810
7.021978
2.427350
-1.040293
0.000000
3.294261
7.195360
11.356532
14.737485
22.192918
27.741148
31.902320
30.775336
34.503053
34.936508
34.329670
33.202686
29.388278
28.694750
25.833944
21.152625
17.511600
14.650794
15.431013
16.557998
16.644689
18.898657
18.205128
16.991453
14.564103
13.003663
10.576313
7.282051
3.641026
0.346764
-4.507937
-6.415140
-7.021978
-9.882784
-7.975580
-10.923077
-14.217338
-16.731380
-20.112332
-21.326007
-22.539683
-26.354090
-28.434676
-31.035409
-34.503053
-34.329670
-33.029304
-32.422466
-31.815629
-29.735043
-28.608059
-26.787546
-23.840049
-23.233211
-25.140415
-26.267399
-28.261294
-32.075702
-29.648352
-29.648352
-26.960928
-24.446886
-22.106227
-23.146520
-23.233211
-22.973138
-18.465201
-13.783883
-12.050061
-11.789988
-14.824176
-17.338217
-21.152625
-23.059829
-22.106227
-21.239316
-17.424908
-16.037851
-13.957265
-13.003663
-9.362637
-5.288156
0.520147
5.288156
5.808303
5.114774
3.034188
1.647131
0.173382
-1.993895
-1.473748
0.173382
0.346764
2.080586
-1.213675
-4.247863
-4.334554
-5.808303
-7.715507
-8.582418
-10.749695
-12.916972
-13.090354
-12.050061
-12.830281
-12.483516
-10.663004
-10.142857
-8.929182
-7.888889
-7.195360
-7.715507
-8.062271
-8.582418
-7.542125
-9.189255
-9.449328
-10.489621
-10.576313
-9.275946
-8.409035
-2.687424
-3.641026
-2.774115
-0.780220
-0.433455
-0.520147
-5.461538
-7.108669
-7.368742
-7.368742
-7.021978
-6.761905
-6.415140
-5.288156
-2.427350
-0.173382
-0.693529
0.520147
3.467643
4.681319
5.634921
3.207570
1.993895
-0.953602
-2.427350
-5.461538
-5.288156
-5.981685
-6.935287
-4.768010
-3.207570
-1.387057
4.594628
10.663004
10.056166
9.969475
7.888889
6.588523
4.421245
3.294261
2.687424
1.126984
0.693529
0.866911
7.282051
10.316239
13.177045
15.517705
18.118437
18.725275
18.291819
19.332112
17.078144
12.830281
9.536020
4.507937
0.520147
-2.253968
-3.380952
-1.733822
1.993895
6.415140
12.136752
17.164835
18.205128
19.245421
17.251526
14.910867
10.663004
7.108669
3.641026
-1.647131
-2.947497
-4.247863
-4.854701
-0.953602
3.554335
5.548230
6.328449
6.415140
5.201465
7.888889
5.894994
4.247863
3.380952
0.693529
-0.346764
0.693529
1.733822
2.253968
3.987790
6.588523
7.282051
9.362637
8.322344
7.195360
7.108669
6.675214
7.975580
7.195360
4.594628
3.294261
1.907204
1.907204
2.947497
2.427350
4.507937
4.594628
6.501832
10.836386
11.876679
11.529915
11.183150
9.622711
6.155067
6.241758
5.548230
3.641026
3.207570
3.380952
4.594628
3.814408
3.554335
3.987790
5.201465
3.814408
1.126984
-0.173382
-1.473748
-4.334554
-3.207570
-5.028083
-7.282051
-6.935287
-7.802198
-8.235653
-5.808303
-5.374847
-5.721612
-5.721612
-5.808303
-5.028083
-6.588523
-6.501832
-6.241758
-4.334554
-4.681319
-4.161172
-6.155067
-4.334554
-4.161172
-1.993895
-0.173382
2.253968
3.034188
3.814408
2.774115
1.387057
0.346764
-2.947497
-5.634921
-4.161172
-3.380952
-3.467643
-2.600733
0.606838
3.207570
4.161172
4.074481
3.901099
2.253968
-1.560440
-5.461538
-8.755800
-11.876679
-12.136752
-9.882784
-10.576313
-9.969475
-9.536020
-8.842491
-2.600733
2.253968
5.201465
6.675214
7.021978
3.467643
1.213675
-2.947497
-5.288156
-6.935287
-5.721612
-6.588523
-3.814408
-4.421245
0.520147
1.040293
2.947497
5.548230
7.282051
5.028083
1.387057
-1.733822
-7.542125
-9.622711
-10.749695
-11.529915
-11.963370
-12.310134
-9.275946
-5.894994
-5.461538
-4.247863
-2.687424
-1.040293
-1.733822
-0.693529
-2.167277
-4.768010
-5.981685
-8.062271
-9.796093
-10.749695
-9.709402
-8.669109
-7.628816
-4.247863
-3.987790
-0.606838
0.433455
0.000000
0.780220
-3.901099
-4.421245
-3.294261
-5.201465
-5.894994
-6.415140
-5.634921
-4.334554
-3.554335
-3.207570
-4.681319
-6.155067
-4.854701
-4.507937
-3.120879
-5.634921
-6.935287
-6.328449
-6.155067
-3.814408
-2.774115
0.173382
0.000000
1.387057
2.167277
2.253968
1.213675
1.300366
-0.433455
-1.993895
-2.514042
-1.213675
-0.606838
-0.606838
0.173382
-0.260073
1.387057
1.300366
1.040293
2.687424
3.987790
4.334554
2.860806
1.560440
0.260073
1.213675
0.346764
0.953602
0.520147
1.126984
1.560440
4.768010
5.548230
4.594628
5.461538
4.247863
2.600733
2.080586
1.560440
1.126984
1.387057
1.387057
3.034188
4.074481
3.380952
6.675214
11.443223
11.789988
13.003663
10.663004
10.316239
9.969475
9.796093
7.975580
6.155067
3.814408
0.866911
-0.260073
-0.866911
-0.866911
-0.433455
0.780220
0.606838
0.953602
0.086691
1.126984
-0.346764
-0.606838
-1.820513
-3.380952
-4.421245
-6.761905
-7.282051
-7.888889
-5.981685
-3.814408
-0.433455
1.126984
0.866911
1.213675
4.247863
2.774115
2.687424
3.294261
1.300366
-1.213675
-2.080586
-4.768010
-6.068376
-5.808303
-5.114774
-5.201465
-1.387057
-0.693529
1.647131
-0.173382
2.253968
4.247863
2.600733
1.993895
0.260073
-2.774115
-4.594628
-6.328449
-7.021978
-9.189255
-8.235653
-7.802198
-7.195360
-6.935287
-8.235653
-8.148962
-6.415140
-8.495726
-7.542125
-8.148962
-9.102564
-7.195360
-7.888889
-9.102564
-6.501832
-5.894994
-5.114774
-7.455433
-8.582418
-7.802198
-7.975580
-9.536020
-7.282051
-8.062271
-8.755800
-7.888889
-6.588523
-7.455433
-7.195360
-8.148962
-5.114774
-4.594628
-1.473748
-3.380952
-1.126984
0.346764
-0.433455
0.346764
-0.433455
-1.907204
3.207570
3.294261
3.814408
5.981685
5.201465
4.941392
3.120879
3.120879
5.634921
3.207570
4.681319
3.641026
3.554335
2.600733
3.380952
-0.260073
2.253968
-0.606838
-1.993895
-2.340659
-3.554335
-5.634921
-5.808303
-5.201465
-7.628816
-3.727717
0.346764
-0.086691
-1.213675
-1.647131
-0.520147
1.560440
2.600733
0.520147
0.866911
-3.120879
-5.981685
-5.114774
-3.294261
-2.253968
0.693529
3.207570
3.641026
6.848596
8.755800
7.195360
3.901099
3.727717
3.467643
0.520147
0.260073
-0.346764
-0.780220
-0.433455
0.433455
-0.173382
-0.173382
-1.387057
-2.860806
-4.247863
-4.594628
-4.594628
-3.554335
-2.080586
-2.340659
-1.993895
-1.560440
-2.080586
-2.687424
-1.907204
-0.520147
-2.340659
-3.727717
-2.687424
-2.253968
-2.860806
-3.554335
-3.207570
-3.467643
-1.733822
-3.901099
-5.028083
-4.681319
-4.854701
-5.808303
-3.467643
-3.814408
-6.328449
-5.981685
-4.681319
-3.814408
-3.727717
-0.780220
-1.993895
-0.780220
-0.346764
-0.606838
0.606838
-0.260073
-1.126984
0.086691
-0.433455
-1.820513
-4.074481
-3.901099
-3.901099
-1.820513
-1.907204
-1.387057
-1.907204
-1.647131
-1.993895
-2.860806
-0.086691
2.600733
1.213675
1.213675
2.340659
-0.173382
0.953602
1.473748
0.433455
0.953602
0.346764
0.260073
-0.173382
0.086691
-2.253968
-1.733822
-2.080586
-2.340659
-2.514042
-3.034188
-2.600733
1.040293
1.993895
1.560440
-0.693529
-0.433455
-3.641026
-4.854701
-3.901099
-4.161172
-4.074481
-3.987790
-7.282051
-6.328449
-6.068376
-3.727717
-2.514042
-0.606838
0.866911
0.433455
-0.953602
-2.600733
-2.253968
0.346764
2.514042
0.086691
-0.520147
-3.727717
-2.774115
-3.120879
-4.421245
-4.334554
-2.774115
-4.594628
-5.808303
-6.935287
-8.148962
-7.195360
-6.935287
-6.328449
-2.600733
-1.733822
-3.034188
0.606838
-0.086691
-3.554335
-3.120879
-3.380952
-3.987790
-6.155067
-5.548230
-5.634921
-7.282051
-8.235653
-8.495726
-8.322344
-5.808303
-4.941392
-3.034188
-4.854701
-4.594628
-5.028083
-5.288156
-3.641026
-3.207570
-2.080586
-2.427350
-1.993895
-2.340659
-1.820513
-2.774115
0.433455
1.473748
0.433455
2.253968
0.780220
0.346764
1.647131
2.340659
3.034188
2.340659
2.514042
3.034188
3.814408
3.727717
4.161172
4.421245
1.993895
3.034188
2.600733
-0.953602
-1.647131
-2.774115
-1.560440
-1.820513
-2.514042
-2.687424
-2.687424
-4.334554
-3.901099
-4.768010
-5.028083
-4.594628
-3.380952
-3.294261
-1.473748
-2.687424
-2.253968
-1.213675
-1.993895
-2.947497
-3.034188
-5.028083
-2.860806
-0.606838
0.000000
-0.260073
1.733822
3.641026
4.421245
3.120879
3.120879
5.894994
5.288156
6.761905
6.415140
6.241758
4.768010
0.953602
-0.260073
-1.473748
-2.427350
-0.953602
0.260073
1.993895
2.947497
2.253968
2.514042
0.173382
-1.560440
-2.687424
-4.161172
-3.814408
-3.554335
-4.421245
-3.034188
-4.247863
-3.901099
-4.768010
-7.195360
-7.628816
-3.380952
-0.173382
-2.947497
0.780220
1.907204
5.374847
5.114774
6.068376
6.328449
7.021978
8.148962
7.715507
6.068376
4.594628
5.548230
3.380952
3.207570
4.768010
2.600733
3.380952
6.588523
5.894994
7.455433
8.322344
7.021978
6.501832
2.947497
2.080586
-0.520147
0.780220
-0.433455
1.040293
3.034188
2.514042
-0.606838
-1.387057
-4.334554
-6.675214
-8.495726
-9.622711
-10.663004
-11.356532
-10.923077
-12.050061
-11.529915
-10.923077
-9.796093
-9.015873
-7.195360
-5.721612
-4.421245
-5.201465
-2.167277
-1.907204
-2.860806
-1.993895
0.173382
-1.387057
-0.433455
-0.606838
-0.693529
-0.433455
-1.907204
-3.814408
-5.808303
-4.594628
-2.947497
-1.213675
-3.987790
-7.628816
-5.548230
-6.155067
-2.947497
-0.086691
3.987790
6.241758
8.669109
4.247863
-0.173382
-4.594628
-7.802198
-7.975580
-7.715507
-8.148962
-7.628816
-10.836386
-8.582418
-6.588523
-3.207570
-2.514042
-3.294261
-5.288156
-6.935287
-7.108669
-8.235653
-10.229548
-10.316239
-10.142857
-10.229548
-13.003663
-11.616606
-12.570208
-11.703297
-10.316239
-9.796093
-7.021978
-5.894994
-2.860806
-1.647131
-0.260073
1.647131
2.340659
4.941392
8.755800
8.669109
7.542125
6.588523
4.768010
0.693529
0.953602
-3.467643
0.606838
3.467643
2.860806
4.074481
3.814408
3.467643
2.427350
0.173382
1.820513
1.647131
-0.260073
0.000000
-0.606838
0.520147
0.520147
3.120879
3.814408
4.681319
1.993895
1.473748
0.433455
-2.600733
-3.641026
-3.467643
-5.461538
-3.554335
-2.080586
-3.380952
-0.866911
0.520147
2.253968
3.034188
2.167277
3.207570
3.641026
4.507937
5.461538
5.114774
4.854701
6.588523
7.542125
8.062271
6.761905
7.888889
8.582418
10.576313
11.096459
9.102564
10.402930
10.489621
9.536020
10.663004
9.969475
7.542125
9.015873
8.062271
7.108669
8.929182
7.715507
9.189255
9.449328
8.582418
8.755800
8.669109
5.894994
4.247863
3.034188
3.727717
2.600733
0.346764
-1.300366
-2.600733
-2.514042
-2.253968
-3.987790
-3.467643
-3.380952
-2.947497
-1.473748
-0.260073
1.040293
2.080586
3.120879
2.600733
4.594628
6.761905
5.201465
6.848596
7.195360
8.148962
8.842491
7.455433
6.588523
6.675214
7.542125
9.622711
8.929182
12.223443
11.443223
13.697192
14.737485
13.870574
14.997558
12.396825
6.588523
2.774115
-1.387057
-2.687424
-7.628816
-7.021978
-6.675214
-3.987790
-0.866911
0.173382
2.080586
0.780220
4.854701
3.380952
0.520147
-0.433455
-0.953602
0.520147
-1.647131
0.260073
0.086691
-2.253968
-3.120879
-3.554335
-2.600733
-0.433455
2.340659
2.253968
3.987790
2.427350
2.600733
1.733822
-0.346764
-0.520147
-0.693529
-2.080586
-3.727717
-2.427350
-4.681319
-5.634921
-4.421245
-5.028083
-5.548230
-5.721612
-5.548230
-5.201465
-4.507937
-7.715507
-7.715507
-8.842491
-10.836386
-10.229548
-6.848596
-7.542125
-4.507937
-4.161172
-4.074481
-3.641026
-5.461538
-6.068376
-7.368742
-9.449328
-9.796093
-7.195360
-4.074481
-3.727717
-4.681319
-4.594628
-4.681319
-6.241758
-6.588523
-8.582418
-9.102564
-6.935287
-4.247863
-1.213675
0.866911
0.000000
-0.433455
0.866911
-0.086691
1.560440
2.860806
1.993895
0.693529
-0.173382
1.560440
2.774115
3.554335
4.768010
4.507937
5.721612
7.021978
4.594628
2.427350
0.173382
-0.433455
0.260073
-0.346764
1.213675
3.294261
3.727717
2.167277
4.681319
6.155067
5.548230
7.628816
7.975580
5.288156
5.201465
3.727717
1.733822
2.514042
3.901099
2.340659
2.253968
1.300366
-2.600733
-3.987790
-3.380952
-5.548230
-4.507937
-1.473748
1.126984
2.687424
3.467643
2.253968
7.368742
5.981685
2.514042
1.473748
1.126984
0.693529
3.727717
5.548230
2.860806
2.774115
2.860806
2.947497
0.866911
0.780220
-0.953602
-1.560440
0.260073
0.260073
1.560440
-0.606838
-0.693529
1.473748
0.693529
0.346764
0.693529
0.086691
0.953602
2.340659
2.947497
2.080586
1.560440
1.040293
0.953602
-0.953602
-0.086691
-1.820513
-0.606838
1.126984
2.253968
1.733822
4.074481
6.155067
9.882784
10.402930
12.396825
11.009768
10.923077
6.501832
5.721612
2.080586
-0.173382
-3.034188
-2.947497
-1.040293
0.433455
2.427350
4.334554
4.074481
4.334554
4.074481
3.554335
3.380952
2.774115
0.780220
0.606838
-0.693529
2.167277
2.687424
4.161172
4.681319
5.634921
7.715507
5.288156
5.461538
4.421245
2.947497
1.126984
1.387057
0.520147
0.606838
2.427350
2.427350
2.774115
4.247863
0.780220
0.866911
-0.693529
-2.427350
-1.733822
-2.774115
-4.941392
-4.421245
-2.080586
-3.120879
-0.953602
1.126984
2.860806
7.802198
10.489621
11.443223
16.297924
14.217338
12.830281
12.656899
8.842491
7.108669
3.554335
2.080586
-1.040293
-1.387057
-1.300366
-1.473748
0.346764
-0.866911
-0.086691
-0.433455
-5.461538
-2.774115
3.120879
6.328449
7.282051
4.941392
1.907204
-0.346764
-2.427350
-3.034188
-1.820513
0.086691
2.427350
3.814408
2.253968
1.473748
1.040293
-0.780220
3.120879
4.421245
4.421245
5.201465
0.780220
0.000000
-1.560440
-2.774115
-1.733822
-1.387057
-1.473748
-1.907204
-4.247863
-5.201465
-5.981685
-8.148962
-9.796093
-10.663004
-9.536020
-7.542125
-5.461538
-7.108669
-4.247863
-2.687424
-1.473748
-1.733822
-3.207570
-1.907204
-2.947497
-4.161172
-2.947497
-2.947497
-2.514042
2.427350
2.514042
5.808303
4.854701
3.727717
0.866911
-3.120879
-3.554335
-3.380952
-4.681319
-3.380952
-1.213675
0.086691
1.647131
6.588523
8.669109
8.495726
5.548230
1.300366
-0.780220
-3.120879
-5.374847
-5.201465
-8.669109
-7.975580
-6.155067
-3.901099
-1.126984
1.993895
2.514042
4.941392
5.461538
5.201465
4.941392
4.074481
5.461538
6.328449
5.461538
1.473748
-1.126984
-3.987790
-5.201465
-4.681319
-1.647131
0.086691
1.473748
1.473748
-0.866911
-0.346764
2.253968
2.080586
4.421245
4.854701
2.860806
1.907204
0.866911
-1.647131
-2.774115
1.040293
1.473748
2.253968
0.433455
-1.387057
-0.866911
1.213675
3.554335
8.929182
12.396825
12.743590
7.195360
0.866911
-0.780220
-0.086691
0.000000
1.647131
0.000000
-0.693529
-0.866911
-2.774115
-3.034188
-1.733822
0.780220
1.993895
4.507937
2.427350
2.167277
2.253968
0.086691
0.086691
0.520147
2.253968
1.820513
0.260073
-0.173382
-0.520147
0.260073
1.907204
3.380952
2.774115
3.120879
2.340659
1.647131
0.346764
-0.173382
1.126984
1.387057
4.247863
6.328449
6.415140
4.854701
4.594628
3.467643
