2.212943
6.061538
1.154579
-5.388034
-12.315507
-15.298168
-11.257143
-2.597802
2.212943
1.058364
-3.752381
-10.006349
-15.779243
-15.586813
-10.198779
0.673504
6.157753
2.886447
-0.962149
-5.195604
-13.566300
-17.992186
-16.837607
-13.181441
-7.697192
-5.099389
2.694017
4.233455
3.559951
-6.253968
-8.563126
-10.583639
-3.078877
-0.384860
2.501587
-6.157753
-3.848596
-8.178266
-5.580464
1.924298
7.697192
10.487424
3.752381
0.096215
-2.405372
-8.851770
-10.391209
-5.965324
1.828083
2.790232
2.020513
2.501587
-3.271306
-7.504762
-2.597802
-3.367521
-6.446398
1.154579
-4.906960
-4.522100
-4.233455
1.154579
0.096215
-9.525275
-3.078877
-7.985836
-10.583639
-6.638828
-1.924298
-11.642002
-17.030037
-15.394383
-12.796581
-18.088400
-31.173626
-18.569475
-15.298168
-12.507937
-19.724054
-12.123077
-2.790232
-3.078877
-7.889621
-9.813919
-8.755556
-11.642002
-8.563126
-5.484249
-4.714530
-0.384860
4.522100
9.236630
8.851770
5.965324
6.446398
7.023687
8.082051
11.064713
13.181441
17.607326
16.356532
16.741392
17.511111
16.741392
16.645177
19.724054
19.146764
20.493773
18.280830
16.356532
9.140415
10.583639
10.679853
10.391209
14.336020
15.586813
19.242979
18.761905
12.026862
2.501587
-1.924298
1.635653
4.137241
7.600977
10.198779
14.720879
10.006349
3.175092
-2.212943
-6.735043
-6.253968
-2.309158
1.539438
1.058364
-0.288645
-3.078877
-4.233455
-9.044200
-14.817094
-16.260317
-7.504762
-2.020513
-3.175092
-0.481074
0.673504
4.810745
2.982662
-1.154579
-5.003175
-9.910134
-9.236630
-3.848596
-3.175092
-9.044200
-13.277656
-13.951160
-10.679853
-1.154579
4.137241
5.195604
3.944811
2.405372
-1.250794
-8.563126
-7.119902
-6.350183
-7.600977
-4.425885
-1.539438
-5.580464
-3.559951
-4.425885
-3.271306
-9.910134
-11.738217
-2.597802
5.291819
3.848596
4.137241
-0.673504
-2.501587
-6.927473
3.175092
4.137241
9.140415
11.642002
12.507937
6.638828
2.501587
1.828083
4.425885
8.851770
7.216117
5.195604
3.559951
3.078877
3.271306
2.597802
-3.752381
-0.096215
1.443223
5.003175
7.408547
11.449573
6.446398
0.384860
-7.697192
-9.621490
-12.892796
-4.522100
-2.790232
0.000000
2.501587
6.253968
3.367521
2.405372
3.078877
1.539438
-7.312332
-13.470085
-13.566300
-9.429060
-7.023687
-6.061538
-6.253968
-3.175092
-0.769719
-1.250794
-4.810745
-8.659341
-9.910134
-8.563126
-9.910134
-9.525275
-8.178266
-5.099389
1.347009
2.886447
1.347009
2.309158
3.559951
4.810745
3.944811
0.577289
-2.982662
-2.501587
-2.694017
-4.425885
-5.869109
-5.388034
-2.982662
-3.559951
-2.597802
2.501587
7.312332
10.968498
11.353358
8.082051
5.388034
4.425885
0.577289
1.924298
6.157753
9.140415
10.391209
7.600977
5.580464
6.831258
9.236630
9.236630
9.525275
10.198779
10.198779
8.659341
10.487424
7.793407
1.731868
-4.618315
-3.271306
-0.673504
4.041026
5.869109
4.714530
-0.192430
1.058364
4.137241
7.504762
11.064713
10.487424
7.119902
2.116728
2.501587
6.927473
12.604151
15.298168
12.796581
9.332845
4.425885
2.982662
3.078877
4.137241
6.253968
7.504762
7.312332
6.831258
2.405372
1.250794
0.384860
-2.116728
-4.329670
-6.446398
-6.542613
-7.504762
-5.388034
-5.291819
-5.772894
-9.044200
-11.449573
-15.009524
-15.490598
-17.511111
-17.318681
-17.414896
-17.992186
-13.951160
-12.700366
-10.006349
-6.253968
-6.927473
-9.140415
-8.851770
-5.003175
-0.481074
0.577289
-1.347009
-0.769719
-1.347009
-2.405372
-3.271306
-4.522100
-4.329670
-4.233455
-1.924298
2.694017
4.137241
0.865934
-3.656166
-7.119902
-4.522100
1.058364
4.041026
5.195604
3.848596
3.175092
5.195604
5.965324
8.755556
9.332845
7.697192
6.253968
7.793407
5.869109
3.848596
4.810745
7.023687
10.487424
12.892796
9.429060
6.831258
8.274481
13.277656
11.449573
16.548962
12.604151
10.487424
9.717705
6.927473
8.659341
10.487424
11.449573
8.659341
4.714530
6.542613
7.889621
10.391209
11.930647
12.315507
8.274481
3.559951
5.099389
5.003175
6.831258
7.985836
2.116728
4.041026
4.522100
5.869109
7.504762
6.927473
4.810745
1.731868
-2.309158
-3.463736
-4.714530
-3.848596
-2.405372
-2.020513
-4.137241
1.154579
0.962149
3.175092
3.175092
2.694017
-0.865934
-1.828083
-5.965324
-11.545788
-15.009524
-15.298168
-10.872283
-7.312332
-4.810745
-5.484249
-9.044200
-12.411722
-11.738217
-8.851770
-7.504762
-6.638828
-5.003175
-3.559951
-5.195604
-2.597802
0.000000
-0.577289
-0.384860
2.212943
2.982662
6.253968
5.195604
4.137241
-1.058364
-3.078877
-0.769719
1.443223
0.962149
-0.962149
-0.192430
2.597802
7.119902
10.968498
10.102564
8.370696
2.405372
-1.443223
-3.752381
-6.446398
-9.044200
-7.023687
-2.116728
2.116728
7.023687
7.985836
12.219292
16.164103
14.624664
11.160928
6.350183
2.501587
-0.673504
1.058364
4.233455
4.810745
1.058364
-1.539438
-2.405372
-3.752381
-5.099389
-7.119902
-7.408547
-3.175092
0.288645
-1.154579
-2.597802
-6.157753
-7.889621
-5.580464
-3.271306
-3.559951
-8.755556
-0.673504
2.694017
5.195604
5.195604
1.443223
-0.288645
-0.096215
0.962149
0.577289
-0.288645
-3.078877
-2.405372
-2.020513
-1.058364
-0.096215
2.116728
3.271306
5.388034
3.175092
-0.962149
-3.848596
-3.463736
-5.388034
-7.697192
-8.947985
-8.563126
-5.676679
-6.831258
-7.504762
-6.350183
-4.810745
-3.175092
-3.848596
-4.618315
-3.559951
-3.848596
-0.481074
-2.597802
-5.388034
-6.350183
-3.848596
-2.982662
-1.539438
1.924298
3.848596
3.848596
5.195604
4.329670
2.212943
-0.577289
-5.772894
-6.253968
-4.522100
-0.096215
0.096215
0.865934
0.288645
-2.116728
-6.735043
-13.085226
-15.298168
-16.452747
-15.201954
-14.913309
-17.318681
-15.683028
-17.992186
-18.377045
-18.184615
-17.799756
-16.837607
-16.548962
-15.971673
-14.913309
-12.989011
-12.219292
-9.813919
-6.638828
-5.291819
-5.580464
-4.041026
-1.347009
-1.731868
2.116728
5.580464
6.927473
7.697192
4.714530
1.828083
1.058364
1.058364
-1.347009
-0.192430
-0.384860
-0.288645
-1.058364
-1.924298
-2.501587
0.384860
3.367521
0.769719
-2.116728
-10.198779
-14.239805
-13.951160
-9.717705
-5.772894
-1.539438
-1.635653
-2.405372
-0.384860
0.577289
2.405372
3.078877
3.078877
1.635653
2.790232
8.851770
16.452747
17.799756
19.050549
17.607326
14.336020
13.181441
17.222466
24.149939
24.342369
20.686203
16.067888
14.624664
13.181441
13.470085
11.834432
10.679853
9.236630
10.583639
14.047375
18.088400
18.569475
12.604151
4.425885
2.116728
2.597802
2.982662
4.137241
-6.253968
0.481074
-0.673504
-2.405372
-1.250794
4.522100
12.411722
12.219292
6.831258
1.250794
0.000000
-0.096215
4.233455
7.119902
9.140415
10.679853
7.793407
8.082051
11.642002
12.123077
12.411722
10.294994
5.772894
4.618315
3.944811
2.597802
2.020513
-1.154579
-1.828083
-1.250794
4.714530
6.157753
6.253968
2.212943
-2.597802
-1.154579
4.522100
11.545788
15.201954
10.294994
-0.192430
-1.058364
3.367521
10.872283
12.411722
8.563126
4.041026
2.982662
7.889621
14.913309
17.607326
16.645177
16.356532
15.394383
12.315507
7.985836
4.041026
2.597802
0.481074
2.694017
2.405372
1.347009
3.944811
7.889621
5.291819
2.309158
-3.944811
-6.157753
-3.559951
1.058364
2.886447
2.212943
-2.405372
-7.119902
-7.408547
-6.927473
-8.082051
-8.082051
-8.466911
-9.140415
-9.525275
-10.679853
-11.257143
-9.813919
-11.353358
-13.373871
-11.738217
-13.566300
-14.624664
-14.047375
-15.298168
-14.336020
-11.930647
-9.717705
-7.697192
-8.466911
-10.006349
-10.102564
-13.854945
-8.563126
-9.332845
-12.989011
-11.449573
-7.216117
-1.828083
4.329670
5.195604
-0.096215
-0.288645
-0.673504
-0.769719
-1.539438
-2.982662
-5.388034
-3.271306
-1.154579
0.577289
2.982662
3.752381
1.347009
1.635653
3.175092
3.175092
4.041026
1.731868
3.078877
3.752381
6.735043
7.312332
8.178266
5.772894
6.157753
7.985836
7.697192
7.216117
4.618315
0.288645
5.195604
3.656166
2.405372
1.731868
4.041026
4.522100
3.271306
2.212943
1.347009
2.309158
3.367521
1.828083
-0.577289
-4.810745
-4.425885
-1.731868
-0.192430
-5.388034
-7.793407
-10.006349
-9.044200
-7.697192
-5.772894
-3.752381
-3.271306
-4.522100
-5.099389
-2.597802
4.137241
7.408547
6.735043
5.099389
2.116728
1.539438
2.597802
3.367521
1.347009
1.058364
-1.154579
-2.501587
-3.078877
-2.020513
-1.347009
-0.192430
-0.096215
1.443223
1.828083
2.212943
1.058364
0.673504
0.962149
-1.250794
-2.694017
-2.694017
-2.886447
0.288645
0.769719
1.250794
1.539438
2.020513
5.003175
5.003175
0.962149
-1.731868
-3.271306
0.000000
3.271306
2.982662
0.096215
-1.731868
0.288645
0.865934
-0.384860
0.384860
3.559951
6.350183
4.810745
3.848596
2.694017
2.020513
0.962149
-4.041026
-5.099389
-3.463736
-0.769719
4.714530
7.408547
8.563126
4.810745
0.384860
-4.329670
-7.216117
-8.755556
-10.198779
-10.679853
-6.253968
-2.501587
0.000000
2.790232
4.137241
4.233455
3.752381
3.271306
2.790232
1.924298
0.865934
1.347009
-1.154579
-2.886447
-2.597802
0.288645
1.731868
3.463736
0.288645
-0.096215
-1.154579
-1.635653
-0.577289
-0.962149
0.865934
0.384860
-2.886447
-8.947985
-9.429060
-8.947985
-7.312332
-5.291819
-5.676679
-6.638828
-10.872283
-12.123077
-10.776068
-8.466911
-6.350183
-5.388034
-9.332845
-8.851770
-5.291819
-4.906960
-3.944811
-5.195604
-5.484249
-3.271306
-3.559951
-2.694017
-3.656166
-3.848596
-3.656166
-4.810745
-7.504762
-9.044200
-8.466911
-5.676679
-2.886447
-1.635653
-4.137241
-6.735043
-7.023687
-14.143590
-7.119902
-4.522100
-0.192430
1.443223
1.347009
0.481074
0.481074
-0.865934
-1.058364
-1.731868
-4.041026
-5.965324
-7.600977
-8.274481
-12.123077
-14.047375
-14.336020
-12.507937
-10.487424
-9.044200
-10.102564
-7.600977
-9.717705
-8.370696
-7.216117
-4.714530
-3.944811
-3.656166
-5.291819
-5.195604
-4.233455
-3.848596
-2.886447
-3.848596
-5.869109
-7.119902
-6.253968
-3.752381
0.962149
4.425885
2.982662
6.927473
9.621490
10.679853
6.061538
4.233455
3.944811
6.061538
8.082051
7.312332
5.676679
4.522100
7.119902
10.294994
12.026862
8.659341
8.563126
8.659341
9.429060
7.408547
8.466911
8.082051
8.466911
6.253968
3.463736
3.175092
5.195604
3.848596
2.982662
2.212943
1.828083
1.924298
4.329670
2.886447
1.635653
-0.673504
1.828083
3.848596
4.906960
4.522100
4.618315
6.253968
2.116728
0.384860
1.154579
-0.384860
-1.731868
-2.116728
-1.250794
-6.157753
0.577289
2.694017
2.790232
2.982662
2.886447
3.078877
0.673504
1.635653
2.501587
2.597802
3.271306
4.906960
3.944811
4.425885
2.694017
2.694017
1.058364
2.212943
5.099389
0.096215
3.271306
1.443223
-0.865934
1.154579
2.694017
4.425885
2.501587
2.982662
3.463736
7.408547
6.157753
3.078877
3.175092
2.790232
4.522100
1.924298
2.116728
1.443223
1.154579
0.288645
-2.501587
-3.656166
-2.790232
-2.790232
-0.481074
-0.962149
0.288645
-1.443223
-1.539438
-2.597802
-4.714530
-5.965324
-7.408547
-3.752381
-0.577289
3.175092
5.869109
5.676679
5.003175
5.676679
5.484249
6.735043
7.119902
9.429060
8.082051
7.697192
7.504762
6.735043
5.099389
1.924298
-0.769719
0.577289
0.673504
-0.192430
-0.769719
-1.154579
0.000000
-1.731868
-2.501587
-2.886447
-4.714530
-5.965324
-8.947985
-8.755556
-5.869109
-1.539438
1.154579
3.078877
3.656166
4.137241
5.580464
6.350183
5.003175
4.906960
3.559951
0.577289
1.924298
1.250794
2.790232
1.250794
0.577289
-0.769719
-0.481074
0.673504
0.769719
-0.865934
-2.694017
-2.886447
-2.694017
-3.271306
-3.559951
-0.673504
-1.347009
0.384860
-0.577289
1.635653
1.347009
2.501587
5.580464
5.772894
3.559951
1.635653
-0.096215
-1.539438
-5.388034
-7.408547
-7.985836
-6.735043
-6.446398
-8.082051
-7.697192
-7.985836
-8.082051
-18.761905
-9.429060
-7.312332
-5.869109
-6.735043
-8.370696
-10.102564
-12.315507
-13.277656
-12.411722
-10.679853
-10.776068
-11.545788
-10.102564
-11.930647
-10.487424
-10.391209
-7.600977
-4.041026
0.096215
3.559951
2.309158
3.271306
3.271306
3.656166
4.041026
5.676679
4.810745
3.078877
-3.656166
-0.673504
0.384860
0.865934
-0.288645
-0.096215
3.175092
1.443223
2.886447
2.020513
4.522100
4.522100
2.982662
0.673504
-0.577289
1.347009
0.192430
0.288645
0.000000
2.597802
6.061538
7.119902
8.659341
5.484249
1.635653
-7.504762
0.096215
-0.673504
-1.635653
-2.212943
-2.212943
-5.195604
-8.755556
-8.755556
-10.583639
-8.851770
-10.294994
-6.253968
-5.099389
-3.175092
-0.673504
-0.962149
-0.673504
1.731868
6.638828
11.738217
11.642002
6.157753
-0.673504
-2.597802
-3.367521
-4.522100
-4.137241
-5.484249
-8.178266
-9.621490
-8.659341
-3.463736
1.443223
2.597802
2.886447
0.673504
-2.212943
-8.178266
-10.487424
-14.047375
-15.105739
-13.181441
-11.930647
-9.813919
-7.216117
-4.522100
-3.656166
-1.443223
1.154579
4.425885
5.099389
3.752381
0.962149
2.212943
5.484249
6.061538
4.714530
-0.577289
3.559951
1.347009
0.192430
2.790232
2.501587
0.865934
-0.192430
2.212943
0.481074
0.384860
2.982662
2.405372
2.597802
3.175092
3.367521
3.656166
4.233455
5.580464
5.676679
5.003175
6.157753
4.810745
6.735043
6.831258
7.119902
6.831258
5.484249
7.119902
10.776068
12.989011
13.373871
13.181441
13.085226
10.198779
6.157753
4.425885
5.388034
5.676679
6.446398
3.656166
1.347009
0.192430
1.250794
2.116728
1.924298
0.769719
-2.212943
-3.559951
-6.542613
-8.178266
-7.119902
-5.388034
-1.250794
2.501587
6.446398
10.198779
10.102564
8.659341
4.714530
0.192430
-1.058364
-1.154579
0.577289
1.250794
3.656166
4.233455
4.137241
1.924298
-1.731868
-3.752381
-2.405372
0.673504
0.384860
1.154579
2.309158
3.944811
3.944811
5.195604
5.388034
3.752381
3.271306
4.329670
4.329670
4.041026
4.425885
4.233455
2.597802
1.443223
1.539438
0.096215
2.597802
1.828083
-0.096215
-0.192430
0.769719
0.769719
1.250794
1.058364
-1.828083
-2.309158
-1.250794
-1.635653
-1.250794
-5.388034
-4.714530
-4.329670
-0.769719
-0.192430
-0.192430
-6.157753
-0.673504
-1.058364
-1.443223
-0.192430
0.769719
0.865934
3.367521
3.367521
3.078877
0.288645
-1.635653
-2.886447
-4.618315
-5.772894
-6.831258
-6.927473
-5.965324
-5.003175
-3.559951
-3.271306
-1.154579
-1.347009
-1.635653
-2.309158
-4.425885
-3.463736
-2.694017
0.192430
3.271306
4.425885
2.694017
0.865934
-0.673504
0.096215
0.577289
0.673504
0.096215
-2.309158
-4.906960
-7.023687
-6.157753
-6.350183
-5.484249
-5.869109
-4.906960
-5.676679
-1.347009
-0.865934
-2.116728
-1.731868
0.384860
1.539438
1.731868
-1.635653
-3.848596
-3.078877
-2.790232
-2.116728
-2.886447
-0.673504
1.250794
0.769719
1.539438
1.924298
3.175092
3.944811
5.291819
4.810745
3.656166
2.309158
2.790232
1.154579
-1.539438
-5.484249
-4.137241
-3.848596
-2.020513
0.192430
-1.731868
-4.425885
-4.906960
-1.828083
1.635653
1.924298
2.982662
0.481074
-1.347009
-3.367521
-5.291819
-2.309158
0.577289
0.481074
-0.096215
-5.388034
-8.466911
-9.717705
-7.600977
-6.446398
-5.099389
-4.233455
-5.388034
-7.119902
-7.312332
-6.446398
-4.329670
1.828083
1.924298
0.577289
-0.384860
-3.175092
-0.673504
1.924298
6.831258
8.947985
6.061538
1.154579
-1.058364
-3.078877
-2.405372
-3.175092
-3.175092
-5.676679
-8.947985
-6.831258
-5.580464
-4.041026
-4.233455
-3.656166
-2.116728
0.577289
2.212943
2.405372
1.154579
-1.539438
-0.192430
-1.250794
-2.597802
-4.041026
-4.233455
-5.388034
-5.580464
-4.906960
-5.388034
-3.656166
-0.384860
1.443223
5.099389
7.504762
9.621490
8.755556
8.947985
8.178266
5.676679
4.425885
2.790232
-2.116728
-0.673504
3.271306
5.772894
8.370696
9.429060
9.332845
7.023687
5.195604
4.425885
4.906960
4.906960
5.291819
3.656166
3.944811
2.309158
1.828083
3.078877
2.694017
2.982662
5.195604
4.233455
3.559951
7.216117
9.910134
9.717705
10.776068
11.642002
10.198779
8.082051
8.947985
10.968498
10.487424
9.140415
9.140415
8.082051
5.676679
2.597802
-1.250794
-0.673504
-0.962149
-1.731868
-0.769719
0.288645
0.962149
-0.192430
-0.384860
0.000000
1.154579
3.848596
0.000000
0.096215
1.635653
2.116728
-0.288645
0.096215
-3.463736
-6.735043
-10.198779
-10.294994
-9.717705
-9.044200
-9.332845
-9.429060
-8.947985
-8.274481
-6.831258
-8.082051
-6.061538
-2.212943
-0.481074
0.769719
-1.539438
-5.388034
-6.446398
-8.563126
-8.274481
-5.965324
-7.216117
-3.559951
-0.865934
0.288645
0.288645
-0.865934
-0.865934
0.288645
2.020513
2.405372
3.463736
-5.099389
-0.577289
-0.577289
-1.058364
-1.539438
0.962149
2.694017
1.154579
4.329670
4.714530
4.233455
4.041026
4.906960
3.175092
2.886447
5.291819
8.466911
7.023687
2.212943
0.000000
-2.790232
-4.906960
-3.463736
-2.020513
-2.597802
-3.559951
-3.656166
-5.195604
-6.157753
-7.119902
-4.714530
-3.752381
-1.347009
-0.288645
0.096215
0.288645
-0.288645
-2.405372
-2.212943
-3.463736
-2.597802
-2.886447
-2.694017
-4.329670
-4.233455
-2.694017
1.250794
3.752381
2.116728
1.635653
1.154579
-0.577289
-1.154579
-0.481074
0.577289
0.673504
-1.731868
-2.694017
-1.635653
-2.309158
0.000000
0.000000
2.982662
2.694017
3.175092
3.175092
5.772894
6.446398
6.927473
7.216117
8.851770
7.408547
3.078877
0.000000
-1.443223
-2.309158
-1.443223
0.288645
2.212943
2.116728
-1.250794
-4.137241
-3.559951
-2.501587
0.288645
2.982662
3.367521
2.886447
-0.673504
-3.463736
-7.312332
-7.216117
-3.463736
1.635653
3.367521
-4.137241
-10.679853
-14.817094
-10.679853
-6.446398
2.694017
5.291819
-4.906960
-4.810745
-10.968498
-7.023687
0.000000
8.851770
15.586813
11.834432
0.673504
-9.910134
-15.490598
-11.642002
-1.731868
8.178266
10.391209
8.851770
1.250794
-2.694017
-2.886447
5.484249
17.895971
21.167277
16.933822
8.274481
4.041026
0.000000
5.195604
9.429060
13.854945
10.294994
-0.192430
-8.370696
-10.968498
-7.119902
1.828083
6.735043
7.312332
3.078877
-1.347009
-6.253968
-5.869109
0.962149
5.291819
3.078877
1.924298
-4.329670
-7.600977
-7.119902
-2.405372
3.848596
8.659341
6.253968
1.347009
-2.694017
-4.810745
-6.061538
-0.384860
5.772894
9.717705
8.178266
5.676679
5.099389
3.367521
4.137241
7.504762
9.910134
7.793407
4.714530
4.618315
0.192430
1.347009
1.731868
3.463736
1.635653
2.982662
2.212943
0.865934
0.481074
0.000000
2.886447
3.175092
5.580464
2.212943
2.309158
-0.577289
-3.559951
-1.058364
1.635653
2.597802
2.212943
-0.673504
-1.924298
-6.735043
-10.391209
-11.257143
-10.679853
-10.391209
-9.236630
-8.082051
-7.312332
-7.889621
-9.910134
-9.525275
-6.638828
-3.752381
-0.673504
-0.481074
-1.347009
-1.828083
-1.058364
-1.443223
-2.886447
-1.443223
0.481074
0.577289
-3.656166
-3.463736
0.577289
2.597802
3.175092
-0.288645
-3.463736
-4.522100
-5.965324
-5.291819
-6.542613
-7.600977
-6.253968
-5.099389
-3.848596
-4.906960
-5.388034
-3.271306
-2.597802
1.058364
5.388034
8.947985
9.525275
12.989011
12.892796
11.449573
8.466911
8.370696
2.982662
-0.288645
-2.597802
-2.405372
-3.848596
-4.329670
-5.869109
-5.676679
-6.350183
-6.253968
-7.216117
-5.388034
-6.253968
-2.982662
-3.078877
-1.539438
-3.848596
-8.947985
-10.776068
-10.583639
-9.429060
-11.160928
-11.642002
-10.583639
-9.332845
-7.216117
-7.408547
-8.563126
-6.831258
-5.388034
-5.676679
-9.429060
-4.810745
-1.154579
2.501587
5.772894
9.140415
9.332845
8.755556
6.735043
3.463736
-1.731868
-4.810745
-8.466911
-8.082051
-7.600977
-5.003175
-0.769719
2.886447
5.869109
7.600977
10.006349
12.026862
16.548962
20.012698
20.782418
20.686203
20.782418
20.397558
19.050549
16.452747
11.545788
9.813919
12.507937
11.257143
6.638828
7.697192
10.583639
10.679853
9.044200
5.195604
2.597802
3.463736
6.157753
7.023687
6.542613
5.676679
4.329670
2.886447
0.288645
-0.962149
-0.865934
-0.769719
-0.865934
-2.116728
-8.082051
-11.160928
-9.910134
-6.831258
-3.175092
-1.443223
-0.577289
-0.288645
-2.982662
-3.848596
-5.580464
-7.985836
-12.700366
-15.683028
-14.913309
-13.181441
-17.318681
-23.187790
-23.957509
-20.012698
-15.490598
-9.813919
-8.851770
-10.102564
-10.872283
-8.082051
-4.137241
1.635653
5.869109
5.869109
1.924298
-5.772894
-10.487424
-8.082051
1.828083
10.776068
10.294994
5.195604
2.020513
-1.250794
1.635653
6.542613
12.026862
11.064713
5.676679
-0.962149
-2.886447
-1.347009
6.253968
