2.774115
4.854701
5.808303
1.993895
0.606838
-2.340659
-1.993895
-3.641026
-4.074481
-4.161172
-2.774115
-3.207570
-2.080586
-1.993895
0.606838
2.687424
2.253968
2.860806
2.860806
1.560440
2.600733
-0.433455
-0.866911
-2.774115
-6.328449
-4.161172
-2.860806
-1.560440
-0.780220
0.606838
-1.126984
-0.953602
-1.647131
-1.907204
-3.727717
-5.894994
-6.848596
-5.894994
-7.802198
-3.987790
-2.947497
-0.780220
1.126984
-1.473748
-5.374847
-7.542125
-9.709402
-12.396825
-13.263736
-11.789988
-10.056166
-7.282051
-2.774115
-2.167277
-0.606838
1.647131
-2.514042
-3.120879
-4.681319
-7.628816
-7.715507
-9.449328
-7.282051
-7.802198
-7.021978
-2.600733
-2.600733
-1.387057
-0.520147
-2.687424
-3.034188
-3.120879
-1.907204
-1.126984
-3.294261
-1.820513
-1.300366
0.346764
3.467643
5.288156
5.721612
5.114774
4.074481
3.034188
3.554335
1.387057
-0.346764
0.000000
1.213675
1.820513
6.761905
3.467643
3.294261
4.421245
6.848596
7.021978
2.340659
2.080586
1.820513
2.167277
3.641026
4.768010
2.427350
2.947497
0.520147
3.034188
1.647131
0.433455
0.606838
0.866911
-0.433455
-3.034188
-3.120879
-3.641026
-3.380952
-3.901099
-3.554335
-2.340659
-0.693529
-1.560440
-1.560440
-0.866911
-0.086691
-2.947497
-0.346764
0.086691
-0.780220
-1.126984
0.520147
0.086691
2.340659
2.774115
3.207570
1.647131
0.606838
2.340659
2.253968
0.693529
1.040293
2.860806
2.774115
4.161172
7.542125
5.288156
3.814408
1.387057
0.086691
-1.560440
-2.167277
-3.380952
-3.380952
-1.993895
1.560440
0.520147
2.514042
2.340659
-0.086691
0.346764
-0.866911
-0.866911
-1.733822
-2.860806
-3.901099
-4.854701
-4.334554
-1.473748
2.860806
8.148962
7.715507
7.628816
7.802198
5.894994
3.987790
0.520147
1.040293
0.000000
0.000000
2.080586
2.340659
4.507937
5.461538
5.721612
4.941392
4.334554
4.681319
1.647131
-1.907204
-4.768010
-5.461538
-3.467643
-0.433455
1.733822
0.346764
0.433455
2.860806
3.294261
1.560440
1.473748
1.300366
8.062271
6.068376
0.520147
-1.647131
-3.641026
-3.034188
-2.774115
-2.080586
-3.467643
-3.814408
-3.380952
-2.167277
-3.554335
-1.126984
-0.260073
0.173382
-0.606838
0.866911
0.433455
-0.086691
-1.647131
-2.600733
-5.374847
-3.641026
-3.901099
-1.820513
-0.086691
1.300366
3.554335
3.207570
3.641026
3.554335
0.346764
1.213675
-2.167277
-4.161172
-4.334554
-4.594628
-5.374847
-2.774115
-2.340659
-2.340659
-2.080586
-2.427350
-3.814408
-5.201465
-5.461538
-6.675214
-7.802198
-8.148962
-5.808303
-5.288156
-4.334554
-3.901099
-4.594628
-2.947497
-2.860806
-2.427350
-1.647131
-0.606838
-1.560440
-2.687424
-2.167277
-2.167277
-3.120879
-2.514042
-2.600733
-4.421245
-5.114774
-3.901099
-4.594628
-2.427350
-1.820513
-0.173382
0.260073
0.346764
-0.866911
-1.040293
-0.433455
-2.687424
-1.733822
0.086691
2.427350
3.120879
3.901099
3.554335
5.028083
6.155067
5.808303
5.461538
3.294261
3.554335
2.253968
1.733822
0.780220
3.380952
2.947497
5.548230
2.860806
4.507937
7.975580
14.130647
10.229548
7.108669
3.294261
1.387057
0.606838
-0.086691
-2.167277
-2.253968
-0.606838
-0.260073
-0.953602
-0.866911
-0.260073
0.606838
-0.173382
-0.520147
-0.433455
-2.947497
-2.167277
-2.427350
-4.421245
-3.641026
-3.554335
-3.207570
-2.253968
-1.733822
-2.253968
-0.953602
-1.560440
-0.346764
-3.207570
-2.600733
0.346764
0.866911
0.866911
2.947497
3.641026
2.947497
3.467643
2.774115
1.213675
0.433455
-2.340659
-3.554335
-2.080586
-2.427350
-1.993895
-3.987790
-2.427350
-1.126984
-0.086691
-0.173382
-1.647131
-1.733822
-1.560440
-0.520147
2.514042
1.993895
2.253968
1.733822
2.080586
2.514042
1.387057
-0.866911
1.126984
-1.126984
-1.560440
-0.433455
-1.733822
-0.433455
1.213675
0.953602
0.866911
2.947497
1.213675
0.346764
0.346764
-0.173382
0.780220
0.346764
0.780220
3.987790
2.340659
4.074481
5.548230
6.935287
7.195360
8.235653
7.108669
3.814408
3.207570
2.514042
-0.433455
-0.606838
-2.253968
-0.866911
-0.173382
2.427350
3.727717
10.749695
8.148962
6.328449
2.774115
1.126984
1.473748
-0.346764
-1.040293
-1.647131
-1.300366
-0.606838
-0.173382
-0.086691
1.040293
1.040293
1.560440
2.427350
1.040293
1.213675
1.387057
0.520147
1.040293
0.606838
0.520147
-0.086691
0.520147
-0.866911
0.866911
1.647131
0.606838
2.687424
2.600733
2.860806
2.947497
0.606838
-0.260073
1.473748
-0.693529
2.253968
-0.346764
-0.173382
0.173382
-2.514042
-1.820513
-2.860806
-4.074481
-5.981685
-5.981685
-7.021978
-4.941392
-5.634921
-5.721612
-4.681319
-3.294261
-1.473748
0.000000
-1.473748
-1.560440
0.260073
-2.427350
-1.473748
-2.340659
-1.300366
-0.086691
-2.253968
-2.774115
-3.727717
-3.380952
-3.987790
-3.034188
-1.733822
-2.253968
-2.167277
-0.433455
-2.947497
-5.288156
-4.507937
-6.761905
-6.761905
-4.681319
-4.161172
-1.473748
-0.260073
-0.173382
3.294261
3.294261
3.467643
3.380952
2.340659
1.820513
1.647131
-2.860806
-3.467643
-3.207570
-0.346764
-1.300366
0.260073
-0.260073
0.606838
4.854701
7.195360
4.074481
1.733822
0.780220
-0.520147
-1.040293
-0.953602
-1.387057
0.346764
0.606838
-0.780220
0.260073
-0.260073
0.173382
0.173382
-0.433455
0.260073
0.260073
-2.427350
-3.120879
-3.554335
-6.068376
-6.848596
-6.588523
-6.155067
-7.195360
-5.461538
-7.108669
-6.328449
-6.935287
-6.848596
-5.288156
-4.768010
-6.155067
-3.987790
-4.161172
-5.288156
-6.241758
-6.675214
-9.796093
-8.582418
-8.062271
-5.981685
-3.987790
-5.548230
-6.675214
-4.681319
-7.108669
-5.981685
-7.975580
-8.235653
-8.148962
-7.282051
-9.102564
-6.675214
-9.882784
-10.316239
-8.755800
-8.235653
-4.507937
-3.380952
-2.080586
-1.560440
-3.380952
-2.080586
-3.467643
-4.421245
-6.241758
-5.548230
-6.328449
-3.294261
-2.340659
0.346764
2.253968
3.467643
2.774115
3.901099
1.473748
-0.693529
-1.387057
-2.167277
-2.774115
-2.427350
-1.907204
0.520147
0.780220
2.080586
1.820513
1.387057
3.380952
3.727717
3.467643
3.554335
1.126984
0.780220
0.173382
-0.606838
-1.300366
-1.300366
-0.606838
0.606838
-0.346764
0.086691
1.213675
6.068376
7.802198
0.780220
-1.040293
-3.380952
-3.641026
-3.901099
-4.507937
-4.854701
-2.947497
-1.993895
-1.820513
-1.647131
-1.647131
-1.733822
0.433455
-1.387057
-3.380952
-3.641026
-4.421245
-5.981685
-2.774115
-2.600733
0.520147
2.514042
0.173382
-0.866911
-0.433455
1.473748
1.560440
3.467643
0.520147
-1.040293
-0.780220
-1.647131
-3.901099
-2.600733
-2.687424
-2.860806
-2.774115
-2.080586
-1.387057
-0.173382
-0.433455
-0.086691
1.126984
0.346764
0.953602
1.560440
-0.866911
0.693529
0.173382
-0.953602
-1.300366
-1.213675
-0.260073
-1.300366
-5.201465
-2.947497
-3.987790
-1.300366
0.346764
2.167277
1.387057
2.253968
1.993895
3.380952
3.380952
2.080586
1.213675
0.780220
-1.907204
-1.126984
-1.560440
-0.086691
1.733822
1.560440
1.387057
4.941392
4.941392
4.594628
2.860806
2.080586
0.866911
-0.173382
-1.387057
-0.866911
-0.173382
0.953602
2.253968
1.647131
-0.433455
-1.040293
-0.866911
-0.953602
0.866911
2.253968
2.427350
-0.173382
0.953602
0.520147
1.733822
-1.560440
-3.294261
-1.820513
-3.294261
-3.727717
-4.074481
-3.901099
-1.213675
4.421245
3.641026
-0.520147
-2.514042
-3.467643
-5.808303
-4.681319
-2.340659
-2.167277
-1.647131
-1.647131
-1.820513
-0.780220
-0.606838
1.560440
2.253968
0.780220
-1.300366
-0.433455
0.173382
-2.253968
-2.687424
-1.473748
-1.647131
-1.907204
-2.427350
0.000000
1.907204
1.213675
1.040293
0.520147
-2.947497
-1.820513
-2.427350
-3.034188
-1.993895
-3.207570
-4.941392
-5.028083
-6.588523
-3.034188
-3.034188
-1.907204
-1.993895
0.780220
0.433455
1.040293
1.126984
0.000000
-0.866911
-0.866911
-2.253968
-3.641026
-4.854701
-3.120879
-1.993895
-1.040293
1.820513
2.427350
1.387057
1.387057
0.866911
-0.086691
-0.433455
-0.693529
-3.207570
-4.247863
-4.941392
-3.727717
-3.554335
-1.647131
-0.520147
0.693529
1.647131
2.947497
2.687424
1.993895
1.560440
-0.260073
-2.253968
-0.953602
-0.433455
0.693529
0.346764
-0.086691
0.346764
1.213675
1.473748
0.260073
0.086691
1.126984
-0.520147
-0.953602
-1.473748
-3.380952
-3.120879
-2.687424
-3.380952
-2.340659
-2.167277
-3.207570
-1.993895
-0.433455
-1.300366
1.300366
1.647131
1.560440
1.993895
0.693529
-0.780220
0.260073
1.473748
3.901099
-1.300366
-2.427350
-4.247863
-3.207570
-3.120879
-0.260073
1.560440
1.993895
1.733822
2.514042
-0.173382
0.346764
-0.953602
-1.040293
-1.126984
-1.820513
-1.820513
0.520147
1.126984
2.080586
2.253968
3.554335
1.993895
1.040293
0.173382
0.433455
-0.953602
-0.433455
-2.687424
-1.907204
-0.346764
-1.473748
0.520147
0.520147
-2.860806
-0.520147
-0.520147
-2.340659
-3.987790
-6.588523
-5.461538
-3.814408
-4.421245
-4.681319
-4.334554
-5.114774
-1.820513
-0.780220
-0.086691
1.300366
1.126984
2.340659
3.120879
1.387057
2.253968
1.300366
-0.693529
-0.086691
1.907204
1.040293
2.080586
-0.086691
1.213675
2.600733
1.820513
0.520147
-0.693529
1.733822
1.473748
2.774115
2.687424
0.693529
-1.473748
-1.647131
-1.820513
-1.993895
-0.780220
-0.953602
-1.907204
-0.346764
-1.907204
0.000000
-0.433455
-2.253968
-2.080586
-2.080586
-2.600733
-1.387057
0.000000
0.953602
0.346764
-1.213675
-1.300366
-0.520147
0.520147
1.473748
1.560440
-1.473748
-0.693529
-1.300366
-1.647131
-0.693529
1.040293
0.953602
1.647131
2.427350
2.340659
2.514042
3.120879
2.253968
3.207570
1.300366
0.086691
-0.173382
2.514042
-0.173382
-1.820513
-4.161172
-3.467643
-1.820513
0.173382
2.427350
2.080586
1.733822
3.034188
0.086691
-0.086691
-0.520147
-2.080586
-5.548230
-4.768010
-5.288156
-4.854701
-5.721612
-5.548230
-4.768010
-6.155067
-5.894994
-3.727717
-5.028083
-4.421245
-4.421245
-4.941392
-2.774115
-0.866911
-1.040293
-3.380952
-3.467643
-0.606838
-2.340659
-3.814408
-3.554335
-1.993895
-4.594628
-4.768010
-5.461538
-4.247863
-4.594628
-4.421245
-3.727717
-3.120879
-2.253968
1.993895
-0.173382
2.340659
-0.173382
-1.473748
-4.247863
-5.028083
-5.808303
-7.195360
-8.842491
-5.894994
-5.548230
-0.780220
0.520147
2.947497
1.126984
1.733822
0.780220
0.000000
-2.947497
-3.380952
-4.247863
-3.120879
-4.161172
-2.514042
-0.693529
1.040293
0.693529
3.987790
3.380952
2.774115
0.866911
-2.253968
-5.374847
-6.241758
-5.548230
-5.634921
-5.201465
-2.600733
-1.300366
-1.213675
0.173382
0.606838
-0.520147
0.173382
-1.733822
-0.606838
-0.173382
0.346764
-1.300366
-1.040293
-1.647131
-3.207570
-1.473748
-2.253968
-3.901099
-2.514042
-3.294261
-3.207570
-2.600733
-2.514042
0.433455
-0.866911
-2.860806
0.606838
1.213675
-0.086691
-2.427350
-1.300366
-0.086691
4.247863
4.421245
0.953602
0.606838
-1.993895
-1.126984
-2.427350
0.000000
1.126984
-1.733822
-1.300366
-0.606838
-1.126984
-0.953602
0.433455
1.387057
2.947497
2.253968
4.941392
5.721612
3.380952
3.294261
1.040293
0.086691
0.260073
-1.213675
0.086691
0.346764
-0.173382
1.040293
4.594628
5.548230
6.935287
5.981685
6.415140
5.808303
5.894994
5.894994
3.554335
2.080586
1.733822
0.866911
2.427350
1.907204
3.034188
2.687424
4.161172
6.501832
5.981685
6.675214
7.108669
5.721612
3.380952
1.907204
0.346764
-1.820513
-3.120879
-1.647131
-0.173382
1.560440
1.213675
-0.433455
-0.693529
-2.253968
-1.300366
-1.213675
-2.687424
-4.247863
-4.074481
-4.594628
-2.340659
-3.641026
-0.606838
-0.260073
1.040293
2.167277
2.514042
3.380952
3.554335
3.554335
3.294261
2.167277
1.040293
1.387057
1.907204
2.167277
2.514042
3.901099
4.334554
5.028083
5.721612
1.907204
1.560440
-1.560440
-3.034188
-4.161172
-5.288156
-6.761905
-2.600733
-3.467643
0.953602
1.560440
4.681319
4.161172
3.901099
2.600733
1.820513
-1.560440
-2.947497
-5.028083
-4.854701
-4.854701
-5.548230
-5.548230
-0.433455
5.461538
6.068376
1.907204
0.173382
0.433455
0.000000
-0.260073
1.560440
2.774115
5.028083
5.634921
4.681319
6.068376
6.675214
8.235653
6.415140
6.241758
5.634921
2.514042
1.387057
-0.693529
-0.693529
-0.780220
-0.866911
-0.086691
-1.126984
-1.733822
-0.866911
-1.387057
-0.780220
-3.207570
-4.768010
-5.808303
-3.467643
-3.554335
-2.340659
-3.120879
-3.727717
-4.247863
-3.987790
-4.681319
-2.860806
-1.820513
0.346764
-1.993895
-0.346764
-1.387057
0.866911
0.086691
-0.953602
-2.600733
-3.207570
-1.993895
-4.421245
-4.854701
-0.693529
-0.606838
-1.040293
1.213675
1.907204
0.866911
1.473748
-0.433455
-1.647131
1.040293
4.247863
5.288156
5.721612
2.947497
4.507937
3.380952
3.207570
1.300366
1.560440
-0.260073
0.346764
-0.953602
-1.213675
-1.820513
-4.247863
-3.294261
-2.340659
-2.514042
-1.907204
-1.126984
2.253968
3.034188
5.028083
3.727717
4.421245
3.207570
3.034188
0.260073
-0.086691
-0.173382
-1.213675
1.213675
1.040293
0.953602
1.126984
1.733822
3.034188
3.814408
4.161172
4.594628
7.542125
3.987790
3.554335
0.000000
-0.866911
-1.733822
-2.687424
-1.820513
5.288156
4.768010
4.421245
1.126984
2.600733
1.213675
1.733822
0.866911
0.780220
0.086691
1.733822
3.034188
5.548230
5.288156
6.935287
9.362637
8.929182
7.715507
6.415140
3.554335
3.987790
1.040293
0.346764
1.300366
3.294261
4.768010
7.282051
8.929182
9.275946
7.195360
6.415140
3.814408
2.340659
-0.260073
2.860806
1.733822
2.687424
3.641026
5.894994
5.548230
8.755800
9.622711
9.536020
9.102564
6.241758
2.947497
3.467643
0.606838
0.780220
3.380952
3.641026
3.641026
5.981685
6.675214
8.409035
7.282051
6.068376
3.727717
3.554335
-0.086691
0.173382
-0.260073
1.213675
3.120879
2.253968
4.334554
5.114774
3.467643
5.028083
2.514042
2.340659
1.993895
0.606838
3.554335
3.727717
3.380952
3.641026
4.854701
8.755800
4.941392
3.380952
3.554335
3.034188
0.433455
0.000000
-2.514042
-0.953602
1.733822
3.467643
5.461538
5.548230
5.374847
6.068376
3.987790
5.201465
3.641026
3.641026
2.253968
3.987790
4.594628
5.981685
4.854701
5.634921
4.594628
7.021978
7.282051
5.548230
3.641026
2.167277
1.733822
-1.126984
-2.774115
-0.953602
4.681319
2.860806
0.866911
1.473748
2.774115
3.034188
1.907204
1.993895
-0.173382
-0.693529
-1.733822
-3.380952
-4.594628
-5.894994
-5.201465
-5.201465
-4.854701
-1.387057
-0.520147
0.000000
-2.253968
-1.213675
-3.207570
-4.854701
-4.247863
-3.727717
-3.467643
-2.167277
-1.473748
-1.387057
0.173382
1.300366
1.907204
4.507937
4.681319
2.947497
2.427350
-1.213675
-3.467643
-4.247863
-7.021978
-6.588523
-3.554335
-3.034188
-0.086691
0.866911
0.693529
3.034188
2.860806
0.693529
0.260073
-2.600733
-5.548230
-7.628816
-7.628816
-7.715507
-8.669109
-6.241758
-2.947497
-0.953602
2.600733
2.427350
-0.260073
-1.993895
-3.120879
-5.634921
-6.588523
-7.542125
-6.675214
-6.761905
-6.501832
-5.894994
-2.427350
-1.820513
-1.300366
-2.600733
-3.727717
-2.340659
-3.120879
-2.600733
-2.340659
-1.126984
0.606838
0.606838
-0.173382
-0.520147
-2.860806
-0.520147
-2.947497
-2.600733
-2.687424
-2.600733
-2.167277
-1.820513
-1.733822
-2.167277
-3.901099
-3.120879
-3.034188
-2.860806
-4.681319
-6.155067
-5.894994
-6.848596
-6.501832
-4.247863
-3.641026
-2.167277
-2.427350
-4.507937
-2.947497
3.120879
1.387057
-3.207570
-4.594628
-5.721612
-6.328449
-4.768010
-2.860806
-1.993895
-1.126984
1.473748
2.340659
1.387057
1.213675
-1.213675
-3.034188
-6.588523
-8.842491
-8.235653
-8.495726
-6.155067
-6.588523
-1.907204
-1.300366
-1.473748
1.560440
3.120879
0.520147
0.346764
-1.647131
-2.860806
-4.768010
-5.894994
-6.328449
-4.334554
-3.727717
-1.213675
-0.433455
-0.433455
2.253968
2.860806
3.294261
1.647131
-3.034188
-4.507937
-7.715507
-8.148962
-7.802198
-8.495726
-6.675214
-4.507937
-3.207570
1.300366
2.080586
4.768010
4.507937
2.340659
0.433455
-0.866911
-1.560440
-3.120879
-5.548230
-5.201465
-2.774115
-0.346764
1.733822
5.808303
5.374847
8.235653
8.755800
8.842491
5.808303
1.993895
0.086691
-0.693529
-1.126984
-2.340659
-3.034188
-0.433455
0.693529
0.780220
3.467643
2.253968
4.161172
5.461538
4.594628
3.034188
2.080586
1.993895
2.947497
1.473748
0.780220
3.554335
7.802198
12.656899
11.616606
11.269841
12.483516
12.396825
11.356532
10.923077
9.536020
10.142857
8.755800
11.789988
13.263736
9.796093
4.161172
2.167277
-0.086691
-1.647131
-2.253968
-1.126984
-2.600733
-2.600733
-4.941392
-7.108669
-9.102564
-5.548230
-1.213675
-0.433455
0.520147
2.080586
2.600733
0.346764
-3.380952
-4.507937
-6.935287
-4.507937
-3.901099
-1.473748
1.733822
1.560440
2.600733
5.374847
3.814408
5.981685
1.647131
-3.294261
-5.981685
-6.068376
-6.675214
-3.207570
-1.126984
3.467643
4.941392
4.594628
3.814408
4.421245
1.733822
-0.780220
-1.820513
-0.693529
0.173382
1.647131
2.514042
2.427350
2.253968
-1.040293
-2.253968
0.173382
0.866911
-1.560440
-2.427350
-0.433455
-0.606838
0.173382
0.086691
0.866911
1.647131
2.687424
2.860806
1.907204
1.300366
-0.346764
-0.086691
1.040293
0.346764
2.860806
2.427350
2.167277
1.733822
0.693529
-1.126984
-1.300366
0.000000
0.953602
1.820513
2.860806
4.681319
3.641026
5.721612
8.409035
8.235653
5.894994
3.207570
-0.346764
-2.947497
-0.866911
-2.514042
-1.213675
-0.693529
1.300366
4.247863
4.681319
2.774115
4.247863
7.455433
9.189255
4.594628
0.693529
-3.034188
-4.074481
-5.288156
-1.473748
3.554335
3.467643
6.068376
7.108669
6.501832
5.288156
4.334554
2.860806
0.866911
-2.514042
-4.854701
-4.854701
-3.294261
-2.860806
-0.260073
0.433455
-1.040293
0.346764
2.600733
0.173382
-0.260073
-1.733822
-1.126984
0.000000
0.866911
1.647131
2.080586
-1.213675
-0.086691
-0.346764
0.780220
-1.126984
-1.300366
0.260073
2.947497
2.600733
2.860806
2.514042
3.294261
2.600733
1.993895
1.647131
1.473748
-0.346764
-0.866911
-0.433455
1.473748
3.641026
3.814408
4.074481
4.507937
2.947497
1.647131
-1.126984
-1.907204
-3.814408
-4.854701
-4.768010
-3.727717
-1.126984
2.514042
4.854701
9.709402
10.923077
10.056166
7.368742
4.161172
1.473748
0.780220
-2.340659
-3.901099
-3.380952
-2.947497
-1.820513
-0.953602
1.647131
4.594628
2.947497
4.161172
2.687424
-1.473748
-1.820513
-1.820513
0.173382
0.433455
1.300366
0.173382
1.300366
2.514042
2.253968
3.641026
3.554335
2.167277
1.993895
0.866911
-1.126984
-1.907204
-4.161172
-3.120879
1.040293
5.114774
5.288156
3.641026
4.247863
5.808303
4.768010
5.721612
3.554335
0.780220
-1.300366
-1.213675
-1.733822
-2.947497
-1.820513
-2.167277
-3.901099
-5.808303
-6.068376
-5.374847
-3.467643
0.173382
5.808303
5.461538
6.501832
7.542125
6.935287
4.594628
3.380952
-0.866911
-4.074481
-6.068376
-6.848596
-4.854701
-2.253968
1.300366
5.288156
7.628816
8.755800
8.322344
5.028083
2.253968
-1.300366
-4.681319
-5.721612
-6.241758
-3.467643
-2.080586
-0.433455
1.733822
1.907204
0.173382
0.520147
0.000000
-1.560440
-3.380952
-5.721612
-7.282051
-5.894994
-6.241758
-2.253968
-1.213675
-0.433455
1.993895
3.467643
4.074481
4.421245
4.247863
2.427350
-0.520147
-1.473748
-0.346764
-1.300366
0.000000
-0.346764
0.433455
1.733822
3.207570
4.421245
4.247863
2.774115
1.907204
2.167277
1.126984
1.907204
2.514042
1.126984
0.433455
0.606838
0.260073
1.820513
1.040293
0.433455
3.294261
3.294261
2.947497
3.380952
3.207570
3.294261
4.421245
1.126984
0.433455
1.733822
0.173382
0.866911
1.560440
3.467643
3.554335
4.594628
4.594628
3.034188
2.340659
2.687424
0.953602
2.167277
2.860806
3.641026
4.681319
5.374847
6.935287
9.622711
15.777778
12.483516
8.755800
5.721612
3.380952
2.340659
1.300366
0.866911
-0.433455
-0.866911
0.173382
-0.433455
0.260073
-0.173382
-2.947497
-3.034188
-5.288156
-6.415140
-6.415140
-6.848596
-6.675214
-5.461538
-4.768010
-2.340659
-1.300366
-0.173382
1.213675
-0.520147
0.866911
0.866911
-2.167277
-2.427350
-2.600733
-3.554335
-2.774115
-1.647131
0.000000
4.941392
5.288156
7.195360
7.282051
5.461538
3.641026
0.606838
1.213675
1.993895
2.253968
4.768010
5.288156
5.201465
3.554335
3.641026
1.907204
1.820513
