8.755800
9.189255
1.993895
0.086691
-5.374847
-2.687424
0.520147
-1.907204
-3.814408
-4.421245
-1.907204
-0.780220
2.167277
-0.953602
2.947497
3.814408
0.346764
0.606838
-4.768010
-4.421245
-8.062271
-8.842491
-6.241758
-5.634921
-4.854701
-1.300366
1.560440
0.520147
1.300366
3.294261
1.820513
-3.294261
-6.328449
0.260073
3.554335
5.894994
7.108669
7.542125
3.120879
1.647131
1.733822
-0.433455
-1.126984
-9.275946
-5.114774
-2.860806
-0.780220
3.467643
5.634921
4.768010
1.993895
-3.034188
-0.260073
-5.894994
-5.288156
-7.715507
-5.028083
-1.647131
3.294261
1.473748
3.814408
0.780220
2.167277
-1.560440
-0.086691
-3.554335
-6.935287
-5.374847
-5.028083
-1.213675
0.173382
-0.260073
3.467643
5.028083
4.681319
6.068376
4.681319
1.647131
-0.866911
-6.068376
-4.247863
-6.761905
-3.901099
-4.507937
-2.080586
-2.774115
0.433455
5.808303
4.421245
-2.600733
-2.167277
-2.774115
-4.247863
-3.034188
-4.247863
-0.086691
-0.606838
0.173382
8.322344
5.288156
0.346764
-4.421245
-0.953602
-3.814408
-0.520147
-2.167277
-2.427350
3.294261
5.721612
6.761905
10.836386
5.808303
1.213675
-3.120879
-3.641026
-4.681319
-2.427350
-3.901099
-8.062271
-2.687424
-3.901099
0.433455
1.213675
2.340659
-0.433455
-2.427350
-0.693529
0.693529
2.340659
-0.173382
-5.461538
-4.854701
-2.774115
-0.693529
-0.260073
0.173382
-1.300366
-4.768010
-5.374847
-6.328449
-4.074481
0.260073
-2.860806
0.000000
0.866911
-5.114774
-3.641026
-8.669109
-8.755800
-5.548230
-4.507937
-3.207570
-4.247863
-7.021978
-6.675214
-1.907204
-1.300366
-4.421245
-5.114774
-9.275946
-9.969475
-5.288156
-4.854701
-2.947497
-0.953602
0.260073
-1.300366
-3.641026
-4.941392
-3.987790
-5.461538
-2.253968
-3.380952
0.086691
0.260073
2.947497
6.328449
3.814408
7.542125
2.600733
5.548230
6.328449
5.288156
7.282051
6.155067
3.380952
1.040293
-2.947497
-0.260073
-3.814408
-4.334554
-4.507937
-1.473748
-0.606838
6.241758
13.783883
20.892552
18.985348
15.084249
5.808303
3.207570
-6.935287
-7.542125
-11.876679
-12.916972
-10.576313
-6.761905
-1.300366
7.368742
13.177045
15.170940
15.431013
16.471306
10.229548
4.594628
-0.173382
0.433455
-6.241758
-6.241758
-5.634921
3.380952
2.600733
7.108669
0.866911
6.068376
3.207570
0.000000
1.473748
3.294261
0.520147
0.693529
2.167277
1.387057
-1.300366
1.907204
2.860806
7.715507
8.148962
10.402930
6.241758
3.034188
3.554335
0.520147
-1.126984
-2.167277
-3.120879
-1.820513
-0.780220
-0.346764
-2.253968
-0.260073
-0.520147
-0.260073
1.126984
0.866911
-2.167277
-4.507937
-3.207570
-4.768010
-0.606838
-2.340659
-0.953602
1.820513
-1.300366
0.780220
1.213675
3.207570
1.040293
1.560440
-0.173382
-1.213675
-4.594628
-5.114774
0.693529
-3.034188
4.507937
2.253968
1.387057
4.854701
1.993895
2.947497
3.814408
4.507937
1.387057
1.733822
2.687424
0.520147
4.074481
6.415140
5.721612
2.687424
-1.300366
-2.080586
-4.594628
-5.461538
-4.247863
0.780220
-0.433455
3.294261
3.901099
3.727717
1.560440
4.421245
1.560440
-3.120879
-5.288156
-7.455433
-8.235653
-6.761905
-0.173382
2.253968
5.288156
10.056166
8.062271
7.542125
7.715507
9.015873
2.514042
-4.334554
-4.421245
-5.981685
-6.675214
-7.195360
-4.681319
-1.993895
2.860806
5.894994
7.888889
6.848596
6.328449
1.126984
-0.433455
-3.554335
-2.253968
-5.548230
-6.848596
-7.628816
-3.641026
-1.907204
-0.433455
3.901099
3.120879
2.167277
1.907204
-3.467643
-7.368742
-5.548230
-5.981685
-8.322344
-3.641026
-1.387057
-3.120879
0.346764
1.300366
4.334554
3.120879
3.987790
4.768010
3.120879
2.427350
1.300366
1.126984
-2.774115
-5.028083
-5.981685
-7.802198
-9.015873
-9.709402
-5.114774
-4.681319
-2.340659
8.495726
9.189255
11.096459
9.189255
6.935287
5.461538
0.000000
-1.473748
-4.768010
-5.808303
-4.941392
1.300366
0.346764
1.733822
8.929182
5.634921
10.576313
9.536020
6.155067
-0.693529
-2.080586
-4.334554
-4.421245
-3.120879
-0.606838
2.687424
5.374847
2.340659
-0.346764
0.433455
-2.947497
-5.201465
-9.362637
-8.669109
-10.576313
-6.675214
-4.074481
0.346764
2.253968
4.768010
2.514042
0.260073
1.300366
-2.167277
-5.808303
-3.120879
-4.594628
-4.421245
-2.600733
-0.173382
-1.647131
-2.427350
0.260073
-1.993895
-4.074481
-2.600733
0.346764
-0.260073
1.040293
3.727717
9.189255
10.056166
3.641026
3.467643
-0.260073
1.560440
0.086691
-1.126984
-0.520147
2.340659
1.993895
4.594628
-0.866911
-4.247863
-2.253968
-3.380952
-0.780220
0.260073
2.340659
3.901099
1.040293
2.080586
7.628816
5.634921
1.907204
3.294261
-1.560440
-4.768010
-6.935287
-6.675214
-5.808303
-0.953602
3.987790
2.600733
4.681319
7.715507
5.981685
2.600733
0.346764
-4.074481
-4.421245
-8.669109
-7.108669
-4.334554
-0.866911
1.126984
6.935287
5.374847
9.275946
6.241758
-1.126984
-3.987790
-5.721612
-7.888889
-9.449328
-9.882784
-6.675214
-2.514042
0.693529
7.108669
6.241758
6.848596
9.102564
5.548230
1.213675
-2.340659
-2.687424
-4.161172
-2.253968
-2.947497
-1.473748
0.780220
-1.040293
0.086691
0.866911
-0.520147
1.387057
-2.774115
-0.953602
-3.727717
-5.634921
-3.901099
-2.947497
-2.427350
-0.173382
1.040293
-0.433455
-1.733822
-1.560440
-3.380952
-1.560440
-2.514042
1.126984
-1.126984
1.907204
7.542125
5.461538
5.201465
3.034188
-4.854701
-5.201465
-2.687424
-6.415140
-6.415140
0.000000
0.780220
2.687424
4.941392
2.427350
4.854701
0.606838
1.560440
-3.380952
-7.802198
-9.882784
-12.223443
-12.656899
-12.483516
-7.975580
-2.167277
2.860806
6.675214
9.362637
3.727717
0.693529
-1.560440
-3.380952
-2.860806
-4.681319
-3.901099
0.866911
0.346764
5.028083
4.854701
1.820513
1.733822
-1.647131
-3.987790
-3.120879
-5.461538
-0.260073
3.467643
6.241758
8.842491
6.328449
7.628816
3.987790
-0.086691
-1.733822
-3.034188
-6.068376
-7.368742
-8.929182
-2.947497
-1.993895
9.189255
11.529915
13.783883
12.483516
4.681319
-0.260073
-2.774115
-4.681319
-4.681319
-4.247863
-1.126984
2.774115
10.576313
12.570208
10.923077
9.536020
7.888889
3.641026
-0.086691
-2.600733
0.433455
0.606838
0.520147
3.380952
5.548230
13.523810
13.610501
9.536020
6.328449
0.346764
-3.641026
-5.461538
-6.675214
-6.501832
-3.207570
0.173382
2.514042
2.687424
5.634921
2.947497
3.034188
-1.040293
-3.727717
-9.362637
-9.536020
-6.761905
-3.034188
-5.288156
-0.606838
1.126984
1.473748
0.173382
-1.647131
-1.733822
-1.647131
-3.987790
-1.733822
-3.727717
-1.300366
5.461538
7.715507
3.987790
-1.907204
-7.802198
-8.669109
-7.542125
-7.888889
-7.628816
-0.780220
0.606838
3.294261
6.155067
8.842491
7.195360
7.021978
0.173382
-0.260073
-1.560440
-1.820513
-3.467643
-0.780220
-1.473748
2.167277
1.387057
4.594628
4.941392
4.507937
2.860806
-1.126984
-1.907204
-1.907204
-3.120879
-2.774115
-0.693529
0.173382
1.300366
2.687424
2.687424
3.554335
3.467643
1.907204
0.520147
-0.693529
-2.340659
-3.641026
-2.774115
-1.126984
0.433455
2.427350
2.687424
1.907204
1.040293
-0.606838
-0.693529
0.433455
0.173382
1.213675
1.473748
1.126984
0.520147
1.993895
0.953602
1.213675
-3.554335
-0.953602
-1.993895
-1.213675
-4.247863
-6.241758
-9.622711
-5.114774
-6.761905
-5.808303
-4.854701
-5.114774
-1.733822
2.167277
1.126984
1.213675
3.294261
2.514042
-2.514042
-4.334554
-7.195360
-4.247863
-2.947497
-3.554335
-0.780220
1.820513
2.947497
5.288156
3.380952
-1.993895
-3.901099
-4.768010
-6.675214
-6.328449
-5.721612
-1.820513
-1.126984
2.080586
2.687424
0.433455
1.126984
-0.433455
-4.161172
-8.582418
-8.495726
-11.096459
-6.328449
-4.854701
-5.288156
-0.780220
3.380952
3.467643
-2.514042
-5.894994
-5.028083
-5.894994
-8.148962
-5.808303
-5.461538
-3.814408
-5.201465
-5.288156
-3.641026
-2.774115
-3.467643
0.086691
-0.346764
-0.433455
2.167277
2.253968
1.126984
1.993895
1.647131
2.427350
2.253968
3.641026
3.727717
7.195360
7.455433
7.021978
1.907204
3.987790
-1.387057
0.433455
-3.987790
-1.560440
-0.780220
-3.814408
0.520147
0.433455
2.167277
0.173382
-3.207570
-2.600733
-7.021978
-5.374847
-12.223443
-9.709402
-13.090354
-6.415140
-6.328449
-3.034188
-2.774115
0.866911
-0.346764
-0.433455
-3.727717
-4.681319
-4.161172
-5.461538
-5.981685
-4.161172
-6.155067
-2.600733
-2.860806
0.520147
-1.993895
-3.207570
-0.346764
0.693529
-2.774115
-1.213675
-2.253968
-4.247863
-0.953602
-2.514042
-4.074481
-3.901099
-1.647131
0.433455
1.647131
-0.346764
2.340659
0.000000
-2.080586
-1.647131
-4.161172
-5.288156
-5.288156
-5.981685
-4.247863
-1.993895
-2.687424
0.953602
1.126984
4.421245
0.693529
0.433455
-2.340659
-2.774115
-2.340659
-4.507937
-5.288156
-3.120879
-2.514042
-5.548230
0.953602
1.560440
-2.167277
2.427350
0.693529
2.687424
-1.213675
-7.282051
-5.808303
-3.554335
-0.086691
0.520147
4.594628
5.894994
5.548230
5.721612
4.507937
3.814408
2.427350
0.606838
1.733822
-0.086691
-0.606838
3.034188
1.733822
2.600733
1.820513
3.727717
-0.866911
2.514042
-0.346764
-1.560440
-0.866911
-0.433455
-2.947497
-2.687424
-5.374847
-4.074481
-1.733822
0.173382
0.606838
-0.433455
-0.260073
-1.473748
-7.888889
-5.201465
-6.241758
-5.721612
-6.068376
-5.634921
-2.080586
-3.034188
-3.120879
-3.034188
-2.860806
-0.780220
-1.473748
-1.300366
-4.334554
-4.507937
-3.641026
-3.901099
-5.894994
-0.433455
-0.520147
-0.780220
0.260073
-1.473748
-3.987790
-5.201465
-6.501832
-6.761905
-5.461538
-3.727717
-2.600733
-4.247863
-1.040293
-3.207570
-2.860806
-4.334554
-3.207570
-4.247863
-4.594628
-4.074481
-2.080586
-0.693529
2.080586
2.600733
0.520147
0.433455
0.173382
0.086691
-1.907204
-2.340659
-1.647131
-3.034188
-2.514042
-2.947497
-0.780220
-0.433455
-2.167277
-2.687424
-6.241758
-3.554335
-3.727717
-3.814408
-3.207570
-4.854701
-3.034188
-4.768010
-3.727717
-3.814408
-2.340659
-1.387057
0.606838
1.820513
3.207570
-1.473748
-1.213675
-2.514042
-1.387057
0.433455
3.120879
1.733822
-0.086691
-0.433455
1.126984
0.433455
0.346764
-2.427350
-1.820513
-2.860806
-0.433455
-0.086691
0.346764
1.387057
2.427350
5.461538
4.421245
3.207570
4.421245
-0.346764
-1.993895
-3.120879
-2.514042
-2.167277
-3.294261
-4.161172
-3.901099
-2.253968
-2.687424
-3.294261
-1.820513
-6.068376
-3.901099
-3.380952
-0.693529
-0.433455
-2.947497
0.086691
-2.253968
-2.080586
-1.647131
-2.167277
-0.086691
0.260073
0.520147
0.953602
0.433455
-0.260073
1.733822
2.774115
2.253968
-0.693529
0.520147
0.346764
1.300366
0.173382
-1.040293
0.520147
-1.647131
1.473748
2.253968
1.300366
-0.086691
-1.647131
-4.074481
-5.981685
-3.987790
-2.340659
-1.993895
1.473748
2.774115
1.387057
1.820513
2.167277
0.173382
-2.253968
-2.427350
-1.387057
2.167277
3.294261
1.387057
3.467643
3.120879
1.387057
2.340659
0.866911
1.300366
4.594628
4.681319
5.288156
5.721612
5.721612
6.935287
3.641026
5.461538
4.421245
3.380952
1.820513
4.507937
3.987790
2.600733
1.647131
5.374847
9.796093
8.409035
4.941392
5.721612
1.907204
2.514042
3.987790
1.820513
0.693529
-1.213675
-3.034188
-0.520147
-0.520147
0.606838
1.040293
3.467643
2.167277
2.340659
0.173382
3.207570
2.774115
-0.173382
0.780220
1.820513
2.253968
5.548230
2.774115
3.641026
3.380952
1.560440
0.606838
1.213675
-1.126984
1.300366
1.820513
-3.380952
-2.947497
-0.866911
-4.507937
-1.300366
-0.173382
-0.520147
-1.647131
-1.213675
-0.780220
-0.953602
-3.034188
-4.334554
-5.548230
-2.600733
-2.514042
2.947497
3.034188
2.947497
0.693529
-2.080586
-0.780220
-4.247863
-1.647131
-0.780220
-3.727717
-2.253968
0.866911
2.167277
3.380952
1.040293
-0.520147
1.560440
0.260073
0.433455
0.260073
-0.260073
1.040293
-0.346764
0.866911
-1.126984
1.993895
2.253968
1.213675
-1.040293
-0.693529
-0.433455
0.780220
-0.346764
0.693529
1.300366
1.820513
1.907204
2.253968
3.380952
4.074481
5.028083
3.901099
6.415140
6.588523
3.814408
1.993895
2.514042
0.780220
-0.173382
0.260073
0.606838
0.346764
-0.086691
0.086691
2.514042
1.300366
1.820513
1.040293
5.028083
3.467643
3.120879
-0.866911
-2.080586
-0.520147
-0.173382
2.774115
3.901099
2.253968
4.594628
4.247863
1.733822
2.167277
2.514042
0.260073
1.647131
3.987790
3.467643
3.207570
3.641026
1.473748
2.167277
-0.086691
0.000000
1.560440
0.260073
0.866911
0.086691
-1.126984
-0.606838
-0.953602
-4.247863
-1.993895
-0.260073
0.346764
0.520147
0.606838
-1.907204
-0.346764
0.693529
-2.427350
-1.560440
-4.161172
-2.167277
1.040293
1.300366
0.433455
-0.346764
0.433455
-1.907204
-0.866911
-2.514042
-1.300366
-1.126984
-3.987790
-0.866911
-0.606838
-2.253968
-5.374847
-3.380952
-3.207570
-4.074481
-6.935287
-3.380952
-5.461538
-2.687424
-1.040293
1.993895
1.473748
0.260073
0.866911
-0.433455
-1.907204
-3.120879
-0.260073
-3.467643
-2.860806
-1.560440
0.433455
0.606838
3.294261
4.334554
3.467643
4.074481
3.034188
3.120879
0.086691
-0.260073
1.040293
0.693529
2.860806
0.866911
4.421245
4.074481
3.901099
5.201465
2.253968
0.606838
2.340659
0.953602
-2.340659
-1.300366
0.693529
4.681319
3.814408
0.953602
-1.733822
-2.514042
-1.560440
-5.028083
-4.594628
-3.814408
-2.860806
-1.907204
-0.346764
1.126984
0.346764
0.866911
0.173382
-1.560440
1.213675
0.000000
-1.300366
-1.473748
-1.126984
-1.040293
0.520147
-0.346764
0.780220
0.173382
0.780220
1.387057
0.346764
-0.346764
-2.860806
-1.387057
-2.167277
-0.520147
-2.340659
-0.260073
-0.606838
-0.520147
-3.207570
-0.866911
-2.514042
-0.433455
-5.808303
-5.548230
-4.768010
-7.455433
-3.901099
-5.981685
-7.368742
-5.461538
-7.628816
-7.802198
-6.241758
-3.207570
-3.814408
-3.120879
-5.634921
-3.901099
-2.947497
-3.554335
-1.300366
-3.987790
-3.554335
-4.247863
-0.693529
1.213675
0.000000
0.260073
-2.600733
-1.733822
-2.947497
-2.514042
-0.953602
-1.213675
-1.213675
0.433455
-1.820513
-3.034188
-2.427350
-2.167277
-3.034188
0.693529
2.427350
2.253968
2.860806
-0.953602
-2.427350
-2.167277
-3.380952
-2.600733
-4.421245
-3.727717
-2.253968
-0.520147
0.953602
0.953602
0.173382
-0.173382
-1.040293
0.000000
-1.733822
-2.167277
-0.866911
-5.374847
-4.594628
-3.554335
-0.866911
3.467643
4.854701
-1.040293
-1.560440
-2.947497
-5.028083
-4.594628
-2.340659
-0.606838
-1.473748
0.866911
-0.780220
-4.594628
-2.253968
-2.600733
-3.554335
-0.693529
0.260073
1.126984
-1.040293
-1.907204
0.606838
-2.947497
-2.687424
-2.340659
-2.600733
-2.860806
-1.040293
1.387057
0.606838
0.520147
-1.647131
-3.380952
-4.161172
-5.114774
-7.021978
-6.761905
-7.195360
-8.669109
-7.802198
-5.634921
-4.768010
-4.247863
-4.074481
-3.034188
-3.814408
-3.901099
-5.548230
-4.074481
-1.300366
-2.253968
-4.594628
-1.993895
-4.161172
-2.340659
-1.213675
-1.473748
-2.774115
-1.647131
-1.387057
-2.774115
-2.427350
-4.247863
-4.421245
-0.520147
-1.820513
-0.346764
-1.213675
-1.387057
-0.606838
1.820513
2.860806
2.167277
1.820513
0.693529
1.040293
-0.346764
-0.780220
0.260073
-0.260073
-1.300366
0.606838
2.253968
4.247863
6.328449
6.588523
6.241758
6.415140
5.028083
1.473748
0.953602
1.647131
1.560440
0.866911
1.300366
2.947497
2.774115
1.387057
4.334554
2.514042
3.207570
2.080586
-0.086691
-3.814408
-3.987790
-4.594628
-3.641026
-5.028083
-0.693529
-0.260073
1.820513
3.034188
8.062271
5.808303
4.334554
1.387057
0.780220
0.346764
-1.126984
-0.086691
0.606838
-0.086691
-0.606838
1.300366
0.346764
2.860806
-0.173382
-0.606838
-0.606838
-0.346764
0.086691
-0.520147
-0.606838
0.173382
3.294261
5.548230
8.409035
8.755800
10.489621
9.015873
9.536020
6.501832
3.120879
-1.473748
-0.953602
-2.340659
-3.987790
-2.427350
-0.953602
-0.260073
1.647131
5.721612
3.987790
3.034188
1.820513
0.866911
1.126984
-1.387057
-1.560440
0.173382
1.040293
2.253968
2.340659
1.733822
4.074481
3.034188
2.340659
3.554335
3.034188
2.860806
2.167277
3.467643
3.294261
1.473748
2.253968
1.993895
2.080586
4.334554
6.761905
5.201465
4.161172
1.907204
0.260073
0.606838
0.606838
2.600733
1.300366
1.300366
0.260073
0.000000
0.606838
0.520147
-0.433455
-0.693529
0.346764
-1.907204
-4.507937
-3.727717
-2.687424
-2.687424
-3.814408
-3.641026
-3.901099
-4.334554
-4.074481
-5.634921
-3.554335
-3.034188
-2.340659
-1.300366
-2.514042
-3.034188
-2.947497
-1.126984
-0.086691
-1.040293
-1.907204
0.866911
5.201465
2.080586
0.693529
-2.427350
-3.380952
-5.288156
-1.733822
-3.467643
-3.814408
-5.808303
-4.334554
-7.715507
-9.362637
-6.848596
-3.987790
-5.114774
-5.808303
-3.294261
-4.074481
-4.941392
-4.768010
-5.548230
-5.634921
-3.727717
-1.907204
-3.207570
-2.514042
-1.213675
-0.173382
-2.167277
-3.554335
-6.328449
-5.721612
-5.028083
-7.368742
-4.854701
-4.854701
-4.421245
-4.594628
-2.687424
-2.687424
-3.207570
-3.554335
-1.820513
-2.167277
-2.774115
-3.207570
-0.606838
-4.594628
-4.334554
-4.074481
-3.380952
-3.814408
-3.727717
-3.554335
-4.681319
-5.028083
-2.774115
-3.901099
-0.260073
-0.260073
-1.300366
0.520147
-0.086691
-0.780220
-1.993895
-3.380952
-1.560440
-0.433455
0.173382
-2.080586
-1.560440
-0.520147
1.647131
-0.520147
0.173382
-0.520147
0.346764
-0.780220
-0.173382
-0.953602
0.606838
-3.120879
-2.167277
-2.340659
-4.074481
-3.554335
-3.120879
-4.074481
0.433455
1.560440
2.340659
0.433455
0.260073
-2.167277
-3.554335
-2.427350
-3.034188
-4.334554
-2.774115
0.433455
0.520147
-0.086691
-0.173382
-0.606838
-0.433455
0.173382
1.733822
1.473748
-1.733822
-3.727717
-4.161172
-2.080586
0.693529
-1.213675
-1.213675
2.340659
-0.520147
-3.034188
-0.866911
-2.947497
-5.461538
-5.981685
-4.941392
-3.380952
-3.467643
-0.173382
-0.606838
1.213675
2.080586
4.334554
3.380952
3.380952
1.126984
-0.173382
0.606838
1.387057
-0.606838
0.260073
1.387057
0.693529
1.387057
3.467643
3.467643
5.201465
4.334554
5.374847
4.074481
2.340659
0.260073
1.126984
2.080586
2.253968
2.427350
2.427350
1.647131
4.421245
4.247863
4.161172
5.634921
2.253968
1.820513
1.387057
1.126984
0.953602
-0.173382
1.213675
2.253968
4.768010
5.721612
4.768010
7.802198
7.108669
5.461538
4.247863
3.467643
4.334554
3.901099
6.155067
3.467643
1.647131
2.253968
0.780220
1.040293
-0.780220
-0.433455
-0.086691
0.520147
1.213675
-0.173382
-1.993895
-3.120879
-3.034188
-3.380952
-3.641026
-3.120879
-3.207570
-1.300366
1.647131
2.774115
3.987790
3.901099
2.600733
2.514042
1.733822
1.473748
-3.120879
-0.433455
0.606838
-2.080586
-0.260073
2.947497
6.761905
6.328449
6.935287
1.647131
-1.300366
-3.120879
-3.554335
-4.507937
-6.415140
-5.548230
-5.288156
-5.201465
-6.328449
-5.288156
-7.975580
-6.068376
-8.582418
-9.882784
-10.663004
-7.021978
-8.148962
-6.761905
-8.409035
-4.941392
-4.768010
-7.542125
-6.155067
-5.548230
-4.161172
-1.820513
-1.733822
-4.854701
-1.213675
-0.433455
0.086691
-0.260073
1.213675
1.733822
1.993895
2.774115
4.854701
4.247863
5.634921
5.548230
4.507937
5.808303
6.588523
3.727717
1.993895
2.167277
3.814408
3.294261
2.860806
3.814408
1.733822
2.253968
4.247863
4.594628
3.207570
1.213675
0.520147
2.860806
3.554335
-0.260073
1.820513
0.606838
3.207570
7.108669
5.201465
5.721612
4.334554
2.514042
1.300366
-0.693529
-0.520147
-4.507937
-6.415140
-4.074481
-5.114774
-1.560440
0.260073
0.606838
0.433455
0.086691
-0.433455
1.473748
-1.213675
-3.554335
-3.120879
-3.901099
-8.062271
-7.715507
-3.901099
-3.814408
-5.201465
-2.774115
0.000000
0.173382
-3.814408
-2.167277
-3.901099
-2.600733
-4.681319
-5.461538
-2.427350
1.820513
-3.120879
-4.768010
-4.594628
-5.634921
-7.195360
-2.340659
-1.820513
-2.340659
-2.253968
-0.866911
-3.120879
-1.387057
-3.467643
-4.594628
-4.854701
-3.987790
-5.548230
-5.201465
-4.334554
-3.641026
-3.641026
-1.907204
-3.901099
-0.953602
1.300366
3.380952
1.647131
3.380952
3.814408
5.461538
6.675214
8.148962
6.588523
4.074481
3.380952
0.086691
-1.907204
-2.514042
-3.380952
-3.987790
-0.086691
3.034188
2.340659
7.108669
4.594628
6.155067
4.334554
2.600733
1.300366
0.693529
-0.693529
-3.294261
-3.380952
