7.041514
5.401709
3.376068
4.340659
2.700855
4.533578
2.411477
4.822955
3.954823
3.376068
5.401709
4.340659
4.822955
3.761905
0.675214
-5.980464
-2.700855
0.964591
3.086691
4.533578
1.639805
1.929182
-0.771673
0.385836
-0.771673
-2.990232
-3.376068
-3.376068
0.868132
2.990232
0.192918
-0.868132
-2.315018
0.289377
2.411477
-0.578755
4.437118
2.990232
5.305250
5.015873
4.630037
2.700855
2.990232
2.122100
1.736264
5.305250
5.208791
4.822955
1.736264
4.630037
1.929182
1.253968
3.086691
5.401709
1.832723
0.385836
4.533578
2.218559
-0.385836
2.411477
-1.446886
-1.350427
-1.832723
-2.218559
-1.832723
-1.543346
-1.639805
-1.543346
-1.061050
2.411477
2.218559
1.929182
5.015873
1.639805
3.472527
1.832723
0.192918
-0.289377
4.726496
3.086691
7.523810
5.112332
4.533578
2.411477
5.112332
2.893773
2.507937
4.244200
4.340659
3.472527
-0.675214
0.868132
4.244200
3.279609
5.401709
7.137973
7.620269
5.015873
3.954823
6.269841
1.253968
1.736264
2.315018
2.122100
1.929182
-0.192918
2.700855
0.675214
-2.604396
-0.096459
2.025641
3.279609
-0.096459
-1.061050
-0.675214
3.086691
2.893773
2.025641
1.350427
2.990232
4.147741
2.507937
1.736264
-1.061050
1.736264
5.787546
4.919414
-0.482295
-0.482295
0.964591
-1.061050
5.015873
6.655678
7.330891
3.279609
2.507937
7.137973
4.726496
-0.289377
-1.639805
1.446886
0.000000
0.964591
0.192918
0.385836
-0.192918
1.543346
-1.832723
-1.543346
-1.832723
-0.578755
2.122100
1.350427
-3.086691
2.411477
2.797314
0.771673
-0.868132
-3.183150
-4.630037
-2.218559
-1.446886
-1.543346
0.192918
0.675214
2.893773
0.868132
0.385836
-1.253968
0.289377
1.350427
2.507937
0.385836
-1.061050
-0.482295
4.533578
3.183150
5.112332
5.498168
3.568987
6.269841
6.848596
7.330891
4.147741
5.112332
2.218559
0.192918
1.832723
0.289377
-2.893773
1.157509
3.761905
6.076923
6.173382
6.366300
4.244200
4.630037
2.315018
2.122100
-0.964591
4.533578
4.822955
6.848596
8.295482
6.945055
3.858364
-0.868132
0.868132
3.086691
4.244200
4.437118
5.884005
5.112332
2.122100
0.385836
-0.675214
0.675214
-0.675214
-1.061050
-0.964591
3.376068
-2.218559
-4.051282
-6.269841
-6.269841
-4.437118
-3.376068
0.771673
2.218559
8.681319
4.244200
0.096459
-1.736264
-0.771673
-1.350427
-0.675214
2.700855
3.376068
5.112332
7.427350
2.507937
2.507937
1.929182
2.218559
0.771673
1.446886
6.559219
7.620269
2.797314
3.279609
3.761905
3.858364
0.192918
0.000000
1.736264
3.376068
5.498168
6.076923
4.630037
1.736264
1.543346
-1.736264
-1.446886
-4.822955
-1.446886
-1.350427
0.578755
-0.192918
0.000000
-0.482295
-2.025641
-0.868132
1.446886
-0.192918
0.096459
0.096459
1.253968
1.929182
3.568987
4.437118
3.086691
3.376068
1.253968
0.385836
-1.639805
0.385836
0.675214
2.990232
2.604396
6.752137
7.523810
7.716728
7.716728
4.147741
3.086691
3.376068
2.893773
3.858364
5.594628
5.015873
4.147741
2.990232
7.041514
4.340659
-0.675214
0.000000
3.183150
1.061050
1.929182
-2.700855
1.253968
-2.604396
-0.964591
-1.639805
-2.218559
-1.832723
-1.832723
-1.639805
1.446886
0.385836
-1.350427
-0.675214
-2.218559
-0.482295
0.096459
1.639805
0.096459
1.350427
2.797314
2.411477
-0.578755
-2.990232
-3.279609
-4.147741
-0.482295
-0.482295
0.096459
0.385836
-1.543346
0.385836
-1.543346
-1.639805
-2.218559
-4.051282
-2.604396
-3.858364
-0.964591
-2.025641
-1.446886
-1.061050
-2.315018
-4.437118
-8.777778
-6.366300
-5.112332
-8.295482
-6.462759
-2.893773
-0.868132
-4.726496
-4.630037
-6.076923
-4.437118
-9.163614
-3.279609
-4.822955
-3.472527
-3.279609
-0.482295
-3.665446
-4.051282
-4.051282
-4.340659
-2.893773
1.253968
0.868132
2.893773
-0.868132
-0.868132
-1.543346
-0.385836
-2.893773
-2.990232
1.157509
1.639805
2.411477
0.385836
0.385836
0.771673
0.385836
-2.122100
-1.157509
0.385836
1.157509
-0.675214
0.000000
1.157509
-2.507937
-3.279609
-3.568987
-2.893773
-4.919414
-2.122100
-0.385836
1.350427
1.736264
1.639805
1.543346
-1.832723
-5.980464
-9.356532
-4.822955
-4.051282
-3.472527
-4.630037
-0.578755
0.385836
-0.385836
-1.157509
0.192918
-4.147741
-3.279609
-0.192918
-1.832723
0.289377
-0.675214
-0.289377
-3.183150
-1.543346
-3.183150
-3.376068
-6.945055
-5.594628
-2.025641
-1.350427
-1.253968
0.385836
-0.482295
-1.736264
-2.507937
1.736264
1.639805
-0.771673
1.350427
0.096459
-2.700855
2.315018
2.122100
0.289377
-2.893773
-2.025641
-5.787546
-2.218559
-2.315018
-0.289377
-2.025641
-2.893773
-2.797314
0.964591
-3.761905
-0.096459
2.025641
0.192918
-2.604396
-0.096459
-1.446886
-2.411477
1.350427
0.578755
-1.639805
-0.289377
-1.253968
-3.761905
-2.218559
-2.797314
-3.376068
-2.990232
-1.832723
-2.025641
0.385836
-3.954823
-2.218559
1.543346
2.797314
1.832723
5.884005
5.208791
2.604396
1.446886
0.964591
-1.061050
1.543346
1.350427
-1.061050
8.584860
4.244200
4.630037
5.787546
4.822955
5.305250
2.122100
-0.096459
-0.771673
2.411477
1.350427
2.893773
4.340659
0.385836
2.122100
1.061050
0.385836
-0.289377
-1.929182
-0.578755
-1.929182
0.192918
0.868132
3.568987
1.157509
1.157509
-0.675214
2.025641
-1.253968
-0.578755
1.832723
0.675214
-0.385836
0.096459
-0.868132
-0.964591
-0.289377
3.279609
5.498168
2.315018
0.675214
-3.376068
-2.893773
-3.665446
-2.122100
0.096459
1.736264
2.411477
1.832723
-1.639805
0.385836
-1.061050
-1.736264
1.061050
-0.868132
-3.665446
-0.482295
2.893773
1.446886
1.929182
2.893773
-1.061050
-4.147741
-2.893773
-1.253968
0.096459
2.218559
-0.675214
-0.578755
3.761905
1.929182
-0.482295
-1.639805
-2.122100
-1.832723
0.964591
0.964591
2.122100
1.061050
1.639805
1.253968
2.122100
1.736264
-0.578755
0.385836
1.157509
1.446886
2.507937
4.533578
3.954823
3.665446
4.147741
2.700855
0.385836
3.665446
3.472527
2.025641
2.122100
3.665446
5.305250
1.832723
2.893773
0.096459
1.543346
-1.350427
0.675214
1.350427
3.086691
4.244200
2.604396
3.568987
2.218559
1.736264
-0.192918
1.736264
2.797314
4.533578
6.173382
6.559219
3.858364
5.305250
4.437118
3.858364
0.868132
3.279609
4.244200
3.183150
3.858364
4.437118
2.025641
0.675214
3.858364
3.761905
1.929182
3.665446
4.726496
3.279609
6.269841
4.822955
4.244200
3.858364
6.269841
0.771673
-1.832723
-1.832723
-2.797314
-3.183150
-2.025641
3.472527
5.305250
4.919414
3.954823
2.797314
0.964591
-2.411477
-1.832723
0.000000
0.964591
2.700855
7.909646
6.076923
2.893773
1.157509
1.157509
1.061050
0.675214
1.832723
3.086691
4.630037
4.533578
6.173382
3.761905
7.716728
1.832723
4.533578
2.797314
2.218559
2.315018
2.411477
3.279609
5.305250
5.594628
4.437118
4.630037
5.305250
3.858364
2.700855
6.945055
9.742369
6.462759
2.507937
-0.385836
4.147741
3.472527
4.340659
2.797314
4.437118
3.472527
5.691087
4.051282
5.980464
3.183150
6.366300
9.163614
8.006105
6.173382
5.401709
5.305250
4.822955
2.893773
3.858364
5.112332
4.919414
4.726496
3.472527
2.797314
4.726496
8.199023
4.437118
5.401709
6.945055
4.822955
2.604396
6.366300
2.218559
2.990232
1.832723
2.507937
1.350427
3.183150
2.507937
2.990232
2.604396
4.147741
3.086691
1.446886
-3.183150
1.639805
1.446886
-0.096459
2.700855
3.665446
1.446886
0.868132
2.507937
1.157509
0.868132
0.578755
0.289377
-1.350427
0.000000
-2.507937
-3.183150
-0.578755
-3.183150
-2.025641
1.446886
2.604396
-1.157509
-0.675214
-2.507937
-0.578755
-1.350427
3.568987
2.315018
1.832723
-0.289377
-1.253968
-2.411477
0.964591
-0.578755
1.350427
-0.192918
-1.350427
-2.411477
-2.411477
-4.340659
-1.061050
0.000000
-1.639805
0.385836
3.376068
1.639805
-2.122100
0.771673
3.568987
0.771673
-1.061050
3.761905
3.376068
0.096459
0.675214
2.893773
4.051282
2.990232
-0.482295
3.472527
5.498168
7.041514
6.848596
7.620269
7.523810
6.945055
5.498168
7.427350
6.366300
4.051282
0.000000
-0.192918
-0.289377
-0.482295
1.832723
2.893773
1.253968
1.253968
2.025641
0.578755
-0.964591
0.385836
-2.122100
-0.385836
-1.929182
0.000000
2.604396
2.990232
0.675214
-0.192918
0.964591
0.771673
0.964591
-0.192918
3.086691
0.675214
-2.122100
2.604396
0.289377
-3.665446
-4.726496
-3.568987
-1.446886
-1.157509
0.385836
1.929182
0.964591
2.218559
0.289377
-4.244200
-2.411477
-0.771673
0.000000
-3.279609
-2.411477
-5.208791
-5.305250
-6.076923
-7.137973
-6.269841
-6.366300
-8.102564
-3.858364
-2.507937
-6.655678
-5.787546
-7.909646
-3.954823
-4.051282
-4.147741
-2.700855
-5.498168
-5.691087
-2.604396
-1.157509
-2.893773
-1.929182
-2.507937
-3.665446
-2.604396
-3.665446
-7.427350
-3.665446
-4.437118
-0.289377
0.289377
1.929182
0.868132
1.832723
1.639805
3.858364
2.122100
2.025641
4.630037
6.945055
4.919414
3.376068
2.507937
4.340659
0.964591
2.218559
1.350427
5.498168
0.675214
1.350427
-0.192918
0.675214
-3.183150
0.771673
0.868132
-1.639805
-3.858364
-3.086691
0.192918
-4.051282
-1.543346
0.868132
-2.700855
-6.173382
-3.183150
3.472527
-2.218559
-4.244200
-3.086691
1.736264
-0.482295
-6.076923
-3.761905
-0.964591
-0.482295
-4.340659
-2.797314
0.964591
-0.289377
0.385836
-3.183150
-1.543346
-6.076923
-4.051282
-2.893773
-0.482295
-3.086691
-4.630037
-2.122100
-0.192918
-3.279609
-6.173382
-3.086691
-4.051282
-3.858364
0.385836
-5.594628
-4.437118
-1.832723
-1.736264
-1.446886
-0.675214
-0.482295
-2.893773
-0.675214
-0.192918
-3.279609
-4.244200
-5.401709
-7.427350
-7.716728
-6.076923
-3.858364
-0.964591
-1.253968
-1.543346
-4.244200
-0.964591
-4.244200
-3.376068
-6.559219
-4.437118
-5.112332
-6.076923
-4.051282
-5.208791
-5.691087
-6.366300
-2.700855
-5.112332
-1.639805
-0.964591
-2.893773
0.385836
-1.253968
-3.376068
-1.253968
1.832723
-0.868132
-0.868132
-2.218559
-0.868132
-0.771673
0.289377
-1.639805
1.929182
-0.675214
3.279609
0.771673
0.868132
0.192918
-2.025641
-2.507937
-4.437118
-1.736264
-2.411477
-0.868132
-1.736264
-4.630037
0.675214
-1.736264
0.385836
2.218559
0.964591
0.771673
-0.578755
-2.604396
-2.122100
-2.315018
0.964591
-1.061050
2.218559
2.700855
3.376068
1.832723
-2.122100
0.289377
-0.771673
-1.157509
-0.868132
-1.639805
-3.761905
-1.350427
-2.411477
-3.183150
-3.761905
2.122100
5.594628
3.086691
1.350427
0.385836
1.929182
-1.061050
-2.315018
-2.507937
-3.858364
-1.253968
0.385836
3.183150
3.183150
0.192918
-1.061050
-1.157509
1.736264
-0.675214
2.122100
-0.096459
-2.122100
-1.929182
-1.061050
-3.472527
-1.157509
-0.675214
2.507937
-0.675214
-0.771673
-5.594628
-3.279609
-5.498168
-3.954823
-3.954823
-2.893773
-0.868132
-2.218559
-1.929182
-3.954823
-1.639805
-0.964591
-5.305250
-2.315018
-2.025641
0.385836
0.096459
6.462759
4.340659
5.305250
4.147741
3.472527
2.700855
2.025641
5.305250
5.208791
6.366300
6.945055
6.848596
11.478632
6.848596
9.452991
8.777778
2.315018
3.279609
5.594628
1.061050
-0.385836
1.543346
0.289377
-4.340659
0.771673
2.507937
0.385836
0.385836
0.192918
-6.173382
-4.244200
-2.507937
0.771673
-0.385836
-1.061050
-1.350427
1.639805
4.244200
1.832723
0.385836
3.568987
4.147741
1.253968
3.954823
6.945055
5.015873
1.061050
1.350427
-0.096459
0.964591
2.990232
2.797314
2.218559
2.315018
0.868132
-5.112332
3.858364
3.183150
2.893773
1.929182
2.218559
0.771673
-2.990232
-2.411477
-0.096459
-3.568987
-3.472527
-0.578755
-1.061050
2.700855
0.192918
0.096459
-0.289377
-1.543346
-4.919414
-3.568987
-3.279609
-2.893773
-5.691087
-5.787546
-3.183150
0.000000
1.350427
-0.192918
-3.376068
-3.472527
-2.507937
-2.990232
-1.253968
0.385836
-4.726496
0.385836
-0.578755
-1.061050
0.385836
1.157509
6.559219
1.736264
4.147741
4.340659
3.954823
2.411477
3.761905
0.385836
1.061050
2.507937
2.893773
3.472527
3.761905
6.366300
6.366300
6.173382
5.305250
1.832723
3.279609
3.086691
3.665446
2.990232
4.533578
-0.482295
2.122100
1.929182
0.096459
-1.350427
-1.543346
2.700855
4.051282
7.041514
1.832723
2.122100
2.025641
1.253968
3.183150
3.568987
-0.192918
-2.604396
-3.472527
-3.858364
1.253968
3.279609
5.305250
5.980464
3.086691
2.122100
-0.289377
1.832723
2.507937
4.244200
6.945055
5.884005
2.122100
3.183150
2.218559
1.446886
3.954823
3.086691
3.954823
6.076923
2.025641
3.568987
4.919414
1.157509
3.858364
-0.289377
-1.929182
1.350427
0.578755
2.893773
3.472527
5.691087
4.919414
1.639805
2.797314
2.122100
2.893773
2.797314
4.437118
2.990232
5.787546
2.411477
-3.954823
0.771673
2.893773
1.929182
3.279609
3.858364
3.279609
2.025641
0.192918
1.929182
0.192918
-2.507937
1.832723
5.884005
1.832723
-0.771673
-1.639805
4.147741
4.630037
-0.675214
5.884005
3.568987
0.385836
3.761905
6.559219
6.173382
0.385836
5.305250
10.514042
5.980464
5.112332
6.559219
8.681319
2.411477
3.376068
5.112332
8.488400
3.472527
4.051282
6.655678
7.909646
5.401709
2.025641
2.122100
0.096459
-0.289377
-1.446886
0.385836
0.771673
0.675214
0.096459
-2.218559
-1.929182
2.218559
-1.061050
0.000000
6.848596
4.244200
0.771673
-1.736264
0.385836
0.192918
-2.700855
0.578755
4.726496
2.700855
4.051282
2.507937
1.157509
1.543346
1.253968
-2.122100
0.771673
5.208791
2.122100
7.041514
5.015873
6.945055
3.376068
2.893773
0.192918
-0.289377
1.543346
3.954823
4.147741
2.990232
3.183150
3.376068
-1.061050
-2.797314
-8.488400
-6.173382
-7.137973
-2.797314
0.000000
3.761905
1.639805
-1.061050
-5.691087
-7.137973
-8.391941
-7.330891
-1.736264
1.639805
3.568987
6.462759
5.691087
3.279609
-3.665446
-8.199023
-10.899878
-5.594628
-0.482295
6.269841
7.620269
7.523810
2.315018
1.350427
-0.868132
-7.909646
-10.514042
-5.787546
-1.736264
4.147741
4.340659
8.102564
6.752137
6.945055
7.909646
6.752137
4.919414
8.777778
4.919414
3.086691
1.253968
4.822955
6.752137
4.340659
4.822955
6.366300
6.655678
4.533578
2.797314
6.559219
2.604396
2.700855
3.279609
2.411477
1.253968
1.543346
-1.832723
1.929182
1.929182
-0.578755
-2.025641
-1.350427
-1.639805
3.761905
0.385836
2.025641
4.051282
0.385836
-2.411477
1.061050
1.543346
0.578755
2.797314
1.832723
3.376068
2.700855
2.315018
2.122100
2.990232
0.192918
2.025641
1.061050
-2.218559
-0.868132
-0.289377
0.868132
-1.157509
0.771673
2.797314
0.289377
-2.411477
-3.279609
-4.437118
-2.797314
-4.726496
-3.954823
0.385836
0.385836
1.350427
1.639805
1.543346
0.675214
-0.096459
-4.437118
-2.218559
0.964591
2.122100
1.929182
2.604396
3.954823
3.858364
-0.289377
-2.218559
2.893773
5.594628
6.559219
4.051282
3.376068
7.716728
5.691087
0.385836
-3.954823
0.385836
0.385836
2.700855
2.893773
5.594628
4.822955
9.549451
5.305250
1.350427
-2.990232
-4.051282
-1.157509
0.289377
0.096459
9.549451
9.549451
9.356532
6.173382
2.893773
-0.578755
-1.157509
-4.437118
-4.437118
-2.025641
1.929182
5.208791
9.935287
9.645910
7.909646
5.015873
1.832723
-0.385836
-2.893773
-5.112332
-2.218559
-2.315018
1.832723
5.594628
4.919414
5.015873
1.543346
-1.061050
-2.025641
-8.295482
-8.006105
-4.919414
-2.411477
2.507937
5.691087
6.269841
5.691087
7.330891
5.305250
0.000000
-4.244200
-7.427350
-3.858364
-5.594628
-2.604396
1.929182
6.945055
6.269841
2.990232
4.340659
3.376068
-2.700855
-6.269841
-2.604396
-3.665446
-2.218559
0.385836
0.192918
-0.385836
-0.289377
-0.578755
-0.964591
-1.061050
0.385836
-2.218559
0.868132
1.446886
2.025641
2.218559
2.218559
0.868132
-0.868132
-0.192918
-2.122100
0.385836
-0.771673
0.964591
2.797314
2.893773
2.315018
5.112332
4.533578
0.771673
0.771673
1.929182
-2.507937
-3.954823
-2.218559
-0.192918
-0.578755
1.736264
0.385836
4.244200
5.015873
3.183150
3.858364
1.736264
1.736264
-1.832723
-2.893773
-3.954823
-4.919414
-0.096459
-0.675214
1.543346
4.533578
1.446886
2.700855
0.964591
-0.868132
0.385836
-1.929182
-1.736264
-4.437118
-0.675214
-0.192918
-4.630037
-6.945055
-4.244200
-3.086691
-1.253968
-1.639805
-1.253968
-0.289377
1.446886
-1.350427
-4.822955
-0.289377
-0.482295
-1.832723
-0.289377
-1.157509
-5.112332
-5.498168
-5.401709
-4.919414
-4.630037
0.675214
-1.832723
-1.157509
-3.376068
-5.498168
-4.919414
-7.234432
-7.137973
-6.076923
-4.919414
-4.244200
-2.218559
-0.868132
-0.482295
-1.157509
-2.507937
-1.350427
-6.655678
-7.716728
-4.051282
0.868132
-1.446886
-5.305250
-3.761905
-2.797314
-7.137973
-4.147741
-6.366300
-6.076923
-2.218559
-3.086691
-5.112332
-5.691087
-3.761905
-10.803419
-5.787546
-3.279609
-6.269841
-5.691087
-3.279609
-3.761905
-3.376068
-6.752137
-4.919414
-5.015873
-9.260073
-6.366300
-0.289377
-4.340659
-4.919414
-2.218559
-0.868132
-2.218559
-1.832723
-2.507937
-3.568987
0.964591
1.061050
-3.954823
-0.192918
-0.578755
1.639805
-0.482295
-3.183150
-2.025641
2.700855
1.157509
-3.472527
-2.025641
0.096459
-1.157509
-0.482295
-0.385836
-0.096459
1.929182
0.289377
-0.868132
-0.771673
0.385836
-2.700855
-5.594628
-5.401709
-3.568987
-0.192918
-0.289377
-0.482295
-3.665446
-3.183150
-2.315018
-5.884005
-3.086691
-2.218559
-1.446886
0.675214
3.279609
-0.964591
-1.736264
-3.568987
-1.157509
-3.183150
-5.208791
-4.437118
-1.639805
-3.665446
-7.041514
-4.533578
-2.025641
-4.051282
-4.919414
-3.376068
-2.507937
-2.315018
-4.630037
0.192918
-2.797314
-6.848596
-6.173382
-1.929182
-1.061050
-0.868132
0.192918
-1.639805
1.736264
-0.192918
-2.990232
-3.472527
-5.980464
-6.462759
-7.234432
-4.051282
-6.848596
-5.401709
-3.665446
-4.726496
-8.391941
-8.874237
-3.183150
-2.700855
-3.086691
-3.279609
-0.868132
0.192918
-1.061050
-3.858364
-3.954823
-7.041514
-10.128205
-4.919414
-6.559219
-5.498168
-4.630037
-4.340659
-4.051282
-2.507937
-3.183150
-8.102564
-5.498168
-3.183150
-1.736264
-1.253968
-1.253968
0.289377
-3.665446
-1.832723
-4.533578
-7.909646
-3.086691
0.385836
6.076923
1.157509
5.208791
2.604396
-2.025641
-5.401709
-4.244200
1.061050
-2.700855
-0.964591
2.893773
5.208791
2.893773
0.385836
-0.096459
-3.954823
-4.244200
-2.315018
-0.578755
-0.289377
-0.385836
2.411477
1.929182
-2.604396
-0.964591
-1.446886
-3.472527
-0.385836
-1.543346
-5.015873
-6.366300
-3.472527
-8.102564
-7.716728
-3.954823
-6.173382
-4.147741
-5.208791
-4.726496
-2.604396
-0.192918
-5.787546
-4.630037
-3.858364
-1.543346
-2.025641
-0.675214
-1.446886
-0.192918
-1.253968
-2.411477
-3.858364
-1.157509
-2.315018
-2.990232
-0.192918
2.025641
0.192918
-0.868132
-1.157509
-0.578755
-1.639805
0.385836
2.122100
5.112332
2.604396
1.446886
-1.832723
-0.482295
-1.929182
-1.157509
-2.122100
-2.025641
-3.761905
-1.832723
1.832723
3.761905
3.086691
2.411477
5.208791
4.533578
1.061050
2.797314
1.350427
1.543346
3.279609
2.218559
2.025641
3.086691
3.858364
6.559219
7.427350
5.980464
3.472527
4.051282
5.208791
3.279609
3.472527
5.980464
7.137973
4.340659
2.507937
6.559219
5.401709
4.822955
2.700855
5.884005
6.848596
5.401709
8.102564
7.620269
4.147741
-0.578755
-2.218559
-0.675214
-1.350427
-2.025641
1.350427
3.954823
2.893773
5.401709
6.752137
4.340659
1.157509
1.253968
1.157509
1.157509
-2.122100
-1.350427
-1.446886
0.771673
2.797314
0.289377
1.929182
-0.482295
-2.025641
-1.929182
4.244200
6.559219
2.122100
3.376068
3.761905
2.797314
0.192918
-2.507937
-3.279609
-0.289377
1.061050
1.061050
1.639805
0.771673
-1.736264
-0.771673
-3.376068
-1.639805
2.218559
1.253968
2.893773
5.305250
3.568987
-1.736264
1.543346
2.218559
0.096459
-3.954823
-2.315018
3.183150
2.218559
6.655678
4.051282
3.472527
3.568987
2.700855
4.340659
-0.482295
2.797314
4.437118
4.726496
3.086691
3.472527
6.173382
3.858364
3.086691
0.385836
-0.964591
0.964591
5.401709
3.761905
0.964591
3.279609
9.838828
7.427350
2.604396
4.919414
5.691087
3.472527
4.533578
6.366300
3.665446
1.350427
2.893773
4.340659
3.472527
4.051282
7.234432
9.452991
