-1.171429
0.270330
4.595604
5.496703
5.947253
2.883516
0.540659
-3.063736
-1.621978
-4.145055
0.991209
-0.360440
-0.180220
-2.072527
3.964835
6.217582
6.758242
6.848352
2.432967
-1.802198
-3.604396
-3.243956
0.540659
-0.090110
2.613187
2.072527
3.964835
1.802198
2.883516
-1.531868
-2.342857
-6.127473
-8.650549
-9.551648
-9.731868
-3.063736
-1.171429
5.046154
5.767033
4.325275
8.200000
10.542857
11.083516
6.758242
6.127473
-9.101099
-2.162637
-6.668132
-7.749451
-7.479121
-4.415385
-3.514286
0.991209
1.982418
0.540659
2.342857
2.883516
3.694505
2.703297
1.802198
2.162637
5.767033
4.775824
4.595604
3.063736
1.351648
0.270330
-0.630769
3.063736
-0.450549
6.217582
7.749451
8.830769
5.857143
5.226374
3.153846
1.351648
-2.342857
-0.270330
4.415385
8.830769
11.083516
14.147253
10.903297
10.272527
7.389011
6.127473
4.235165
2.252747
3.784615
6.668132
9.191209
5.857143
7.749451
7.479121
6.037363
4.325275
-0.090110
-2.973626
0.090110
2.342857
1.712088
1.712088
1.802198
3.874725
5.046154
4.415385
0.991209
-1.802198
-2.703297
-2.973626
-2.973626
0.720879
-0.991209
0.360440
3.784615
1.892308
2.703297
1.621978
2.613187
4.775824
3.334066
3.784615
4.145055
1.081319
1.802198
0.720879
-0.810989
-1.171429
-4.325275
-8.200000
-8.830769
-8.560440
-4.865934
2.613187
9.371429
14.237363
13.786813
10.092308
2.883516
-2.523077
-8.650549
-10.452747
-10.632967
-10.993407
-6.217582
0.360440
4.865934
4.145055
7.659341
6.487912
5.316484
1.982418
-0.450549
-4.145055
-4.054945
-3.243956
-4.685714
0.540659
3.964835
5.226374
5.767033
3.694505
3.604396
-0.540659
-0.630769
-4.325275
-3.964835
-6.668132
-4.505495
0.180220
3.334066
7.118681
11.534066
10.002198
7.028571
4.054945
0.540659
-2.162637
-5.767033
-6.397802
-4.325275
-3.694505
1.081319
6.487912
11.173626
7.749451
8.019780
3.514286
-3.604396
-7.208791
-6.578022
-9.101099
-6.307692
-2.342857
0.991209
3.514286
7.569231
1.351648
-1.171429
-8.290110
-8.019780
-10.723077
-9.821978
-7.389011
-3.874725
-1.171429
1.802198
0.180220
0.540659
-2.703297
-5.857143
-5.857143
-6.307692
-6.668132
-4.775824
1.171429
6.037363
7.659341
6.217582
5.767033
3.424176
-2.523077
-7.569231
-11.534066
-7.749451
-4.054945
3.604396
4.325275
7.389011
5.406593
5.316484
-0.450549
-1.261538
-5.136264
-9.371429
-17.751648
-11.263736
-3.784615
1.171429
5.676923
5.586813
9.821978
9.461538
10.002198
8.200000
2.703297
-0.901099
-3.964835
-5.857143
-7.749451
-7.929670
-7.569231
-5.136264
-0.270330
0.180220
2.703297
5.406593
3.424176
0.360440
-1.712088
-6.668132
-6.127473
-8.380220
-5.406593
-2.703297
-0.450549
3.424176
7.298901
7.569231
6.037363
5.857143
3.514286
0.991209
-4.505495
-5.226374
-4.505495
-2.162637
-1.621978
3.153846
4.054945
3.784615
4.685714
6.578022
4.865934
0.720879
1.441758
0.630769
-0.720879
0.810989
2.523077
3.153846
3.424176
4.145055
3.063736
3.874725
0.180220
2.613187
-1.261538
-1.892308
-2.342857
1.892308
7.569231
5.586813
6.307692
7.479121
7.389011
2.613187
-0.090110
-2.523077
-6.668132
-5.046154
-5.767033
-1.171429
-1.621978
0.090110
2.793407
4.685714
4.956044
3.063736
-2.523077
-3.874725
-4.235165
-6.397802
-3.694505
-3.334066
-1.802198
0.630769
-0.450549
-0.180220
-1.531868
-3.694505
-4.325275
0.090110
2.883516
2.793407
3.784615
2.793407
5.857143
7.479121
8.470330
5.406593
4.956044
-0.991209
-0.810989
-3.514286
-2.072527
-1.802198
3.334066
6.758242
7.118681
8.830769
5.586813
5.046154
1.081319
-2.162637
-3.874725
-3.694505
-2.523077
-1.982418
-0.180220
0.901099
0.630769
0.090110
2.613187
3.784615
4.865934
2.613187
0.180220
-0.450549
0.090110
1.081319
-0.450549
-0.810989
-1.621978
0.540659
1.351648
2.342857
0.450549
-1.351648
-1.261538
-1.712088
-5.226374
-5.857143
-4.325275
-0.540659
-0.090110
-0.991209
1.351648
-1.171429
-0.901099
-4.595604
-4.235165
-4.415385
-5.136264
-3.424176
-1.982418
-0.540659
2.613187
4.325275
3.063736
2.703297
3.874725
1.171429
-1.441758
-4.595604
-2.793407
-6.217582
-5.586813
-3.784615
-2.973626
-3.063736
0.720879
3.153846
0.810989
0.450549
0.180220
-5.947253
-4.685714
-3.153846
-3.514286
-1.081319
-0.630769
3.964835
4.595604
6.397802
5.496703
4.865934
0.180220
0.270330
-1.531868
-3.874725
-2.252747
0.540659
1.531868
6.307692
5.947253
6.487912
0.180220
-5.586813
-4.145055
-1.261538
-0.540659
3.694505
5.767033
6.127473
4.775824
6.037363
4.956044
0.450549
-2.613187
-2.072527
-2.342857
-1.982418
-1.081319
-0.270330
-1.351648
-0.630769
3.964835
3.694505
5.046154
3.334066
0.180220
-0.450549
0.000000
2.883516
1.081319
3.153846
3.063736
7.569231
5.586813
5.586813
5.406593
2.613187
-2.703297
0.540659
3.874725
2.252747
1.261538
3.334066
5.136264
4.235165
6.037363
3.784615
0.901099
-2.973626
-1.531868
0.540659
2.252747
5.406593
1.712088
2.342857
3.063736
-2.252747
-0.270330
-2.072527
-5.136264
-6.758242
-4.505495
2.162637
-1.621978
-1.351648
0.360440
-1.081319
-3.424176
-7.569231
-7.479121
-9.010989
-2.432967
-1.531868
0.991209
0.540659
-0.180220
0.540659
-0.450549
1.802198
-0.630769
-0.810989
-0.810989
-0.720879
-4.415385
-2.342857
-2.613187
-1.171429
-1.261538
-2.973626
-5.676923
-3.874725
-4.685714
-1.712088
-1.441758
1.261538
1.171429
0.450549
-3.063736
-5.226374
-3.604396
0.180220
2.342857
2.613187
2.883516
0.180220
-2.252747
-3.153846
-3.784615
-3.063736
-1.892308
-1.081319
-4.505495
-5.316484
-1.802198
-0.450549
2.252747
-0.630769
0.630769
4.505495
4.145055
2.973626
2.523077
1.531868
-5.406593
-2.703297
-1.261538
-1.712088
0.540659
0.630769
3.514286
2.793407
3.334066
3.514286
4.505495
2.523077
-0.090110
-0.630769
-0.270330
0.540659
-0.090110
2.703297
5.586813
0.991209
2.793407
1.351648
3.964835
4.054945
4.685714
3.604396
4.775824
2.793407
6.307692
0.360440
1.531868
0.810989
0.360440
0.270330
1.171429
-0.450549
0.810989
0.630769
1.712088
0.901099
0.901099
0.810989
1.712088
2.162637
0.270330
-2.613187
0.000000
-1.171429
-1.621978
-3.153846
0.360440
0.540659
1.261538
-0.180220
0.810989
0.630769
1.171429
-0.090110
1.171429
0.810989
-2.432967
-2.883516
-4.054945
-3.964835
-0.991209
2.703297
7.389011
10.542857
10.632967
6.487912
6.037363
5.046154
-0.180220
-2.342857
-2.973626
-1.081319
-3.874725
-4.595604
-5.316484
-6.037363
-2.252747
1.261538
1.621978
-0.630769
1.171429
1.261538
0.991209
2.252747
1.712088
2.252747
3.964835
5.676923
5.406593
2.973626
5.767033
5.496703
4.595604
4.595604
-0.540659
-5.406593
-5.767033
-5.226374
-6.938462
-4.595604
-1.351648
4.415385
3.334066
4.505495
4.325275
0.810989
-1.081319
1.081319
2.252747
3.784615
-0.720879
-0.901099
-1.531868
0.000000
-0.270330
-0.450549
1.802198
2.703297
2.252747
4.685714
4.956044
5.586813
3.964835
3.334066
0.810989
-1.892308
-3.514286
-5.406593
-5.767033
-0.991209
-0.360440
1.892308
7.569231
10.993407
9.912088
7.118681
5.496703
0.810989
-2.252747
-4.054945
-8.920879
-9.641758
-10.993407
-6.397802
-5.947253
-3.964835
-0.090110
1.351648
-0.810989
-0.450549
-0.180220
0.540659
-3.514286
-4.685714
-8.290110
-9.731868
-7.929670
-7.298901
-6.217582
-3.604396
-4.145055
-4.865934
-5.857143
-2.252747
-2.432967
0.810989
6.397802
8.200000
8.560440
10.632967
12.525275
9.281319
8.830769
8.740659
10.092308
10.272527
7.659341
7.298901
5.136264
3.874725
5.316484
6.668132
5.496703
1.982418
-1.081319
-3.514286
-5.857143
-4.325275
-6.668132
-4.235165
-3.514286
-2.432967
-4.235165
-5.316484
-5.947253
-4.865934
-4.235165
-3.243956
-3.964835
-1.621978
0.270330
0.000000
2.523077
2.432967
3.153846
4.775824
3.784615
5.676923
10.542857
7.569231
5.496703
5.136264
4.054945
1.441758
-0.540659
-1.982418
-3.243956
-2.793407
-0.540659
1.892308
2.072527
2.072527
3.063736
-1.081319
-0.360440
1.351648
-0.630769
-0.360440
0.991209
2.613187
2.793407
5.857143
5.136264
1.621978
0.180220
2.252747
1.351648
0.540659
-0.810989
-0.540659
-2.432967
-0.901099
-2.252747
-1.892308
-0.270330
3.334066
6.217582
8.650549
9.461538
10.272527
7.479121
7.208791
6.217582
3.063736
0.810989
2.703297
5.857143
3.243956
4.054945
3.063736
5.136264
5.316484
4.865934
4.685714
1.531868
1.171429
-0.540659
0.270330
-1.261538
0.090110
2.162637
2.252747
-0.720879
-3.694505
0.360440
2.793407
-0.180220
0.270330
0.000000
2.793407
1.802198
5.496703
3.694505
4.865934
1.712088
3.243956
4.415385
3.334066
-1.802198
-3.063736
-4.145055
-3.874725
-4.505495
-2.793407
-1.441758
-2.703297
-5.947253
-2.523077
-2.162637
-2.523077
-1.531868
-2.072527
0.000000
0.090110
1.531868
-0.180220
1.351648
0.991209
-0.540659
0.540659
1.351648
-0.991209
-2.432967
-1.081319
-0.630769
-2.072527
-2.162637
0.810989
0.810989
1.712088
2.072527
1.531868
0.720879
-1.802198
-0.901099
-1.621978
-0.180220
4.505495
1.621978
2.793407
1.802198
-0.810989
-3.604396
-0.540659
-1.982418
0.630769
0.540659
1.441758
0.630769
-1.171429
0.000000
1.802198
0.991209
0.000000
-0.810989
-1.081319
-6.397802
-8.019780
-7.839560
-9.281319
-1.982418
1.621978
1.441758
5.226374
4.865934
2.883516
1.441758
3.694505
0.991209
0.000000
-4.145055
-1.892308
-2.523077
-2.523077
-1.261538
-0.810989
0.540659
0.991209
1.441758
2.883516
2.072527
-0.810989
-2.883516
-3.153846
-4.865934
0.180220
2.432967
3.694505
-0.090110
0.540659
-0.720879
1.892308
2.703297
1.892308
-0.991209
0.360440
2.432967
1.081319
-1.351648
-0.360440
0.360440
2.342857
2.342857
2.883516
3.604396
2.883516
4.325275
4.685714
5.046154
2.613187
2.432967
3.514286
3.424176
2.613187
2.072527
4.325275
1.892308
2.703297
0.000000
0.180220
1.171429
1.441758
3.874725
4.775824
6.037363
7.839560
4.595604
7.569231
7.028571
7.389011
6.938462
4.505495
4.775824
5.676923
6.127473
3.784615
3.874725
6.668132
8.019780
6.127473
6.578022
5.586813
2.432967
-0.720879
-1.441758
-1.261538
0.630769
-0.720879
-2.523077
-1.261538
-1.261538
-0.991209
3.874725
2.072527
1.441758
-0.090110
-1.171429
-0.720879
-3.243956
-3.964835
-5.496703
-3.243956
-3.784615
1.261538
-1.081319
-5.947253
-5.586813
-5.226374
-3.874725
-6.127473
-3.514286
-0.810989
1.531868
2.342857
2.072527
0.450549
1.531868
-0.630769
0.360440
-1.351648
1.621978
0.901099
2.342857
-0.270330
1.171429
-2.342857
-0.901099
0.991209
0.360440
-1.621978
-4.054945
-2.613187
-1.712088
-1.261538
-0.270330
0.630769
4.235165
3.694505
1.261538
-0.720879
-0.270330
1.441758
-0.360440
0.180220
-2.252747
-5.496703
-3.334066
-3.604396
-4.235165
-1.892308
0.180220
1.441758
1.081319
4.775824
5.316484
6.217582
6.848352
8.200000
7.028571
6.578022
5.857143
3.424176
4.054945
1.621978
0.270330
1.712088
2.432967
0.810989
0.901099
3.153846
1.712088
3.243956
3.334066
2.973626
4.865934
3.514286
3.424176
2.703297
-0.630769
-2.523077
-2.162637
-3.424176
-6.938462
-5.226374
-5.406593
-2.252747
0.000000
3.424176
7.569231
10.813187
8.920879
9.101099
8.200000
7.208791
5.586813
2.432967
-0.540659
-2.162637
-3.964835
-2.793407
-1.802198
-0.180220
2.973626
2.973626
6.487912
7.929670
4.595604
3.514286
4.235165
1.531868
-0.630769
0.090110
-1.892308
-1.531868
0.991209
4.865934
4.865934
6.397802
7.749451
7.569231
2.793407
2.252747
5.136264
7.298901
5.676923
5.767033
6.037363
4.595604
2.883516
4.685714
1.531868
4.054945
4.505495
5.496703
7.659341
10.272527
8.380220
7.118681
3.063736
2.973626
3.153846
4.145055
1.802198
3.243956
1.351648
0.810989
0.450549
3.063736
1.982418
2.883516
2.523077
5.046154
7.389011
6.307692
5.136264
5.676923
3.874725
-1.802198
-1.982418
-2.703297
-4.235165
-5.046154
-7.028571
-7.028571
-5.947253
-10.452747
-1.802198
-0.720879
-2.793407
-1.441758
-3.063736
-2.973626
-2.703297
-0.270330
-0.630769
-1.892308
-0.270330
1.712088
3.694505
1.351648
1.171429
-0.360440
-2.252747
-1.351648
-2.883516
-1.531868
-2.973626
-4.325275
-5.496703
-6.217582
-9.101099
-7.569231
-4.325275
-4.054945
-3.063736
-2.793407
0.720879
3.063736
2.072527
3.334066
2.613187
4.235165
2.793407
-0.540659
-3.243956
-2.613187
-3.424176
-4.325275
-4.865934
-4.054945
-2.703297
-1.802198
-2.342857
-2.793407
-2.703297
-3.964835
-3.694505
-5.496703
1.441758
0.720879
0.540659
-1.982418
-7.389011
-5.947253
-7.749451
-8.560440
-7.749451
-6.758242
-4.145055
-3.153846
-1.531868
-3.874725
-2.613187
0.630769
1.261538
-1.351648
-1.982418
-3.694505
-6.487912
-6.758242
-4.145055
-5.857143
-6.397802
-8.470330
-11.083516
-10.903297
-11.083516
-9.191209
-11.173626
-7.749451
-5.046154
-6.037363
-6.938462
-6.668132
-7.389011
-7.749451
-7.389011
-4.145055
-2.252747
-0.810989
3.874725
5.136264
-0.991209
-1.621978
-1.621978
-1.621978
-2.162637
-2.973626
-1.081319
0.000000
-0.090110
-0.901099
-0.540659
-0.270330
0.090110
-2.793407
0.901099
1.441758
-1.081319
-2.342857
0.720879
-0.090110
1.802198
2.973626
7.298901
6.037363
8.109890
4.956044
6.037363
3.694505
-0.090110
-3.694505
-6.758242
-6.037363
-9.281319
-10.452747
-9.641758
-7.929670
-6.397802
-7.389011
-7.298901
-6.217582
-4.505495
-3.063736
-0.630769
-2.793407
-1.081319
-0.180220
4.235165
6.848352
9.101099
6.668132
5.226374
6.848352
3.694505
-0.450549
-3.514286
-6.938462
-7.389011
-9.641758
-4.865934
-3.424176
-4.505495
-2.252747
1.171429
-0.991209
1.441758
1.261538
-4.054945
-4.145055
-3.153846
0.450549
1.621978
1.351648
3.964835
6.487912
8.380220
6.848352
5.406593
4.775824
5.226374
4.595604
5.947253
5.767033
2.523077
-3.604396
0.090110
-1.261538
-2.613187
-3.153846
-3.063736
-5.676923
-4.325275
-2.072527
-0.270330
1.531868
-0.180220
2.613187
0.991209
4.505495
5.857143
7.479121
7.659341
8.200000
4.956044
3.784615
3.604396
-2.432967
-1.621978
-1.441758
-0.991209
0.630769
1.621978
3.604396
-3.063736
2.342857
2.162637
1.351648
1.802198
1.171429
-1.712088
0.991209
-0.450549
0.901099
-0.810989
-0.180220
2.973626
3.334066
2.973626
2.973626
6.758242
4.595604
5.226374
6.668132
5.496703
4.235165
8.560440
7.929670
9.101099
5.676923
6.037363
3.874725
3.694505
1.892308
8.740659
8.290110
2.523077
1.892308
0.991209
2.162637
3.334066
2.523077
3.694505
3.334066
4.415385
6.217582
5.136264
7.028571
5.857143
6.037363
6.487912
4.235165
5.947253
10.272527
6.037363
5.767033
5.496703
2.793407
7.298901
5.406593
7.118681
6.307692
5.136264
4.865934
0.810989
0.180220
0.450549
4.054945
5.496703
2.523077
5.947253
4.415385
5.947253
6.758242
9.191209
8.560440
7.839560
3.334066
3.514286
2.793407
4.054945
1.982418
2.072527
-0.540659
1.802198
2.883516
4.775824
2.973626
5.226374
5.226374
6.217582
6.217582
5.226374
4.145055
6.307692
4.145055
3.243956
4.505495
4.865934
5.046154
5.947253
4.685714
5.316484
5.496703
3.964835
5.947253
5.226374
3.424176
4.595604
2.342857
1.351648
1.531868
0.630769
0.090110
0.630769
0.360440
-0.810989
-1.171429
-0.630769
-3.424176
-2.072527
-3.063736
-5.586813
-4.145055
-1.351648
5.226374
9.912088
10.092308
8.650549
4.505495
4.865934
6.487912
8.200000
11.624176
10.993407
10.632967
8.560440
4.325275
0.810989
0.810989
-1.351648
-3.604396
-5.136264
-3.153846
-3.063736
-3.784615
-1.081319
-2.072527
1.171429
2.162637
4.956044
3.784615
-0.090110
-1.081319
-0.901099
-2.072527
-1.171429
-0.180220
0.810989
-2.793407
-6.848352
-10.362637
-10.362637
-10.272527
-10.542857
-10.002198
-10.723077
-11.714286
-10.542857
-7.569231
-6.127473
-4.415385
-1.171429
0.540659
0.090110
0.540659
3.063736
3.243956
3.874725
2.162637
-0.630769
-2.883516
-5.226374
-7.569231
-7.118681
-8.740659
-7.118681
-2.883516
-2.793407
0.991209
1.531868
2.793407
5.496703
2.883516
-0.991209
-1.081319
0.540659
3.694505
3.964835
3.694505
2.793407
1.171429
0.270330
-1.441758
-4.865934
-8.650549
-7.028571
-6.938462
-5.496703
-5.676923
1.351648
0.901099
2.342857
3.243956
2.162637
-0.360440
-0.090110
-2.432967
-1.441758
-4.865934
-4.145055
-1.712088
-2.162637
-2.613187
0.000000
-3.604396
1.712088
6.938462
8.200000
4.054945
-0.180220
-5.046154
-4.775824
-4.775824
-2.342857
-1.982418
-3.604396
-2.432967
-1.531868
-3.784615
-1.441758
-1.261538
-1.531868
-2.072527
-2.973626
-1.802198
-1.621978
0.000000
0.180220
-1.081319
-2.523077
-1.081319
-0.720879
0.180220
2.072527
0.540659
-0.090110
0.180220
-1.892308
-2.252747
-3.153846
0.090110
2.252747
2.613187
-0.720879
-1.531868
-0.180220
-0.810989
0.810989
-2.342857
-2.523077
-2.342857
0.901099
0.630769
0.991209
0.810989
3.063736
0.180220
-0.901099
-2.613187
0.180220
-1.712088
-0.360440
0.810989
2.162637
4.956044
6.397802
5.226374
1.171429
2.883516
-2.793407
-0.450549
0.720879
1.531868
5.316484
8.290110
10.272527
6.938462
5.586813
4.145055
-2.432967
-2.072527
-3.063736
-2.432967
-2.342857
-4.505495
-3.604396
-2.252747
-2.252747
0.450549
3.694505
3.514286
4.145055
5.767033
7.118681
3.243956
4.054945
4.145055
6.578022
4.685714
2.613187
1.621978
3.334066
0.270330
-0.270330
-3.874725
-3.784615
-6.127473
-5.857143
-8.019780
-9.912088
-7.839560
-3.514286
4.415385
6.037363
6.217582
7.569231
8.920879
11.263736
10.452747
9.641758
10.632967
7.659341
5.136264
3.964835
2.432967
-1.441758
-3.784615
-3.424176
-2.252747
-0.810989
-2.432967
5.767033
7.118681
1.892308
0.180220
1.441758
1.441758
3.063736
4.054945
-0.810989
-1.081319
-5.947253
-6.487912
-6.217582
-7.118681
-2.162637
0.270330
0.810989
4.595604
2.973626
3.334066
-0.450549
-1.802198
1.621978
1.351648
3.694505
-0.540659
1.171429
3.604396
2.072527
2.432967
0.270330
-2.342857
0.991209
-3.153846
1.081319
1.261538
-1.261538
0.000000
2.072527
5.947253
5.767033
3.243956
3.243956
1.531868
4.415385
2.613187
-1.081319
-3.153846
-2.342857
0.360440
4.956044
8.470330
3.784615
-1.712088
3.424176
4.325275
4.505495
3.964835
2.523077
0.450549
0.180220
-4.415385
-3.874725
-4.775824
-2.523077
-4.145055
-6.127473
-9.010989
-4.505495
-3.604396
-0.901099
0.720879
1.802198
2.793407
0.901099
-1.531868
-3.964835
-3.784615
-4.054945
-6.037363
-3.243956
-1.892308
-5.676923
-7.659341
-8.650549
-5.226374
-0.991209
-2.523077
-0.180220
-3.514286
-1.982418
-1.892308
-7.479121
-0.901099
-1.982418
-4.415385
-4.865934
-3.514286
3.514286
8.200000
5.857143
3.964835
0.360440
0.540659
0.180220
-2.252747
-1.982418
-3.243956
-5.947253
-6.758242
-6.217582
-5.586813
-3.514286
-1.531868
2.703297
5.316484
4.865934
3.153846
6.127473
4.775824
4.595604
1.351648
0.991209
-2.072527
-0.720879
-2.973626
0.360440
-1.081319
2.613187
0.360440
-0.810989
-1.261538
-4.054945
-4.325275
-0.720879
-0.540659
2.883516
0.090110
1.892308
4.235165
4.956044
2.252747
4.054945
5.857143
5.676923
5.857143
5.857143
6.487912
6.217582
5.676923
0.360440
-1.712088
-2.072527
-0.630769
-0.360440
3.243956
2.883516
5.586813
4.865934
5.406593
3.424176
4.956044
2.252747
1.982418
2.162637
1.712088
2.883516
1.621978
2.342857
2.613187
-1.171429
-1.802198
-0.991209
-2.162637
-2.613187
0.630769
1.351648
0.630769
-0.450549
2.072527
-0.630769
-0.991209
-2.793407
2.342857
2.613187
3.784615
1.081319
0.360440
2.162637
6.037363
7.839560
7.749451
6.578022
8.290110
7.118681
4.865934
3.153846
1.171429
-1.621978
1.982418
0.991209
2.432967
0.901099
3.063736
4.235165
4.054945
3.694505
8.650549
0.991209
0.810989
0.540659
1.261538
2.703297
1.802198
0.991209
1.802198
1.081319
2.793407
0.540659
1.081319
-0.360440
-0.810989
-0.540659
1.171429
-0.270330
-0.180220
-2.613187
1.621978
-0.810989
1.261538
0.270330
3.153846
0.540659
0.360440
-1.531868
0.630769
0.991209
3.424176
5.136264
5.767033
1.892308
2.432967
3.694505
6.127473
5.316484
4.325275
5.046154
1.982418
2.072527
0.540659
-0.270330
-6.668132
-4.775824
-5.046154
-5.136264
-4.865934
-4.595604
-2.162637
-1.802198
-1.261538
-1.081319
-0.901099
-3.514286
-1.171429
