-4.334554
0.520147
-0.953602
2.167277
0.866911
1.040293
0.780220
-1.733822
-2.080586
-4.681319
-4.768010
-5.201465
-7.195360
-4.594628
-4.507937
-1.993895
0.866911
2.427350
-0.606838
-3.120879
-2.340659
-5.114774
-7.542125
-5.288156
-9.102564
-7.542125
-5.114774
-3.034188
-3.987790
-3.120879
-2.774115
-2.600733
-2.860806
-1.300366
-2.687424
-2.167277
-2.427350
-0.346764
-0.086691
-1.300366
-0.693529
0.520147
2.514042
2.860806
2.080586
1.213675
-1.040293
-1.126984
-0.780220
-6.155067
-3.034188
-3.814408
-1.907204
-1.213675
5.028083
2.340659
4.854701
1.473748
2.340659
-1.993895
1.213675
1.820513
2.860806
0.346764
-1.473748
1.907204
0.520147
-1.907204
-5.981685
-5.808303
-4.161172
-2.427350
1.560440
3.120879
4.247863
2.514042
3.727717
0.953602
-2.860806
0.086691
0.866911
1.126984
-0.260073
2.947497
4.334554
8.669109
6.155067
5.894994
-0.433455
1.387057
2.253968
1.040293
3.467643
4.768010
5.634921
4.681319
7.975580
7.628816
10.316239
6.501832
4.594628
2.427350
1.733822
-0.606838
-3.380952
-2.774115
-1.300366
-0.260073
4.334554
3.380952
3.901099
3.901099
3.987790
5.548230
6.241758
0.780220
1.647131
3.380952
1.387057
1.647131
3.727717
3.120879
8.148962
7.628816
5.548230
2.514042
5.461538
2.340659
1.993895
2.427350
0.346764
2.253968
1.907204
5.461538
6.761905
10.402930
9.622711
8.322344
3.554335
-0.346764
-2.774115
-0.346764
-0.520147
-2.080586
-1.213675
4.247863
5.981685
7.628816
6.761905
5.028083
5.028083
5.201465
1.387057
2.514042
1.387057
3.207570
4.768010
1.473748
1.733822
-1.993895
-1.733822
-1.213675
-0.433455
-0.173382
-3.987790
2.774115
4.421245
1.387057
4.334554
0.000000
-0.606838
-3.467643
-4.421245
-8.148962
-6.848596
-4.941392
-2.687424
0.346764
3.987790
2.427350
0.693529
3.814408
0.260073
-0.173382
0.606838
-1.040293
-2.514042
0.173382
0.693529
0.953602
0.433455
4.074481
2.080586
7.108669
4.247863
-0.433455
-2.253968
0.346764
-0.086691
-0.346764
-2.947497
1.126984
1.820513
5.201465
4.768010
1.993895
5.201465
5.028083
3.814408
5.114774
-1.040293
-7.975580
-8.755800
-8.409035
-5.808303
-5.981685
-3.727717
1.126984
1.820513
2.947497
1.040293
2.080586
-1.473748
-0.953602
-3.120879
-2.080586
-3.294261
0.780220
0.086691
1.473748
3.034188
3.554335
0.780220
3.727717
-0.780220
0.433455
-3.727717
-4.941392
-11.616606
-4.421245
-3.727717
0.346764
2.774115
5.721612
2.860806
0.693529
-0.693529
-1.560440
-5.461538
-8.755800
-6.241758
-4.334554
-5.461538
-2.774115
-2.774115
3.901099
5.548230
4.421245
4.421245
0.953602
-0.433455
-1.040293
-4.941392
-4.941392
-3.641026
-8.062271
-1.387057
2.080586
-1.300366
1.647131
1.040293
-1.387057
-3.380952
-1.993895
-2.860806
-4.161172
-6.935287
-6.241758
-0.866911
2.253968
2.080586
-1.300366
3.120879
0.260073
3.814408
3.467643
-3.554335
-1.126984
-7.975580
-4.768010
-0.260073
-0.866911
-1.473748
0.173382
3.120879
2.167277
-0.693529
3.034188
-0.086691
-5.461538
-7.108669
-6.935287
-5.808303
-0.086691
-1.300366
0.260073
0.693529
2.600733
2.687424
-1.126984
-3.380952
-5.808303
-9.189255
-13.697192
-12.916972
-9.622711
-8.582418
-4.594628
-1.733822
-1.213675
1.213675
-0.346764
-1.473748
-1.993895
-3.294261
-5.288156
-0.780220
0.173382
-3.814408
-3.294261
-0.866911
0.866911
3.120879
4.074481
6.241758
11.009768
7.628816
6.588523
7.195360
2.774115
-1.213675
-1.040293
-1.733822
-5.548230
-3.034188
2.080586
-0.260073
5.374847
6.241758
7.108669
8.842491
6.155067
2.340659
0.173382
-4.421245
-4.681319
-5.288156
-5.981685
0.346764
1.820513
2.687424
7.195360
6.588523
7.975580
-3.034188
-4.854701
-0.693529
-9.796093
-11.009768
-10.923077
-8.148962
-2.600733
0.433455
7.628816
7.802198
2.947497
3.294261
2.253968
-3.467643
-1.993895
-5.374847
-5.461538
-6.675214
-7.975580
-4.768010
4.507937
5.288156
10.142857
9.015873
1.560440
3.034188
1.733822
1.126984
-1.040293
-2.774115
-5.288156
-3.034188
-2.860806
2.860806
5.981685
5.808303
3.294261
1.040293
0.433455
-0.953602
1.387057
3.034188
-0.433455
4.681319
6.415140
10.142857
12.483516
11.443223
8.148962
3.207570
4.941392
0.866911
-0.520147
-1.993895
-2.080586
2.253968
5.114774
9.622711
8.755800
7.628816
5.981685
3.120879
-1.300366
-1.126984
1.387057
-1.126984
-0.433455
-0.346764
-0.433455
0.433455
2.340659
4.681319
6.241758
7.021978
4.334554
2.860806
1.820513
-1.907204
2.167277
3.034188
4.507937
7.542125
9.622711
6.241758
5.548230
2.947497
3.380952
2.253968
4.421245
1.126984
3.987790
5.634921
6.068376
7.108669
3.641026
4.507937
1.647131
-0.260073
1.473748
4.854701
6.588523
7.888889
5.894994
-2.167277
-1.213675
-4.681319
-3.727717
-2.860806
-2.253968
-1.126984
-0.606838
5.894994
9.362637
12.396825
15.344322
18.638584
14.650794
4.768010
-0.173382
-5.808303
-10.749695
-6.328449
-2.514042
-1.907204
-0.346764
0.433455
-1.126984
-2.774115
-0.780220
2.167277
5.288156
3.814408
1.126984
0.086691
2.080586
0.780220
-1.300366
-1.993895
0.346764
2.947497
5.808303
8.929182
7.021978
6.761905
6.155067
1.387057
-3.034188
-7.455433
-7.368742
-6.241758
-7.108669
-5.461538
-2.253968
-1.560440
-0.086691
1.647131
5.028083
2.687424
2.774115
2.080586
0.260073
-3.727717
-6.501832
-9.709402
-10.316239
-8.929182
-8.929182
-10.229548
-10.316239
-7.108669
-5.374847
-0.606838
1.213675
1.040293
-0.173382
1.387057
-1.126984
-5.374847
-8.669109
-8.582418
-9.622711
-7.802198
-11.703297
-4.421245
-9.275946
-7.542125
-8.582418
-10.316239
-10.229548
-7.108669
-8.755800
-7.975580
-8.669109
-11.876679
-10.749695
-7.888889
-4.594628
-1.907204
-2.340659
3.034188
3.641026
-0.086691
-0.433455
-0.433455
-1.126984
-0.346764
-6.848596
-4.854701
-5.374847
-3.467643
-0.606838
1.820513
5.461538
5.288156
1.300366
0.606838
-1.560440
-0.346764
-0.086691
-0.173382
0.260073
0.866911
2.167277
0.780220
4.074481
2.600733
1.647131
1.820513
-1.560440
-3.294261
-4.421245
-2.514042
-1.300366
1.733822
3.814408
3.987790
8.235653
6.328449
4.247863
3.814408
-1.300366
-7.021978
-11.269841
-13.610501
-10.576313
-8.409035
-6.068376
-2.340659
0.433455
3.987790
6.068376
-0.260073
1.040293
2.340659
1.126984
-2.947497
-3.034188
-4.161172
-4.941392
-4.421245
-2.600733
-5.201465
-2.600733
-5.288156
-1.733822
-1.040293
-0.260073
-0.086691
-0.866911
-0.953602
-0.693529
-2.514042
-1.993895
-4.247863
-3.380952
-4.594628
-2.947497
-4.247863
-3.294261
-4.507937
-3.034188
-6.241758
-6.501832
-7.282051
-6.761905
-6.155067
0.000000
-1.387057
-0.693529
-0.086691
-0.693529
1.213675
2.167277
-0.173382
0.260073
-2.427350
-0.086691
-4.074481
-0.693529
-0.173382
1.560440
4.681319
5.374847
6.415140
6.675214
4.768010
4.247863
7.802198
3.120879
-1.040293
-2.600733
-4.507937
-2.340659
-3.380952
-4.334554
-0.433455
4.768010
7.368742
8.582418
10.056166
13.177045
13.177045
9.969475
6.848596
5.288156
-2.253968
0.260073
-0.260073
0.260073
0.520147
0.606838
3.294261
7.888889
9.015873
7.455433
5.288156
5.114774
2.080586
0.173382
-0.173382
-3.294261
-0.433455
3.034188
1.993895
6.588523
9.969475
11.009768
12.050061
13.090354
4.768010
4.507937
0.000000
-2.167277
-5.028083
-6.935287
-5.981685
-7.021978
-7.455433
-1.473748
1.300366
5.548230
7.715507
7.628816
7.802198
3.034188
3.641026
4.247863
3.034188
2.167277
1.213675
1.733822
-1.040293
-0.260073
1.126984
2.340659
5.548230
6.241758
6.241758
4.247863
2.774115
0.086691
-2.687424
-6.501832
-4.768010
-3.814408
-3.554335
-0.606838
-2.253968
1.473748
1.993895
0.606838
0.866911
0.780220
2.600733
0.346764
-1.473748
-0.433455
-1.213675
-3.641026
-1.820513
-2.687424
-1.647131
-2.167277
0.173382
0.606838
1.126984
1.993895
1.300366
0.173382
0.433455
-2.253968
-2.774115
1.993895
-2.514042
-1.907204
-0.520147
1.647131
3.380952
1.647131
0.866911
-1.907204
-2.167277
-2.167277
-1.820513
-0.780220
2.514042
1.473748
1.647131
2.340659
2.340659
0.000000
1.907204
-0.260073
-1.040293
-1.907204
-2.427350
-2.860806
0.086691
-0.693529
0.780220
0.693529
-0.693529
-0.173382
-2.687424
-2.253968
-3.467643
-3.987790
-2.253968
-1.126984
-1.647131
-3.034188
-2.340659
-5.114774
-2.687424
-3.554335
-1.473748
-1.473748
-1.907204
-2.600733
0.000000
-1.820513
-2.687424
-3.727717
-3.987790
-5.288156
-2.514042
-5.894994
-4.507937
-0.780220
-1.213675
-0.173382
-1.300366
0.346764
4.334554
1.560440
-3.727717
-2.080586
-4.247863
-4.594628
-5.548230
-2.860806
-1.126984
-1.126984
-0.346764
1.473748
1.300366
0.173382
0.606838
-1.387057
-2.427350
-2.427350
-0.260073
0.433455
-0.173382
-0.173382
-3.120879
-4.247863
-3.467643
-5.461538
-4.421245
-1.907204
-0.606838
0.086691
-0.953602
0.693529
3.120879
-0.086691
-0.953602
-3.727717
-5.201465
-7.195360
-4.334554
-6.328449
-6.241758
-4.334554
-3.987790
-2.167277
0.173382
-1.647131
0.000000
0.606838
0.173382
0.260073
0.693529
-1.300366
-0.693529
-4.681319
-4.074481
-3.641026
-1.820513
-2.080586
-2.947497
-2.687424
-1.907204
-0.606838
1.040293
3.901099
4.507937
3.467643
3.641026
0.780220
0.693529
-2.514042
-3.120879
-4.161172
-4.334554
-4.854701
-3.380952
-1.820513
-1.907204
-2.687424
-1.733822
-2.167277
-2.080586
-1.907204
-1.993895
-2.167277
-1.387057
-3.294261
-1.647131
-0.173382
1.387057
1.993895
2.167277
-2.167277
-3.294261
-3.380952
-4.421245
-8.235653
-7.975580
-7.195360
-7.542125
-5.808303
-4.247863
-4.161172
-4.247863
-2.600733
-1.993895
-3.207570
-4.334554
-4.247863
-4.681319
-5.028083
-4.594628
-3.641026
-0.173382
-1.040293
2.340659
4.681319
1.907204
3.207570
1.473748
1.560440
0.086691
-3.207570
-2.167277
-2.167277
-4.594628
-6.761905
-2.860806
-5.981685
-3.987790
-7.021978
-5.981685
-6.328449
-6.328449
-6.155067
-5.634921
-3.814408
-2.774115
-2.340659
-2.427350
-3.554335
-5.028083
-5.374847
-9.622711
-9.189255
-6.068376
-4.594628
-1.647131
-1.907204
-3.034188
-3.814408
-2.080586
-2.167277
0.866911
0.606838
1.040293
0.086691
1.560440
-0.173382
4.941392
2.687424
4.161172
4.421245
1.907204
-0.606838
-1.907204
-0.520147
-0.346764
1.560440
-0.346764
-1.213675
0.520147
1.213675
5.114774
6.415140
6.068376
3.814408
4.594628
1.126984
-1.040293
-2.167277
-4.074481
-4.681319
-4.681319
-4.768010
-5.634921
-4.941392
-3.727717
-3.120879
-1.473748
0.086691
3.901099
4.421245
5.981685
7.628816
5.894994
6.328449
4.768010
3.294261
5.894994
6.155067
3.987790
5.894994
7.542125
4.594628
3.987790
3.554335
4.247863
0.173382
0.953602
1.126984
-0.433455
-1.647131
-0.780220
-2.514042
-0.086691
0.780220
0.866911
0.866911
1.126984
-0.606838
0.433455
1.907204
2.080586
0.000000
1.040293
0.260073
0.346764
0.173382
1.647131
3.380952
5.374847
3.901099
2.427350
2.340659
2.774115
3.467643
3.814408
2.860806
1.907204
1.993895
2.427350
1.213675
6.155067
1.387057
3.554335
1.820513
4.854701
1.473748
1.907204
1.820513
4.161172
4.421245
6.241758
7.542125
6.761905
7.021978
6.068376
7.368742
3.294261
3.207570
6.501832
1.473748
1.387057
0.866911
2.687424
1.993895
2.860806
0.520147
-2.774115
-2.080586
-1.300366
1.993895
2.514042
-0.866911
-3.034188
-3.034188
-4.074481
-4.768010
-3.120879
-4.334554
-1.213675
1.387057
0.173382
-0.173382
-2.687424
-5.461538
-2.514042
-5.634921
-6.501832
-6.415140
-3.641026
-3.554335
-0.866911
-0.953602
-2.167277
1.473748
-0.086691
0.260073
-0.606838
-3.034188
-4.161172
-3.467643
-3.467643
-2.687424
-2.600733
-4.594628
-4.421245
-3.207570
-3.727717
-2.774115
-2.427350
-4.421245
-3.467643
-2.167277
-0.433455
-1.733822
-5.374847
-5.808303
-4.074481
-7.108669
-7.021978
-6.848596
-7.715507
-5.634921
-4.854701
-5.461538
-7.021978
-3.987790
-5.374847
-3.294261
-3.120879
-4.768010
-3.120879
-3.294261
-2.253968
0.000000
2.167277
2.253968
3.554335
0.780220
4.074481
4.507937
4.074481
3.380952
1.820513
4.507937
2.253968
2.514042
2.947497
3.901099
5.374847
4.161172
2.947497
5.028083
2.947497
2.514042
0.000000
-3.380952
-3.380952
-0.260073
-2.860806
-3.207570
-2.600733
-1.300366
-2.600733
-1.300366
0.520147
-3.380952
-2.167277
-0.346764
0.260073
0.866911
0.866911
-0.520147
0.693529
-0.433455
-3.207570
-1.733822
1.126984
1.647131
1.733822
-2.080586
1.126984
2.080586
0.953602
-0.173382
1.993895
-0.606838
-2.080586
-4.507937
-3.294261
-4.421245
-2.427350
-3.120879
-4.507937
-1.820513
1.300366
-0.606838
0.866911
-1.040293
0.086691
2.080586
-0.173382
-2.253968
-2.947497
-3.034188
-6.848596
-1.733822
-3.641026
-4.334554
-3.034188
-2.167277
-2.427350
-3.467643
-0.780220
0.000000
2.253968
0.520147
-1.647131
2.687424
4.507937
3.207570
5.028083
4.594628
2.687424
2.600733
0.866911
-0.780220
-1.820513
-2.080586
-1.040293
-1.993895
0.260073
1.993895
2.514042
-1.040293
-1.300366
-0.260073
-0.693529
-1.213675
-1.993895
-2.774115
-1.387057
-1.993895
1.473748
0.520147
2.340659
4.161172
3.207570
3.120879
5.028083
3.814408
4.594628
4.421245
5.028083
3.467643
-1.300366
-0.866911
-0.693529
-2.947497
-2.600733
-0.606838
-0.346764
0.260073
0.260073
-0.866911
-2.167277
-1.300366
-1.820513
-4.594628
-3.294261
-3.641026
-3.467643
-3.901099
-4.421245
-4.334554
-5.374847
-3.380952
-5.201465
-6.675214
-7.888889
-5.721612
-5.461538
-2.687424
-0.606838
-1.040293
-1.820513
-0.520147
-2.340659
-4.681319
-2.947497
-2.947497
-3.901099
-5.894994
-8.322344
-5.721612
-6.935287
-4.768010
-4.681319
-3.901099
-0.433455
0.606838
1.647131
1.300366
0.173382
-1.560440
-2.774115
-2.427350
-3.034188
-4.074481
-4.768010
-1.040293
-3.901099
-4.334554
-2.774115
-2.080586
-2.947497
-1.647131
-2.687424
-1.647131
-3.380952
-2.600733
2.600733
3.120879
-0.173382
0.346764
-2.600733
-1.213675
-0.780220
-0.606838
-0.606838
2.687424
-0.086691
-1.387057
-0.433455
-3.554335
-3.814408
-3.641026
-7.195360
-4.854701
-2.947497
1.213675
1.647131
4.854701
4.074481
3.554335
3.987790
7.542125
5.721612
5.201465
3.987790
5.028083
0.693529
1.473748
0.086691
-1.733822
-1.300366
-0.953602
-4.594628
-5.808303
-4.594628
-3.901099
0.346764
1.213675
3.554335
2.167277
2.600733
1.040293
-1.213675
-3.207570
-5.288156
-4.768010
-8.755800
-5.721612
-1.213675
4.334554
6.588523
4.161172
3.554335
4.161172
0.433455
-3.554335
-3.207570
-7.975580
-8.235653
-4.247863
-3.641026
-1.473748
0.693529
3.987790
3.987790
5.028083
4.507937
1.300366
-0.693529
2.340659
1.993895
2.340659
4.247863
2.253968
2.774115
3.120879
4.768010
1.560440
-0.433455
-1.300366
-4.594628
-7.195360
-5.288156
-2.600733
-0.086691
1.647131
5.721612
4.334554
2.340659
2.947497
2.860806
1.993895
-1.820513
-0.173382
-0.260073
-2.253968
-3.554335
-3.641026
-4.074481
-3.727717
-2.427350
-2.600733
-4.161172
-4.161172
-4.768010
-3.641026
-0.520147
0.433455
0.953602
2.514042
3.207570
-1.387057
1.300366
0.086691
-2.253968
-3.901099
-4.247863
-5.981685
-7.282051
-6.935287
-5.894994
-6.588523
-5.374847
-6.241758
-5.634921
-5.634921
-5.028083
-2.600733
-3.034188
-2.427350
-1.733822
-1.647131
-1.993895
1.820513
3.467643
7.628816
4.334554
3.987790
4.507937
1.647131
2.427350
4.161172
1.300366
0.606838
0.606838
2.774115
4.074481
3.207570
2.167277
3.120879
2.253968
2.860806
3.727717
2.514042
3.554335
4.421245
3.207570
2.687424
2.340659
3.554335
3.467643
3.294261
2.080586
3.554335
2.687424
2.427350
2.600733
4.334554
1.733822
3.294261
3.814408
3.901099
4.074481
1.907204
2.774115
5.634921
4.507937
8.148962
7.368742
7.108669
5.288156
3.467643
2.167277
0.953602
-0.780220
-2.427350
-3.380952
-3.641026
-6.675214
-5.114774
-5.028083
-1.907204
-1.387057
-1.126984
-0.346764
-0.780220
-0.606838
0.433455
1.040293
0.606838
-1.040293
-2.080586
-1.820513
-3.120879
-0.953602
-1.387057
0.260073
0.346764
-0.173382
-0.173382
-2.427350
-2.427350
-0.953602
-0.433455
0.520147
2.253968
3.727717
5.981685
4.074481
5.721612
7.888889
7.368742
6.588523
8.409035
6.588523
7.368742
10.489621
10.923077
9.536020
9.015873
6.935287
6.501832
3.207570
2.774115
3.034188
2.947497
3.380952
5.634921
6.241758
7.975580
5.374847
3.987790
3.294261
1.213675
2.080586
2.080586
0.346764
2.427350
3.207570
3.467643
3.467643
2.340659
1.820513
1.213675
3.120879
2.860806
1.993895
3.814408
2.427350
2.687424
2.427350
2.687424
0.260073
1.733822
1.993895
1.213675
1.213675
0.346764
-0.520147
-1.647131
-4.594628
-2.947497
-1.993895
-1.300366
-3.467643
-1.907204
-2.600733
-2.514042
-0.866911
0.086691
0.780220
-1.387057
-2.687424
-1.647131
-1.126984
-1.473748
-3.467643
-5.808303
-4.594628
-5.721612
-4.161172
-6.935287
-6.761905
-4.247863
-5.721612
-7.368742
-4.941392
-4.507937
-2.167277
-1.040293
0.433455
0.780220
-1.213675
-0.606838
-2.774115
-1.993895
-2.427350
-6.761905
-3.727717
-3.554335
0.606838
1.213675
-1.040293
-3.207570
-4.074481
-4.421245
-1.213675
-2.860806
-0.260073
-1.907204
-1.473748
-0.953602
-1.560440
-0.866911
0.953602
1.213675
2.514042
4.247863
4.334554
5.981685
5.374847
4.421245
2.167277
-0.433455
-1.387057
-6.155067
-7.975580
-8.148962
-8.235653
-4.161172
-6.848596
-8.755800
-8.409035
-7.368742
-7.542125
-7.975580
-8.582418
-8.669109
-9.102564
-9.189255
-7.195360
-5.634921
-3.467643
-5.114774
-4.247863
-4.507937
-0.606838
-3.641026
-4.768010
-5.808303
-4.334554
-6.501832
-6.848596
-7.368742
-5.461538
-4.161172
-2.340659
-0.346764
1.473748
-1.213675
-0.606838
-3.294261
-5.461538
-5.981685
-5.634921
-8.582418
-8.495726
-7.888889
-8.929182
-8.148962
-4.247863
-4.074481
-2.687424
-3.467643
-3.641026
-1.733822
0.346764
0.173382
0.346764
-0.433455
-3.554335
-3.987790
-1.213675
1.820513
5.028083
9.189255
8.235653
7.975580
9.015873
4.421245
2.167277
0.260073
-2.340659
-5.288156
-5.548230
-6.328449
-5.201465
-4.161172
-5.288156
-6.155067
-5.894994
-4.074481
-2.687424
-0.953602
1.647131
1.473748
4.074481
3.207570
0.866911
0.520147
2.600733
2.947497
5.114774
5.808303
3.987790
2.947497
4.594628
1.040293
4.161172
4.681319
4.681319
7.975580
6.935287
4.941392
3.814408
3.987790
3.467643
1.907204
3.207570
1.387057
2.427350
1.820513
-0.520147
-0.953602
3.294261
5.808303
2.687424
0.000000
-0.693529
-1.040293
0.086691
4.421245
1.560440
-1.647131
-1.820513
0.000000
-0.606838
1.907204
1.473748
0.866911
-0.433455
0.780220
0.346764
1.300366
1.647131
0.693529
1.820513
3.294261
3.034188
4.507937
3.467643
5.114774
4.941392
4.768010
4.681319
3.120879
2.687424
4.941392
1.647131
3.727717
3.207570
2.687424
1.300366
0.000000
0.866911
0.780220
1.647131
1.647131
-0.260073
1.387057
-0.520147
0.780220
2.080586
2.514042
-0.346764
1.993895
4.507937
2.860806
5.201465
4.941392
2.600733
1.040293
4.507937
3.814408
2.774115
3.034188
0.953602
-0.693529
-1.733822
-1.560440
0.000000
0.693529
-1.040293
-0.433455
-1.733822
-3.467643
-4.074481
-0.173382
-2.253968
-0.346764
-0.693529
0.866911
0.520147
2.427350
2.080586
1.473748
-1.213675
-0.173382
-1.907204
-1.820513
-1.560440
0.693529
-0.520147
-3.294261
-2.600733
-1.387057
-2.427350
-1.126984
-1.993895
-1.473748
-3.727717
-2.774115
-3.641026
-2.167277
-5.028083
-6.328449
-4.594628
-4.334554
-3.554335
-3.207570
-1.387057
-1.126984
-1.993895
-3.467643
-5.981685
-4.594628
-2.514042
-1.300366
-1.560440
0.953602
-0.433455
-0.173382
3.294261
2.600733
-2.427350
-5.808303
-5.634921
-5.981685
-7.108669
-4.421245
-6.935287
-3.901099
-5.981685
-4.421245
-6.588523
-2.514042
-1.387057
-3.987790
-3.120879
-4.421245
-3.987790
-4.421245
-5.288156
-5.028083
-4.421245
-5.981685
-5.461538
-1.647131
-0.173382
0.780220
-0.173382
-0.780220
-0.260073
1.300366
1.473748
-0.866911
0.693529
0.000000
-1.040293
-0.433455
-2.427350
-3.987790
-3.034188
-3.901099
-3.814408
-1.820513
-4.768010
-5.288156
-4.768010
-3.294261
-4.507937
-2.340659
-1.387057
-0.780220
0.953602
3.814408
3.207570
3.901099
2.514042
0.000000
-0.693529
-0.346764
-1.993895
-1.473748
-1.733822
-1.907204
0.606838
-0.953602
-2.514042
-0.173382
-1.560440
1.300366
2.774115
1.473748
4.594628
5.288156
