-1.081319
1.441758
1.171429
4.505495
4.685714
5.046154
1.171429
-0.270330
-1.441758
-2.342857
-3.874725
-3.604396
-3.153846
5.046154
0.540659
3.153846
-1.261538
-2.342857
-1.621978
-6.758242
-4.775824
0.090110
1.531868
3.424176
3.694505
0.360440
-2.883516
-3.063736
-5.496703
-10.272527
-11.083516
-5.586813
-0.090110
1.621978
0.810989
1.261538
-2.703297
-3.964835
-5.316484
-8.200000
-8.470330
-6.307692
-3.964835
-0.090110
-1.171429
-0.901099
-3.604396
-1.621978
-2.613187
-1.982418
-2.162637
-2.703297
-1.081319
3.334066
2.252747
2.793407
4.235165
0.901099
0.630769
0.540659
-0.720879
-1.802198
-3.694505
-1.261538
-3.153846
0.000000
0.540659
4.415385
2.793407
-0.360440
-4.595604
-5.676923
-4.235165
-3.694505
-1.802198
4.054945
10.362637
13.606593
10.542857
6.578022
7.749451
4.415385
-0.180220
1.261538
-1.441758
0.000000
2.162637
2.703297
6.848352
11.443956
7.118681
6.217582
4.145055
1.982418
1.261538
0.991209
2.883516
2.252747
2.523077
3.424176
1.982418
1.621978
2.432967
2.342857
0.991209
0.720879
-0.630769
1.441758
0.810989
-1.351648
2.072527
0.540659
3.874725
0.270330
3.334066
3.424176
3.424176
5.046154
0.901099
-0.180220
1.531868
0.000000
-1.712088
-3.334066
-3.514286
-3.243956
-2.703297
-2.432967
-0.901099
1.531868
3.063736
2.523077
0.810989
-4.956044
-7.929670
-3.694505
-2.883516
-4.505495
-1.441758
5.676923
7.298901
4.054945
9.371429
4.235165
2.703297
-0.540659
3.063736
5.046154
8.019780
12.164835
10.272527
7.208791
8.650549
5.857143
7.749451
2.252747
0.540659
-2.973626
-0.630769
0.630769
-0.360440
0.720879
2.342857
-1.351648
-2.432967
-3.424176
-2.883516
-4.865934
-5.046154
-2.973626
0.360440
-0.180220
0.540659
0.810989
2.613187
1.171429
7.749451
12.254945
9.551648
6.037363
3.604396
4.325275
4.685714
5.767033
5.857143
2.883516
1.531868
-3.604396
-3.514286
-5.316484
-5.046154
-7.118681
-7.389011
-4.505495
-3.153846
-2.342857
-2.523077
-2.973626
-2.162637
-2.883516
-3.694505
-1.081319
-0.450549
-2.703297
-4.865934
-6.487912
-5.857143
-2.703297
1.261538
4.685714
3.694505
-1.802198
0.540659
-2.252747
-3.514286
-3.784615
-6.217582
-8.560440
-6.037363
-7.028571
-4.235165
-2.072527
1.802198
0.540659
-3.874725
2.973626
2.523077
0.360440
-3.964835
-3.243956
-2.252747
-0.901099
-1.531868
-2.703297
-6.487912
-6.487912
-4.415385
-2.973626
1.982418
5.406593
1.261538
3.784615
2.432967
-0.090110
0.000000
-4.685714
-4.865934
-5.767033
-4.054945
-4.054945
-0.810989
-3.694505
-2.072527
-2.162637
-4.775824
-3.784615
-2.072527
0.991209
-1.621978
-2.883516
-3.784615
-7.389011
-7.479121
-7.749451
-10.092308
-9.731868
-3.514286
8.830769
16.039560
14.057143
11.173626
7.749451
1.712088
-1.982418
-5.586813
-8.019780
-9.551648
-4.685714
-0.810989
6.578022
2.973626
10.002198
8.560440
7.208791
4.865934
0.991209
1.081319
-0.090110
-1.351648
3.514286
-1.171429
0.991209
1.171429
0.000000
2.973626
6.127473
4.956044
4.054945
4.865934
3.694505
4.325275
1.351648
1.531868
3.334066
3.334066
2.342857
-0.720879
-0.901099
-4.325275
-3.334066
-5.767033
-5.226374
-6.938462
-7.208791
-6.758242
-9.010989
-4.865934
-5.676923
-5.676923
-1.531868
0.720879
1.351648
-1.261538
-0.810989
-1.982418
-3.514286
-2.793407
-2.523077
-2.072527
-1.351648
0.720879
0.270330
1.351648
0.000000
-0.180220
-6.487912
-1.261538
-1.531868
-3.784615
-2.613187
-6.217582
1.171429
0.720879
1.171429
3.514286
3.514286
2.613187
0.360440
0.901099
1.171429
0.630769
-0.540659
-0.270330
1.892308
2.432967
3.334066
0.810989
0.540659
1.081319
4.595604
8.470330
4.595604
5.316484
2.793407
-1.621978
-4.415385
-2.432967
-3.604396
-4.415385
-3.694505
-1.441758
1.621978
3.604396
0.540659
2.252747
2.703297
2.252747
0.540659
0.540659
0.901099
1.982418
3.964835
5.767033
6.848352
10.092308
5.226374
8.380220
10.452747
5.947253
3.784615
3.153846
1.441758
1.171429
8.650549
7.659341
7.659341
2.973626
2.252747
2.342857
1.081319
2.162637
0.540659
-0.991209
5.406593
9.731868
4.415385
1.531868
-6.668132
-3.604396
-5.947253
-5.496703
-6.397802
-7.839560
-4.505495
-0.810989
2.613187
4.865934
2.072527
2.703297
0.540659
-0.180220
2.162637
1.351648
0.720879
-1.892308
4.685714
4.054945
4.325275
1.712088
2.252747
2.342857
-3.964835
-4.054945
-2.072527
0.360440
-1.802198
-2.523077
-4.145055
-2.883516
-1.531868
-1.982418
-0.991209
0.540659
-0.540659
-0.901099
0.090110
1.171429
-2.703297
-2.973626
-0.450549
2.883516
8.830769
9.101099
4.956044
1.441758
1.621978
3.424176
3.784615
3.243956
7.389011
4.415385
2.523077
3.874725
7.389011
10.452747
7.929670
4.415385
4.505495
1.621978
3.874725
2.523077
3.874725
8.109890
9.461538
10.903297
7.028571
7.298901
5.676923
3.514286
1.081319
2.432967
0.901099
3.063736
2.613187
4.685714
1.802198
1.171429
0.540659
-0.901099
0.000000
-0.180220
-0.630769
0.720879
-1.982418
-1.171429
2.973626
3.514286
3.153846
0.630769
0.540659
-1.621978
-1.892308
-0.901099
0.270330
-1.621978
1.441758
-3.243956
-1.892308
0.540659
0.450549
-0.810989
-1.892308
-2.883516
1.621978
1.892308
4.325275
-1.712088
-2.523077
1.171429
-2.252747
-3.063736
-1.261538
-0.720879
-2.162637
-1.531868
-1.441758
0.630769
-1.261538
0.180220
-3.874725
-3.153846
-3.243956
-2.162637
-2.613187
-1.261538
-0.450549
1.081319
-0.180220
0.090110
-0.810989
-3.784615
-1.261538
-0.360440
1.171429
0.000000
-1.982418
-1.621978
-0.810989
1.621978
-2.432967
4.505495
4.685714
1.351648
0.630769
-2.342857
0.180220
1.982418
3.063736
-1.892308
-0.720879
0.270330
0.720879
-1.351648
0.090110
1.171429
2.252747
3.334066
2.973626
2.883516
1.802198
2.523077
2.252747
2.613187
5.496703
8.920879
9.371429
11.894505
11.263736
10.362637
6.848352
3.694505
-1.081319
-0.180220
0.630769
1.261538
3.964835
5.046154
5.767033
3.964835
4.865934
0.901099
0.270330
2.883516
4.775824
1.171429
2.523077
2.613187
0.810989
2.162637
-0.540659
-0.901099
-4.956044
-5.586813
-3.874725
-2.883516
0.630769
3.153846
4.865934
4.685714
2.432967
3.424176
1.081319
1.802198
0.720879
1.171429
2.342857
2.432967
5.586813
4.595604
2.523077
1.441758
1.982418
0.180220
-1.982418
-6.217582
-2.883516
4.956044
5.316484
7.839560
4.595604
6.938462
5.496703
6.668132
0.360440
0.090110
1.441758
5.316484
7.028571
6.037363
4.595604
2.793407
1.802198
0.000000
0.000000
-1.441758
-0.991209
-1.621978
0.901099
5.496703
6.217582
4.775824
1.351648
-3.063736
-2.252747
-4.145055
1.441758
0.450549
3.964835
3.243956
4.145055
4.865934
7.208791
6.307692
3.874725
-0.630769
1.712088
1.441758
1.621978
2.252747
-1.261538
-6.487912
-5.767033
-4.415385
-2.883516
-1.802198
1.261538
0.000000
-0.991209
-2.883516
-2.883516
-0.540659
0.630769
-0.090110
-0.540659
-1.802198
1.171429
-0.270330
-0.360440
0.630769
3.964835
1.802198
-1.261538
-1.081319
-2.162637
-3.424176
-6.307692
-9.551648
-6.938462
-7.569231
-6.217582
-5.676923
-6.668132
-4.865934
-8.560440
-9.101099
-6.037363
-9.821978
-8.830769
-6.668132
-6.487912
-5.226374
-5.136264
-6.037363
-7.208791
-4.685714
-5.316484
-4.775824
-5.857143
-4.145055
-5.496703
-5.406593
-7.028571
-3.964835
-2.703297
-2.883516
-2.703297
-3.964835
-5.586813
-3.063736
-2.342857
-1.441758
2.162637
4.685714
3.514286
0.540659
-4.415385
-2.973626
-4.415385
-6.307692
-10.903297
-8.470330
-9.010989
-10.903297
-9.731868
-0.901099
-2.793407
-5.857143
-6.668132
-5.046154
-4.054945
-3.694505
-6.397802
-7.479121
-10.092308
-8.560440
-15.138462
-4.235165
-3.514286
-3.784615
-1.351648
-3.334066
-2.252747
0.180220
0.000000
0.270330
-0.270330
-0.450549
-0.540659
1.531868
0.810989
2.703297
2.162637
1.621978
3.694505
3.153846
0.810989
0.991209
0.810989
-0.360440
-1.171429
-3.694505
-4.054945
-1.802198
1.982418
2.883516
-1.892308
1.261538
2.613187
4.595604
3.964835
3.334066
4.145055
7.118681
7.028571
9.101099
7.028571
4.415385
-0.450549
2.613187
1.892308
-0.360440
2.883516
2.342857
1.531868
0.630769
0.901099
-0.360440
-0.720879
2.252747
1.802198
-0.270330
0.991209
0.360440
2.793407
7.749451
9.010989
7.749451
4.505495
0.540659
1.081319
0.180220
-2.072527
-6.307692
-2.973626
0.720879
0.540659
3.694505
3.784615
2.252747
1.441758
2.523077
2.342857
0.540659
2.703297
7.028571
7.208791
6.578022
3.784615
3.334066
1.712088
2.432967
2.793407
5.857143
8.560440
4.685714
8.109890
10.993407
10.993407
2.613187
-1.441758
-6.938462
-3.874725
-3.243956
-2.523077
-2.883516
-1.531868
-1.712088
-2.072527
1.171429
3.694505
1.982418
1.531868
-0.540659
1.441758
-0.540659
1.351648
0.901099
1.802198
3.604396
3.874725
4.775824
9.731868
7.479121
6.397802
3.424176
2.072527
-1.712088
-0.630769
-0.991209
-1.621978
0.720879
-1.261538
0.450549
2.793407
1.712088
3.334066
3.424176
3.964835
3.334066
2.342857
1.621978
0.540659
-0.901099
-0.720879
-4.505495
-11.624176
-5.136264
-2.252747
-1.171429
1.802198
3.694505
4.956044
2.432967
4.235165
4.415385
4.505495
3.334066
4.145055
2.072527
1.892308
0.991209
-0.810989
-2.703297
-2.793407
-3.243956
-1.171429
0.180220
0.270330
0.540659
0.090110
-5.226374
-5.857143
-7.569231
-6.217582
-3.874725
-1.982418
-4.235165
-2.252747
0.810989
2.072527
1.621978
0.901099
3.964835
5.676923
5.046154
3.424176
2.252747
0.991209
2.162637
1.621978
-1.351648
-3.424176
-5.406593
-6.938462
-2.072527
6.848352
9.912088
8.830769
5.947253
2.703297
0.090110
0.360440
-1.621978
-3.874725
-4.054945
-2.883516
-3.243956
-2.703297
-0.360440
1.531868
3.514286
0.630769
5.767033
7.569231
8.740659
11.353846
6.487912
5.676923
3.514286
2.432967
2.883516
3.063736
5.857143
10.182418
11.894505
11.984615
11.083516
6.668132
7.479121
7.208791
9.010989
8.830769
9.101099
5.046154
6.127473
4.415385
2.523077
7.028571
6.127473
7.208791
4.145055
3.153846
2.793407
1.712088
2.072527
1.892308
2.613187
1.351648
1.351648
0.360440
5.496703
2.342857
0.450549
0.360440
2.342857
4.325275
2.162637
0.000000
-0.991209
-3.063736
-5.676923
-7.929670
-5.586813
-7.028571
-0.991209
-2.252747
-0.810989
-2.793407
1.712088
1.171429
2.793407
5.676923
5.226374
4.956044
3.334066
0.991209
0.270330
-1.621978
-3.874725
-5.136264
-3.784615
-2.162637
-0.450549
3.063736
2.973626
4.956044
5.586813
2.072527
0.630769
-3.153846
-6.307692
-3.243956
-1.892308
-1.171429
-0.810989
1.171429
0.270330
-2.342857
-2.252747
-0.180220
1.441758
1.892308
4.595604
5.136264
4.145055
5.406593
3.784615
4.595604
3.784615
0.720879
0.180220
-0.810989
-3.334066
-2.613187
0.901099
0.630769
1.802198
0.090110
-0.540659
-0.090110
2.072527
3.514286
2.342857
2.613187
2.432967
3.874725
5.947253
2.793407
0.810989
2.162637
4.505495
4.325275
3.153846
6.037363
6.578022
1.712088
-0.991209
-3.784615
-2.432967
-2.432967
0.000000
3.964835
7.479121
5.496703
6.037363
6.037363
0.810989
0.991209
-0.180220
1.081319
-4.685714
-3.784615
-4.235165
-5.406593
-5.676923
-5.226374
-2.703297
-0.450549
-4.775824
-7.929670
-7.389011
-6.578022
-8.200000
-10.092308
-8.560440
-8.019780
-10.272527
-8.200000
-7.028571
-3.694505
-7.208791
-6.848352
-8.470330
-1.982418
-0.540659
1.531868
1.171429
3.874725
-1.261538
-0.360440
-4.235165
-1.261538
-1.261538
-0.180220
-3.964835
-3.334066
-0.810989
0.540659
2.703297
2.883516
0.630769
0.000000
-0.810989
-3.604396
-0.540659
0.180220
1.802198
3.964835
0.540659
-0.450549
-1.351648
0.000000
-2.883516
-2.523077
-3.334066
-1.621978
-4.685714
-3.964835
-1.802198
-1.351648
0.180220
1.081319
-1.171429
0.000000
2.162637
2.523077
1.261538
-1.621978
-2.162637
-0.991209
0.090110
1.171429
3.874725
4.054945
7.028571
5.406593
5.226374
4.595604
1.081319
-2.613187
-4.595604
-6.848352
-6.127473
-4.685714
-2.162637
-1.712088
-0.270330
1.261538
0.901099
-1.171429
-1.621978
-1.892308
-2.162637
0.901099
0.720879
2.793407
0.901099
2.162637
2.973626
3.063736
-1.171429
-4.235165
-4.865934
-6.307692
-0.991209
-1.441758
1.081319
1.982418
1.892308
2.883516
-1.441758
-3.514286
-3.514286
-4.054945
-1.351648
0.720879
1.712088
2.432967
0.180220
-2.613187
-0.901099
-3.694505
-0.991209
-1.531868
0.810989
2.793407
-0.540659
1.892308
1.802198
3.874725
5.947253
3.874725
0.360440
-1.531868
-0.720879
1.531868
2.432967
5.316484
6.217582
2.883516
2.072527
-0.810989
-0.630769
0.810989
1.621978
3.334066
2.342857
5.767033
6.848352
5.676923
3.874725
-0.630769
0.270330
-0.991209
-1.982418
-1.531868
1.531868
4.054945
3.784615
0.360440
-1.712088
-3.604396
-5.857143
-5.406593
-3.243956
-1.351648
1.621978
3.784615
2.883516
4.145055
3.424176
3.334066
-0.991209
-2.432967
-2.703297
-1.892308
1.982418
4.415385
3.604396
6.487912
8.019780
8.109890
9.191209
9.821978
10.723077
8.830769
8.920879
0.720879
1.081319
1.531868
5.226374
5.767033
5.136264
6.217582
9.641758
6.668132
3.604396
1.802198
1.441758
-0.360440
0.720879
0.360440
2.793407
2.432967
4.956044
4.054945
3.334066
-0.180220
3.424176
1.621978
0.090110
2.432967
2.613187
-1.802198
-0.090110
-3.063736
-2.793407
-2.523077
-0.360440
-2.523077
-0.090110
-0.450549
-0.180220
-3.063736
-4.325275
-1.351648
5.857143
4.956044
3.604396
4.505495
0.360440
-0.810989
1.982418
0.090110
-2.072527
-2.072527
-0.630769
-0.720879
0.540659
1.892308
2.703297
10.813187
9.281319
8.109890
1.171429
-5.676923
-4.775824
-3.604396
-1.081319
-0.180220
-1.171429
0.180220
0.000000
3.063736
1.892308
4.775824
5.316484
4.325275
3.964835
3.604396
0.720879
-1.802198
-5.316484
-8.740659
-6.758242
1.621978
2.613187
2.432967
2.703297
-0.991209
0.540659
1.351648
0.450549
0.540659
0.360440
2.162637
0.000000
-0.270330
0.630769
-0.810989
-1.621978
-1.081319
0.180220
1.081319
-2.342857
-2.432967
-1.802198
0.991209
-5.767033
0.090110
-1.892308
-2.162637
-0.901099
-3.063736
-4.145055
-3.784615
-1.621978
-1.712088
-1.261538
1.802198
-2.342857
-4.865934
-4.595604
-1.621978
-0.720879
1.802198
0.270330
3.604396
6.578022
5.857143
0.901099
-4.595604
-10.993407
-6.668132
-7.569231
-4.145055
1.081319
4.145055
2.883516
3.153846
-1.621978
-1.171429
-1.081319
-2.072527
-4.685714
-7.028571
-6.578022
0.270330
1.441758
3.153846
3.153846
2.613187
0.720879
1.712088
0.810989
1.531868
2.883516
2.973626
0.991209
3.334066
2.793407
4.595604
1.712088
2.342857
-0.090110
3.063736
3.874725
4.235165
3.964835
2.162637
2.613187
3.964835
5.226374
4.775824
3.063736
-0.270330
1.621978
2.703297
1.712088
1.621978
5.226374
7.389011
6.037363
5.676923
4.054945
4.685714
1.892308
3.334066
2.432967
4.505495
3.334066
5.406593
5.406593
5.316484
4.145055
5.406593
2.703297
3.424176
0.810989
0.901099
2.432967
2.613187
-0.090110
4.775824
5.767033
3.604396
4.505495
4.145055
2.793407
3.243956
5.406593
6.848352
4.595604
4.145055
1.171429
2.072527
1.982418
-0.270330
-1.621978
-1.712088
-0.540659
3.243956
5.046154
4.235165
-0.630769
1.621978
0.000000
-3.063736
-6.487912
-4.685714
-6.848352
-4.595604
-1.351648
-2.703297
4.415385
3.063736
0.180220
0.360440
-1.171429
-1.441758
0.991209
1.802198
-2.072527
-3.514286
0.000000
-1.531868
-2.432967
-3.514286
-1.531868
-0.630769
-2.523077
0.360440
1.081319
1.351648
2.523077
2.072527
1.621978
-0.540659
1.531868
0.450549
-0.901099
4.054945
2.432967
1.531868
2.613187
-1.171429
-0.991209
-2.162637
0.540659
3.063736
3.063736
3.334066
4.145055
4.145055
0.901099
0.270330
-0.450549
4.595604
0.901099
1.351648
1.531868
2.252747
2.883516
0.270330
2.072527
3.334066
1.171429
0.901099
0.270330
0.810989
4.865934
3.334066
0.540659
-1.802198
-0.090110
-0.450549
-0.090110
-0.270330
-2.252747
-1.261538
-0.180220
-0.450549
1.892308
0.630769
1.171429
-2.703297
-0.270330
-4.145055
-4.505495
-5.767033
-5.226374
-6.127473
-4.235165
-6.397802
-4.595604
1.081319
2.793407
5.406593
5.947253
4.505495
2.432967
2.162637
-6.487912
-0.270330
-0.270330
0.630769
0.450549
-0.720879
-1.351648
0.991209
-0.090110
-3.964835
-0.630769
0.000000
-1.712088
-6.397802
-9.281319
-7.118681
-6.668132
-2.973626
-0.360440
1.621978
0.720879
3.334066
1.171429
-0.270330
-0.991209
0.810989
1.081319
3.063736
4.685714
1.351648
0.090110
3.243956
1.531868
-1.621978
1.892308
0.540659
2.703297
-2.973626
-0.720879
-0.901099
-0.450549
0.000000
0.630769
1.531868
1.441758
-1.081319
1.081319
2.162637
3.153846
3.784615
5.226374
3.153846
3.334066
2.793407
2.703297
0.540659
2.432967
1.802198
0.630769
1.441758
2.432967
0.810989
0.360440
0.810989
-4.685714
-3.424176
-0.630769
-0.810989
0.901099
2.252747
4.054945
3.604396
0.901099
0.540659
-0.090110
-3.153846
-4.235165
0.090110
0.991209
1.081319
4.145055
1.351648
1.802198
0.270330
-0.630769
0.720879
0.991209
3.243956
3.874725
3.153846
3.424176
2.703297
2.162637
2.162637
1.171429
1.441758
4.595604
0.630769
1.712088
-0.180220
0.180220
1.531868
2.342857
6.848352
6.487912
8.920879
5.316484
-0.630769
-1.802198
-0.090110
3.243956
2.613187
3.334066
2.523077
0.720879
1.531868
1.351648
2.072527
1.531868
2.703297
0.180220
2.162637
-0.720879
3.334066
2.072527
2.613187
0.180220
3.424176
1.531868
8.920879
9.281319
11.443956
9.281319
6.217582
3.424176
5.947253
6.578022
7.208791
6.127473
5.496703
4.685714
2.523077
-6.938462
2.523077
0.810989
0.270330
0.630769
-2.072527
-1.892308
-1.081319
-1.441758
-3.694505
-1.982418
-3.694505
-3.874725
-1.982418
-2.072527
-2.432967
1.441758
1.712088
3.424176
2.703297
3.874725
2.703297
2.523077
3.063736
5.406593
7.389011
6.127473
2.432967
1.171429
0.450549
2.072527
0.630769
1.892308
-0.360440
0.270330
0.360440
-0.180220
-0.180220
0.810989
0.901099
-1.441758
-0.720879
-5.316484
1.441758
0.991209
4.415385
6.758242
4.775824
4.595604
3.063736
2.252747
1.621978
0.720879
1.351648
4.685714
2.252747
-0.270330
-0.180220
-0.270330
-8.470330
-1.982418
-3.153846
1.892308
6.037363
3.604396
2.072527
1.982418
-0.991209
1.621978
2.973626
0.540659
-3.514286
-2.432967
-5.947253
-2.072527
-0.630769
-1.802198
2.973626
2.072527
3.514286
4.775824
4.865934
2.793407
2.072527
0.090110
-0.630769
2.342857
1.261538
4.505495
2.342857
0.540659
-4.956044
-5.857143
-6.578022
-1.351648
0.090110
-1.171429
-1.712088
-1.171429
-1.531868
-3.063736
-3.334066
-4.865934
-5.586813
-4.415385
-5.406593
1.621978
2.793407
2.162637
1.712088
0.360440
2.342857
2.342857
0.450549
0.450549
-3.334066
-2.432967
-6.578022
-9.281319
-8.470330
-10.362637
-10.632967
-8.290110
-6.487912
-2.252747
-3.153846
0.540659
-0.991209
-0.720879
3.334066
4.775824
3.514286
1.621978
0.000000
2.162637
-2.342857
-2.703297
-3.334066
-0.090110
2.523077
4.415385
4.235165
5.857143
2.523077
3.604396
0.360440
-0.991209
-0.991209
-3.604396
-3.874725
0.991209
3.153846
8.200000
8.470330
10.632967
7.028571
4.775824
-1.081319
-1.621978
-3.964835
-2.252747
-3.694505
0.720879
0.630769
3.964835
3.063736
-0.991209
-5.676923
-5.676923
-2.342857
-0.630769
0.991209
5.947253
1.081319
2.432967
-1.261538
-4.415385
-3.514286
-1.351648
1.982418
2.703297
4.235165
3.784615
-4.865934
-4.235165
-4.865934
-4.054945
-4.325275
-3.784615
-0.991209
-1.441758
-1.802198
-2.072527
-0.630769
0.090110
1.802198
-2.523077
-5.226374
-7.298901
-7.569231
-9.281319
-7.569231
-5.046154
-5.496703
-0.180220
1.621978
2.342857
2.162637
1.081319
-4.505495
-5.226374
-4.415385
-1.802198
-2.523077
-0.901099
-4.235165
-3.243956
1.081319
5.767033
7.298901
10.903297
9.821978
9.551648
9.551648
9.641758
5.947253
5.226374
0.810989
4.054945
2.523077
1.441758
1.802198
4.505495
3.243956
1.081319
4.865934
5.136264
4.775824
3.153846
2.072527
-2.072527
5.226374
1.892308
1.441758
2.252747
3.784615
6.397802
7.298901
1.081319
-7.749451
-8.109890
-5.767033
-2.342857
3.964835
5.676923
6.127473
