-1.779487
3.813187
-4.999512
-2.372650
-6.609524
-3.135287
-8.050061
0.084737
0.847375
6.863736
2.796337
6.185836
-2.711600
0.084737
-5.592674
-1.525275
-5.592674
1.948962
-0.338950
4.914774
0.169475
2.711600
-2.457387
2.796337
-0.593162
6.778999
0.847375
0.593162
-7.456899
-3.050549
-2.542125
2.626862
3.050549
6.440049
1.440537
1.271062
0.084737
2.542125
-2.033700
-1.271062
-3.220024
2.626862
3.304762
6.185836
2.372650
1.694750
-0.508425
0.338950
-1.525275
-3.389499
-0.338950
1.779487
4.067399
3.389499
2.542125
0.508425
-2.881074
-7.711111
-8.219536
-6.948474
-1.016850
-2.118437
-1.864225
-0.254212
3.220024
-1.016850
-4.067399
-8.219536
-7.117949
-7.965324
-3.304762
-2.287912
3.389499
0.677900
4.321612
2.711600
3.304762
-4.914774
-3.220024
-6.270574
-2.203175
-5.762149
1.864225
-0.762637
-0.593162
-0.423687
3.982662
0.593162
4.491087
0.169475
4.152137
1.779487
7.117949
2.626862
7.541636
2.033700
3.050549
-3.389499
1.271062
-0.169475
7.711111
5.084249
8.134799
3.474237
5.677411
0.254212
2.372650
-3.135287
0.847375
-4.406349
0.593162
-3.558974
3.474237
-0.423687
-3.643712
-7.965324
-0.593162
-1.101587
1.440537
-6.863736
-3.728449
-8.643223
1.864225
0.508425
3.558974
0.677900
1.525275
-7.626374
-6.694261
-10.083761
-3.135287
-6.694261
-1.525275
-3.304762
2.203175
-0.932112
1.610012
-2.965812
-2.372650
-5.338462
-2.372650
-6.609524
-4.914774
-6.101099
-3.982662
-4.406349
-1.694750
-5.677411
-5.084249
-6.440049
-2.796337
-3.643712
0.593162
-0.338950
0.254212
-6.101099
-4.575824
-3.897924
-1.779487
-6.101099
-8.389011
-7.711111
-4.067399
-4.914774
-6.440049
-6.609524
-4.491087
-4.575824
-4.660562
-4.406349
-1.440537
0.677900
-1.948962
0.084737
-0.508425
-0.847375
-5.592674
-4.914774
-1.779487
-1.016850
-2.626862
2.033700
2.033700
5.423199
6.016361
7.795849
0.508425
-0.084737
-2.457387
-3.643712
-4.236874
0.762637
1.016850
6.609524
8.219536
11.270085
8.050061
2.796337
1.186325
2.033700
0.254212
3.304762
6.016361
8.727961
2.118437
0.677900
-2.542125
-1.355800
-8.643223
-0.169475
1.610012
3.982662
1.610012
4.575824
4.406349
5.762149
2.457387
4.914774
3.389499
5.253724
3.050549
8.389011
9.236386
9.151648
4.321612
8.897436
1.948962
0.423687
-3.050549
1.101587
-4.067399
0.508425
-1.779487
6.355311
5.846886
9.575336
2.033700
5.592674
-0.338950
1.440537
-5.846886
-0.847375
-5.338462
2.287912
-1.101587
6.185836
1.610012
6.185836
-0.423687
0.084737
-6.440049
0.847375
-1.355800
4.321612
-0.254212
4.575824
2.118437
6.524786
3.304762
7.965324
1.779487
5.253724
3.135287
6.270574
0.254212
3.304762
1.186325
4.745299
0.847375
2.118437
-1.864225
-2.796337
-6.016361
-3.558974
-7.541636
-5.253724
-5.677411
0.508425
4.491087
8.304274
5.846886
5.762149
5.677411
5.846886
3.050549
2.881074
-0.084737
1.694750
1.694750
2.033700
4.321612
4.067399
1.610012
0.000000
-1.864225
-4.067399
-5.931624
-6.016361
-6.778999
-5.084249
-4.660562
-2.203175
0.423687
2.203175
3.982662
5.931624
2.965812
1.271062
-0.932112
-0.762637
-2.457387
-0.423687
1.525275
4.491087
5.507937
8.134799
7.795849
5.677411
3.558974
3.304762
0.762637
1.186325
-0.847375
0.254212
3.135287
4.236874
1.779487
3.304762
3.897924
4.491087
3.389499
3.474237
1.779487
-0.084737
-5.931624
-8.389011
-5.677411
-3.474237
-3.220024
-3.982662
-2.457387
-3.220024
-3.050549
-3.728449
-3.643712
-2.711600
-3.050549
-2.033700
-2.118437
-3.558974
-3.050549
-4.914774
-7.033211
-6.101099
-1.694750
-4.152137
-8.812698
-10.253236
-7.880586
-5.762149
-0.169475
-1.779487
-1.186325
-1.610012
-0.932112
1.186325
1.610012
4.321612
-2.287912
-3.558974
-4.152137
-0.762637
-3.982662
-2.965812
-3.135287
-0.423687
-0.593162
1.016850
-1.864225
-3.813187
-4.152137
-2.457387
-1.101587
-2.457387
-4.321612
-4.067399
-6.694261
-3.897924
-5.677411
-5.846886
-4.745299
-2.372650
-2.626862
0.169475
-1.271062
0.593162
-4.236874
-1.779487
-2.881074
-1.271062
-6.355311
-2.457387
-4.067399
6.016361
2.118437
6.185836
-1.016850
0.084737
-2.626862
2.287912
2.457387
8.050061
1.610012
5.423199
-2.118437
-0.084737
-3.050549
5.338462
0.169475
1.864225
-4.406349
-0.847375
-2.881074
2.881074
-0.169475
4.575824
-1.525275
2.881074
-1.864225
0.677900
-3.728449
-1.440537
-3.135287
2.118437
-3.982662
0.932112
-5.168987
1.016850
-0.338950
0.932112
-3.304762
-0.423687
-2.287912
3.474237
-0.508425
-0.169475
-6.270574
-1.101587
-0.677900
2.372650
-1.016850
-1.694750
-5.592674
-4.406349
-7.880586
-0.254212
1.440537
3.813187
-1.101587
-0.593162
-3.135287
2.542125
1.440537
1.610012
-6.270574
-5.762149
-9.151648
-5.507937
-7.965324
-1.694750
-3.728449
2.457387
-2.711600
-0.338950
-9.660073
-4.152137
-9.575336
-4.999512
-8.050061
-1.948962
-3.220024
3.389499
2.457387
4.999512
2.457387
6.440049
-2.372650
-0.762637
-6.948474
-1.948962
-5.677411
0.169475
-2.118437
3.389499
-2.203175
-0.677900
-4.745299
-0.677900
-5.762149
-1.186325
-4.575824
-0.169475
-4.914774
2.033700
-3.813187
0.932112
-2.118437
6.355311
-0.423687
3.220024
-3.474237
0.169475
-1.440537
5.677411
-2.203175
1.779487
-1.864225
3.643712
-1.271062
4.067399
1.186325
2.033700
-4.999512
-1.525275
-4.660562
-2.542125
-5.677411
0.000000
-2.203175
2.287912
-1.610012
4.745299
0.677900
2.118437
-3.982662
1.694750
-0.084737
3.135287
-0.423687
3.813187
4.745299
5.762149
-2.372650
0.593162
-2.118437
-1.440537
-5.592674
0.338950
-0.423687
3.982662
0.847375
1.694750
-2.796337
0.847375
0.508425
3.813187
0.762637
5.677411
3.813187
5.507937
4.660562
7.541636
5.592674
3.982662
-0.423687
-0.084737
-1.186325
0.508425
-3.050549
-0.254212
0.762637
3.389499
3.474237
3.813187
2.711600
2.203175
2.965812
1.864225
2.203175
4.491087
6.016361
3.813187
3.474237
0.508425
1.186325
5.507937
6.440049
3.813187
4.321612
4.830037
5.846886
1.016850
1.864225
0.169475
5.677411
5.168987
7.880586
6.355311
9.744811
6.440049
2.796337
-1.779487
1.525275
1.779487
5.762149
-0.338950
0.932112
-1.355800
0.000000
-2.796337
1.101587
-1.440537
3.897924
-0.677900
3.813187
-1.779487
4.745299
-4.830037
1.271062
-7.456899
-2.203175
-9.575336
-4.321612
-8.982173
-3.982662
-6.524786
-1.948962
-4.660562
1.271062
-2.881074
2.033700
-0.423687
5.338462
-0.423687
2.796337
-0.593162
5.338462
0.338950
2.711600
-4.236874
2.033700
1.355800
5.423199
-0.338950
2.457387
-1.525275
3.728449
0.254212
1.948962
-4.999512
0.423687
-3.558974
1.525275
0.593162
2.287912
-5.423199
-3.135287
-5.846886
-1.101587
-6.270574
-1.271062
-3.474237
-0.169475
-4.575824
-1.864225
-9.490598
-6.694261
-10.761661
-6.016361
-8.897436
-3.304762
-6.863736
-1.525275
-8.982173
-4.575824
-8.982173
-3.897924
-7.626374
-3.474237
-5.507937
2.457387
0.000000
3.474237
-1.694750
0.338950
-3.558974
0.762637
-4.152137
2.203175
-1.186325
-2.626862
-6.016361
-3.304762
-6.440049
-3.897924
-7.202686
-8.982173
-10.846398
-6.185836
-2.457387
-4.067399
-0.169475
-1.440537
-4.745299
-4.321612
-3.389499
-0.338950
-0.084737
2.542125
1.016850
-2.626862
-0.932112
-3.389499
0.338950
0.593162
0.677900
-4.745299
-3.813187
-3.813187
-1.186325
-4.914774
-4.152137
-7.711111
-0.169475
-5.423199
-0.593162
-4.067399
4.660562
-3.389499
1.271062
-0.847375
4.914774
1.186325
3.813187
-2.457387
0.677900
3.220024
6.270574
2.372650
6.609524
-0.423687
5.253724
0.593162
2.457387
-2.457387
3.728449
-1.440537
4.745299
0.932112
2.711600
-2.287912
2.203175
-1.101587
3.474237
-1.948962
2.881074
0.000000
2.881074
-2.457387
-1.271062
-3.643712
-1.864225
-5.762149
-0.847375
-2.033700
-0.932112
-1.101587
-0.762637
-7.541636
-5.592674
-5.084249
-4.067399
-6.948474
-3.389499
-2.457387
-2.118437
1.271062
0.254212
2.881074
2.796337
2.118437
-0.762637
0.932112
-3.050549
-2.033700
-2.965812
2.457387
4.999512
4.830037
4.236874
7.965324
5.253724
7.541636
3.897924
7.880586
4.321612
7.372161
1.355800
8.134799
4.830037
8.473748
2.457387
7.965324
3.558974
9.914286
8.982173
15.422222
8.897436
9.914286
3.982662
6.948474
1.101587
6.948474
3.050549
5.423199
-1.271062
1.440537
-2.457387
1.948962
-3.135287
-0.593162
-1.864225
3.474237
-1.440537
-0.169475
-3.982662
2.796337
-1.440537
2.542125
-2.372650
-1.779487
-2.965812
1.525275
-3.728449
-0.084737
-2.457387
4.321612
1.948962
2.626862
-0.677900
-0.423687
-4.067399
-2.203175
-6.355311
-5.168987
-7.795849
0.423687
0.423687
8.812698
7.795849
10.253236
5.253724
9.151648
5.762149
4.914774
-1.101587
-1.186325
-7.033211
-4.491087
-5.423199
-3.474237
-5.338462
-5.507937
-7.287424
-3.813187
-2.372650
-2.118437
-3.304762
-4.830037
-5.084249
-4.830037
-5.253724
-3.304762
-3.982662
-2.965812
0.593162
1.779487
0.593162
0.000000
-0.677900
0.000000
-1.016850
-7.372161
-4.914774
-1.271062
-0.762637
1.271062
4.236874
4.491087
3.643712
0.423687
-0.593162
0.169475
1.101587
-0.338950
2.711600
-1.271062
3.304762
2.372650
8.389011
2.881074
3.813187
-0.847375
3.897924
-0.847375
5.762149
1.186325
3.897924
-1.779487
1.525275
-2.372650
3.389499
1.440537
5.168987
2.372650
4.914774
-3.813187
-4.152137
-8.134799
-6.185836
-11.693773
-3.304762
-2.542125
1.186325
-2.796337
0.254212
-7.711111
-4.745299
-8.473748
-3.728449
-4.999512
1.440537
-2.203175
0.084737
-4.321612
1.440537
-2.203175
1.525275
-5.677411
-1.016850
-6.270574
2.881074
-0.169475
2.203175
-1.948962
0.932112
-4.067399
1.186325
-1.694750
2.457387
-3.050549
1.186325
-3.135287
0.169475
-1.864225
3.474237
-0.423687
2.287912
-3.728449
-5.338462
-6.948474
-1.101587
-1.440537
1.271062
-0.593162
0.847375
-2.118437
-2.457387
-6.355311
-3.050549
-1.610012
0.000000
-3.389499
-2.796337
-0.254212
2.542125
1.694750
1.864225
-0.338950
-0.508425
0.762637
3.220024
4.491087
6.101099
8.219536
6.016361
3.643712
4.321612
6.270574
6.270574
4.491087
1.694750
6.948474
2.287912
3.389499
-1.779487
3.728449
-0.593162
0.084737
-3.813187
4.491087
1.779487
3.135287
-0.508425
3.304762
0.593162
4.575824
0.508425
5.507937
1.186325
4.491087
-2.457387
1.016850
-4.575824
-0.254212
-5.762149
1.101587
-0.847375
1.779487
-3.558974
-0.508425
-5.677411
-2.881074
-4.830037
-0.762637
-4.067399
-3.813187
-4.067399
-1.948962
-1.610012
4.491087
0.084737
2.542125
2.287912
5.338462
0.762637
6.863736
5.592674
7.965324
-0.423687
0.847375
-1.271062
4.321612
3.982662
5.677411
2.372650
4.321612
1.525275
2.287912
2.542125
9.660073
6.101099
6.778999
-2.626862
-4.236874
-9.490598
-2.118437
-1.694750
-1.610012
-3.643712
3.558974
2.626862
4.830037
-0.508425
0.084737
-1.864225
0.000000
-5.592674
-3.728449
-8.473748
-3.982662
-3.304762
5.084249
3.982662
4.999512
-0.423687
1.948962
-3.389499
-1.610012
-8.558486
-4.152137
-6.440049
1.016850
-0.932112
7.033211
5.677411
11.863248
7.965324
7.965324
-1.271062
2.033700
-2.287912
2.796337
-0.593162
5.253724
1.948962
6.863736
1.355800
8.219536
-0.423687
2.881074
-3.135287
2.287912
0.932112
6.101099
0.593162
3.728449
-0.593162
3.050549
-1.016850
0.508425
-5.762149
0.677900
-1.864225
3.558974
0.169475
3.220024
-2.796337
-1.271062
-4.152137
-0.254212
-3.304762
1.525275
-3.050549
-2.965812
-7.880586
-0.762637
-1.610012
4.575824
-1.101587
-0.847375
-10.676923
-0.762637
-0.593162
6.355311
-0.932112
1.694750
-6.948474
-4.152137
-15.083272
-6.185836
-12.456410
-6.440049
-9.151648
-6.524786
-10.592186
-6.270574
-8.897436
-0.423687
-4.745299
2.033700
-2.626862
-2.542125
-9.321123
-3.728449
-7.117949
-1.779487
-5.762149
-4.914774
-10.846398
-6.016361
-8.134799
0.000000
-3.558974
-7.456899
-6.016361
-1.610012
-4.999512
-3.220024
-9.999023
-4.660562
-4.406349
3.813187
1.355800
5.338462
0.338950
1.186325
-2.287912
1.525275
-2.881074
3.813187
2.881074
3.728449
3.220024
5.762149
4.321612
7.795849
0.423687
1.016850
-2.033700
2.965812
1.355800
4.321612
0.084737
1.694750
-4.575824
-8.219536
-7.202686
-1.948962
0.508425
4.236874
3.558974
4.406349
4.406349
2.033700
0.169475
1.355800
5.084249
5.677411
4.660562
2.542125
2.203175
-1.610012
3.220024
0.847375
3.389499
0.254212
2.287912
-3.643712
-1.440537
-1.610012
0.423687
-2.881074
1.016850
-4.067399
-0.677900
-1.016850
6.778999
-1.525275
-0.847375
-6.185836
-0.932112
-3.982662
2.796337
-2.118437
-1.355800
-5.084249
-3.474237
-1.779487
2.626862
2.542125
6.355311
3.135287
5.253724
4.406349
4.660562
0.423687
1.440537
-2.033700
-2.711600
-7.795849
-12.880098
-12.371673
-5.168987
-0.169475
1.948962
0.084737
-0.254212
1.610012
-2.626862
0.593162
-2.203175
-0.423687
-0.338950
5.338462
1.694750
3.220024
-4.152137
-2.881074
-7.033211
-1.440537
-5.253724
-4.660562
-7.880586
-3.813187
-8.050061
-4.406349
-4.152137
0.932112
-5.338462
-1.355800
-7.033211
-1.948962
-4.830037
3.897924
-1.271062
0.932112
-4.745299
-0.169475
-1.271062
2.542125
-2.372650
4.406349
0.084737
5.084249
1.525275
4.914774
-1.610012
2.457387
-1.864225
4.914774
1.355800
4.660562
0.254212
5.084249
0.338950
1.694750
-7.456899
-2.796337
-3.474237
3.050549
-2.711600
-2.542125
-5.677411
-4.067399
-5.762149
-2.033700
-3.304762
-4.491087
-5.423199
-2.372650
-1.440537
-0.338950
-1.016850
-2.796337
-5.253724
-6.101099
-4.914774
-4.999512
-6.778999
-3.813187
-1.525275
0.000000
0.000000
-3.135287
-5.253724
-5.338462
-0.338950
-1.101587
0.169475
-6.185836
-1.779487
-3.728449
-3.389499
-9.575336
-1.355800
-8.219536
-4.999512
-7.456899
-3.474237
-8.982173
-5.338462
-6.185836
1.355800
-1.948962
4.067399
-1.440537
3.135287
-2.881074
-0.762637
-5.338462
0.084737
-5.338462
-0.169475
-5.592674
-0.338950
-6.101099
-0.338950
-1.271062
2.287912
-6.185836
-1.610012
-2.287912
5.846886
3.135287
5.677411
2.287912
4.321612
4.321612
8.219536
6.694261
5.846886
3.389499
1.016850
4.491087
6.355311
8.389011
5.338462
6.270574
9.660073
12.117460
7.626374
6.694261
5.084249
4.067399
0.762637
4.321612
2.881074
4.830037
-1.355800
3.304762
0.000000
1.694750
-1.779487
1.610012
-2.457387
1.525275
-1.271062
3.643712
-0.423687
4.830037
1.355800
10.168498
2.965812
7.287424
-1.694750
1.440537
-1.355800
5.423199
1.186325
5.762149
1.610012
3.474237
-0.338950
3.135287
1.440537
6.863736
1.525275
0.254212
-0.593162
1.271062
2.287912
7.626374
11.439560
12.117460
6.609524
4.321612
5.338462
3.813187
5.592674
1.440537
3.558974
0.677900
1.610012
-1.101587
1.355800
-2.033700
-0.762637
-9.066911
-3.389499
-1.694750
5.846886
0.000000
-2.881074
-11.778510
-6.016361
-4.745299
1.271062
-2.965812
2.881074
-1.186325
1.016850
-4.999512
-1.525275
-8.219536
-6.101099
-12.456410
-5.084249
-6.270574
-0.593162
-5.762149
-1.694750
-3.728449
0.508425
-4.152137
-3.304762
-7.033211
-3.304762
-2.203175
-0.423687
5.338462
10.253236
7.795849
4.321612
-1.864225
-3.813187
-2.881074
-1.525275
3.982662
4.321612
3.558974
1.355800
-0.847375
-3.982662
-1.440537
1.355800
3.897924
0.338950
2.118437
1.101587
4.575824
4.660562
6.101099
1.016850
-1.186325
-3.982662
-1.948962
-8.050061
0.084737
-0.932112
1.948962
-3.474237
-0.593162
-5.762149
0.084737
-3.643712
1.948962
2.118437
8.812698
6.016361
8.727961
2.457387
4.914774
-1.864225
-0.762637
-8.389011
-2.796337
-4.236874
-1.101587
-7.033211
-2.457387
-4.491087
-1.610012
-7.117949
-2.626862
-4.745299
0.338950
-1.016850
3.220024
1.779487
1.864225
-5.423199
-1.016850
-2.542125
-0.677900
-7.117949
-4.575824
-7.795849
-1.355800
0.508425
3.813187
-0.677900
-3.135287
-4.830037
-3.643712
-5.423199
-4.660562
-6.355311
-5.338462
-3.728449
-0.593162
1.440537
-0.423687
-1.101587
-1.440537
-0.338950
1.186325
0.847375
0.254212
1.610012
0.000000
-1.186325
-4.745299
-1.948962
-4.321612
-3.050549
-3.982662
-1.355800
-5.592674
-2.711600
-4.745299
1.186325
-2.542125
4.745299
0.338950
3.135287
-0.084737
7.456899
2.372650
8.050061
5.677411
14.744322
9.999023
11.778510
7.795849
10.761661
7.033211
11.439560
7.965324
12.541148
5.168987
8.304274
-1.864225
3.643712
0.084737
4.914774
0.847375
5.507937
1.016850
2.965812
-0.423687
0.762637
-0.932112
1.271062
-2.881074
4.830037
7.372161
8.304274
0.847375
2.542125
0.593162
2.711600
-3.304762
-4.236874
-6.440049
-3.220024
-0.847375
2.203175
0.084737
-0.423687
2.542125
0.593162
-0.423687
0.000000
-2.796337
-2.372650
-1.948962
-3.474237
0.423687
-2.626862
0.169475
-1.610012
3.389499
4.321612
3.897924
-2.287912
0.084737
-3.558974
-3.304762
-6.016361
-1.525275
-3.982662
2.542125
-0.762637
1.694750
-7.287424
-7.033211
-13.642735
-1.355800
-2.711600
2.711600
-1.440537
-1.186325
-10.507448
-7.795849
-15.168010
-11.609035
-14.490110
-7.626374
-6.270574
0.762637
-2.711600
-1.016850
-12.964835
-0.847375
-6.270574
-4.575824
-9.999023
-5.762149
-8.558486
-1.948962
1.101587
3.050549
0.677900
5.338462
4.067399
5.677411
-1.525275
-0.593162
-5.592674
-1.864225
0.084737
-4.067399
1.610012
3.474237
2.372650
4.491087
1.016850
0.932112
-3.982662
-4.067399
-5.338462
-3.135287
-3.813187
-0.932112
-5.253724
-0.254212
-4.575824
-6.524786
-12.286935
-7.202686
-7.626374
-4.321612
-4.236874
-4.575824
-2.118437
1.440537
1.525275
3.304762
-1.440537
-4.999512
-11.609035
-12.456410
-10.846398
-6.016361
-4.067399
-0.084737
-4.236874
-0.508425
-3.643712
-1.694750
-3.389499
-2.711600
-4.491087
-3.813187
-6.778999
-4.067399
-6.101099
-1.694750
-0.593162
-1.016850
-2.881074
-4.236874
-4.914774
-2.457387
-2.457387
-3.220024
-3.389499
-3.728449
-1.101587
2.711600
5.253724
1.948962
1.694750
-4.321612
-4.491087
-5.931624
-3.897924
-5.846886
1.355800
3.304762
6.270574
4.236874
5.762149
0.338950
2.287912
-1.101587
0.847375
-2.118437
-1.355800
-3.389499
-0.423687
-3.643712
0.593162
-4.914774
8.897436
6.016361
6.270574
0.508425
3.304762
2.881074
9.829548
5.338462
7.880586
2.372650
6.609524
0.762637
4.830037
1.355800
3.982662
-0.762637
3.897924
-0.423687
6.863736
4.067399
9.575336
4.236874
0.762637
-7.880586
-7.033211
-6.863736
2.203175
4.745299
9.575336
6.355311
9.575336
1.948962
3.728449
-1.271062
-1.948962
-7.287424
-2.542125
-2.372650
7.117949
3.389499
4.067399
4.236874
8.643223
5.084249
7.456899
5.677411
6.609524
3.558974
3.135287
2.965812
5.592674
5.677411
7.287424
5.084249
4.067399
2.372650
7.117949
7.795849
5.931624
1.694750
2.118437
1.101587
0.847375
1.610012
5.084249
4.406349
2.542125
-0.593162
-2.118437
-1.779487
-1.779487
-2.711600
-4.406349
-2.118437
-1.355800
-1.186325
-4.491087
-4.491087
-2.626862
-2.881074
-3.474237
-2.203175
-2.796337
-0.932112
-2.796337
0.084737
-0.169475
1.864225
2.118437
5.084249
2.203175
4.999512
3.558974
7.541636
4.660562
4.745299
-1.440537
-1.016850
-7.626374
-1.779487
-3.474237
0.169475
-0.593162
2.796337
0.423687
2.203175
-3.643712
2.033700
-1.864225
0.169475
-1.779487
4.575824
2.457387
8.473748
0.508425
-0.423687
-7.117949
-3.220024
-5.338462
2.965812
4.914774
2.711600
1.355800
6.355311
2.033700
7.965324
1.440537
1.779487
-4.321612
0.762637
-2.118437
6.524786
4.999512
10.083761
4.152137
8.389011
2.881074
6.524786
5.338462
13.134310
8.473748
8.727961
5.423199
5.762149
2.457387
1.525275
-3.050549
-0.254212
1.779487
2.542125
2.372650
1.016850
0.762637
1.186325
-2.033700
-4.830037
-4.830037
-3.304762
-1.271062
-2.457387
-1.101587
-0.932112
-1.016850
0.338950
3.135287
1.779487
0.000000
-1.016850
-4.745299
-6.524786
-3.304762
-2.033700
-1.101587
-5.762149
-7.541636
-7.795849
-6.101099
-8.727961
-9.914286
-11.863248
-8.982173
-11.693773
-5.084249
-9.829548
-9.660073
-13.134310
-9.575336
-9.151648
-3.897924
-5.168987
-4.830037
-9.914286
-5.931624
-7.033211
-1.694750
-4.575824
-1.610012
-5.677411
-1.948962
-4.575824
-1.610012
-15.083272
-6.101099
-9.236386
-5.507937
-6.101099
1.101587
-3.558974
-2.626862
-7.202686
-3.474237
-6.609524
-0.423687
-4.914774
-2.118437
-7.287424
-2.542125
-4.830037
1.694750
-1.610012
-0.677900
-3.220024
-2.626862
-4.745299
-2.203175
