0.962149
-0.769719
-0.481074
-3.367521
-3.463736
-10.006349
4.137241
7.697192
4.810745
1.539438
-0.865934
0.865934
6.061538
7.697192
4.810745
-1.924298
-7.504762
-2.405372
0.962149
2.501587
3.271306
3.559951
5.772894
0.673504
1.347009
1.539438
3.944811
5.388034
-3.463736
3.752381
0.000000
-0.192430
-2.116728
-2.212943
1.443223
4.522100
3.463736
0.481074
-1.154579
0.288645
-0.962149
-1.250794
0.384860
1.443223
0.384860
0.673504
-2.212943
-2.694017
2.116728
4.714530
6.061538
7.793407
3.367521
-0.481074
-2.309158
0.384860
7.600977
13.470085
13.758730
10.198779
4.714530
3.944811
0.769719
-2.020513
-4.041026
-0.769719
2.116728
3.944811
5.580464
6.735043
7.793407
8.178266
5.003175
2.694017
0.577289
1.347009
1.539438
3.752381
4.329670
3.752381
3.175092
2.982662
2.501587
3.078877
2.790232
3.944811
4.233455
2.020513
1.154579
2.309158
9.332845
10.391209
7.504762
7.793407
6.446398
3.367521
1.539438
-1.443223
-3.078877
-2.694017
0.673504
2.212943
1.443223
-0.096215
-2.309158
2.405372
7.312332
8.563126
0.577289
-4.522100
-3.656166
-1.635653
0.481074
3.656166
2.405372
-0.192430
0.865934
0.384860
-0.481074
-2.886447
-3.367521
-4.522100
-7.600977
-9.140415
-8.082051
-8.563126
-7.408547
-4.329670
-4.329670
-0.865934
-1.443223
-6.735043
-6.446398
-2.020513
1.443223
-0.192430
-0.865934
0.673504
2.405372
0.096215
-5.003175
-4.425885
-2.886447
0.000000
-0.769719
-2.790232
-4.425885
-3.463736
-2.116728
1.154579
0.577289
-3.752381
-4.137241
-3.175092
-1.250794
0.096215
-3.271306
-8.755556
-13.373871
-12.892796
-10.294994
-6.831258
-4.906960
-5.291819
-4.618315
-1.250794
0.096215
2.694017
3.944811
2.694017
-1.828083
-3.078877
0.000000
0.096215
4.618315
7.408547
7.793407
1.250794
-5.772894
-6.638828
-2.886447
-0.288645
-1.828083
0.096215
-0.769719
-0.865934
0.577289
1.443223
2.982662
4.810745
4.714530
1.443223
4.137241
1.731868
-3.848596
-4.329670
-2.309158
-0.769719
-1.539438
-2.020513
-3.944811
-3.463736
-7.119902
-8.466911
-8.274481
-5.099389
-1.443223
1.058364
1.443223
-2.309158
-6.253968
-4.810745
-1.443223
0.384860
-1.347009
-6.831258
-7.985836
-2.212943
-0.673504
1.250794
-1.250794
-1.731868
-4.041026
-1.635653
-1.828083
-3.078877
-5.676679
-5.484249
-1.058364
4.522100
5.965324
7.889621
2.116728
-7.312332
-12.411722
-7.600977
-2.694017
2.309158
3.175092
4.425885
1.250794
4.906960
2.982662
1.443223
-2.886447
-4.041026
-0.384860
2.309158
2.309158
0.000000
0.192430
-0.096215
2.982662
3.463736
0.962149
-1.250794
-2.694017
-3.559951
-3.367521
-7.793407
-7.504762
-3.944811
1.058364
6.350183
7.600977
4.522100
1.250794
-1.828083
-2.501587
-2.116728
2.116728
3.175092
-0.865934
-1.058364
0.288645
0.288645
-3.752381
4.906960
3.752381
2.982662
0.769719
0.673504
0.673504
-2.020513
-0.192430
2.886447
5.388034
4.233455
3.559951
2.309158
2.212943
2.501587
3.367521
4.041026
2.212943
-0.481074
-0.192430
5.291819
8.466911
6.542613
3.559951
-0.096215
-0.577289
-0.865934
0.288645
3.271306
5.484249
5.099389
1.828083
-2.982662
-5.965324
-5.484249
-0.865934
3.463736
5.772894
4.810745
3.752381
2.116728
-0.481074
-1.731868
-3.463736
-4.041026
-1.635653
-0.769719
1.443223
-1.828083
1.154579
3.944811
3.175092
0.673504
1.828083
1.250794
-1.443223
-1.443223
-1.347009
-0.288645
2.116728
4.041026
7.119902
4.522100
0.769719
-2.790232
-3.175092
-2.116728
-1.539438
-0.192430
0.000000
2.597802
3.078877
2.405372
2.501587
1.635653
0.192430
3.367521
4.233455
4.329670
5.772894
2.886447
-1.250794
-2.501587
-4.714530
-3.656166
-0.962149
-1.635653
-5.484249
-3.463736
-8.755556
1.539438
2.597802
4.041026
5.484249
4.041026
2.405372
3.078877
2.694017
3.367521
5.291819
5.676679
7.216117
7.985836
8.466911
6.446398
3.944811
4.425885
7.793407
9.525275
8.274481
5.195604
2.020513
3.078877
6.446398
7.985836
8.659341
8.178266
8.274481
9.621490
6.735043
5.099389
0.288645
0.288645
-3.848596
-4.041026
-1.347009
0.673504
0.577289
-0.192430
-0.384860
2.309158
2.501587
5.099389
6.061538
5.772894
0.192430
-2.886447
-0.192430
3.367521
5.291819
4.233455
1.635653
1.058364
0.192430
2.982662
6.446398
5.195604
-0.192430
-5.869109
-7.504762
-5.676679
-1.443223
0.673504
3.944811
3.271306
-2.597802
-3.848596
-2.790232
2.020513
4.137241
4.329670
-0.481074
-4.425885
-7.504762
-3.944811
1.924298
10.679853
9.525275
3.752381
-7.312332
-3.944811
-3.271306
-4.041026
-5.388034
-2.982662
-2.405372
-1.539438
-0.769719
1.154579
1.539438
2.790232
3.271306
2.886447
2.020513
2.694017
2.020513
9.813919
5.965324
0.288645
-2.212943
-2.309158
-2.309158
2.501587
2.501587
0.481074
-1.347009
-1.443223
1.828083
4.714530
2.116728
-1.347009
-5.388034
-2.790232
0.769719
3.752381
1.828083
0.481074
-2.020513
-7.504762
-8.851770
-5.003175
2.790232
7.793407
7.216117
5.484249
3.752381
1.154579
-1.250794
-2.020513
0.096215
2.405372
3.944811
3.656166
0.288645
5.484249
8.178266
8.370696
0.481074
-4.329670
-6.061538
-2.116728
-0.096215
-1.443223
-2.405372
-1.924298
-2.501587
-3.848596
-6.446398
-5.965324
-5.291819
-1.058364
1.154579
0.673504
-2.212943
-3.752381
-4.233455
-4.906960
-4.522100
-5.099389
-4.810745
-1.731868
3.078877
4.522100
7.216117
6.542613
5.676679
5.388034
5.003175
3.656166
4.522100
2.212943
0.865934
-0.192430
0.673504
0.192430
1.924298
1.058364
-0.192430
0.481074
1.635653
0.673504
-1.731868
-2.116728
-0.192430
0.577289
-0.481074
-1.347009
-2.694017
-7.216117
-15.779243
-5.003175
-0.962149
-1.058364
-2.982662
-2.405372
0.481074
1.635653
2.597802
3.078877
7.600977
4.233455
-0.096215
-4.522100
-6.638828
-6.157753
-3.078877
-2.212943
-0.288645
2.790232
4.041026
5.099389
4.714530
3.559951
0.769719
3.271306
6.350183
5.580464
4.329670
1.443223
-0.096215
2.116728
5.580464
9.525275
8.851770
2.982662
0.000000
-0.673504
-1.635653
-1.058364
0.000000
1.154579
3.656166
1.828083
-2.790232
-3.848596
-0.769719
3.367521
5.291819
4.233455
2.501587
3.271306
1.154579
-2.597802
-5.388034
-4.233455
-2.790232
0.192430
2.886447
1.539438
0.481074
0.000000
-1.347009
2.405372
2.790232
-4.041026
-11.642002
-11.353358
-5.484249
-0.288645
-1.058364
-2.597802
-3.559951
-1.828083
0.288645
2.116728
-0.577289
-4.329670
-9.044200
-7.793407
-5.099389
-1.347009
1.443223
-1.250794
-0.962149
-1.443223
0.288645
0.000000
-2.501587
-2.309158
-5.484249
-8.178266
-6.253968
-4.329670
-3.752381
-1.539438
-4.618315
-5.003175
-7.793407
-10.294994
-9.621490
-10.487424
-12.796581
-15.009524
-12.989011
-13.085226
-9.717705
-8.178266
-5.869109
-2.501587
-1.731868
-3.078877
-5.195604
-6.061538
-6.253968
-5.291819
-3.078877
-1.731868
-1.828083
0.192430
1.731868
3.944811
5.003175
4.810745
2.405372
1.250794
0.000000
-1.635653
-4.618315
0.673504
6.831258
7.889621
6.638828
6.446398
5.869109
3.559951
2.982662
2.020513
3.656166
4.041026
3.463736
-0.865934
-5.003175
-3.752381
-6.446398
-7.889621
-9.236630
-6.638828
-4.714530
-3.559951
-1.250794
2.405372
5.291819
3.848596
2.501587
-1.058364
-5.195604
-4.233455
-0.577289
2.309158
2.597802
2.886447
2.982662
2.405372
3.367521
3.656166
3.944811
2.694017
0.865934
-1.154579
-1.347009
0.865934
4.137241
2.982662
-2.212943
-4.906960
-2.886447
-2.597802
-2.790232
-5.965324
-9.140415
-7.889621
-5.003175
-4.329670
-5.388034
-3.559951
-0.577289
0.096215
0.000000
-0.481074
-2.982662
-1.539438
-2.886447
-5.291819
-5.484249
-6.157753
-7.023687
-5.484249
-3.944811
-3.271306
-3.078877
-2.982662
-2.597802
-1.250794
-1.539438
0.000000
1.154579
1.154579
0.192430
0.288645
-1.154579
-2.886447
-3.559951
-2.020513
-0.673504
1.828083
0.673504
1.924298
3.656166
2.020513
-0.962149
-4.137241
-6.927473
-4.714530
-1.924298
2.982662
4.618315
6.446398
6.927473
7.697192
8.370696
7.889621
2.790232
-0.481074
0.384860
2.309158
4.425885
2.886447
0.962149
1.635653
3.078877
1.443223
1.250794
0.962149
-0.577289
-0.481074
-3.271306
-6.061538
-6.157753
-2.405372
2.694017
6.350183
8.274481
2.886447
8.755556
6.735043
5.676679
2.116728
-3.078877
-5.676679
-7.408547
-10.102564
-10.198779
-8.274481
-4.906960
-3.271306
-3.367521
-3.367521
-3.559951
-3.367521
-1.828083
2.309158
3.656166
3.752381
4.714530
5.003175
5.291819
4.137241
6.638828
6.061538
-1.347009
2.405372
3.367521
-6.350183
3.848596
1.154579
2.212943
2.694017
5.291819
7.023687
11.449573
12.989011
10.583639
7.697192
2.790232
-4.810745
-4.137241
-3.463736
-2.309158
-2.982662
-3.656166
-3.175092
0.192430
0.288645
0.192430
2.020513
5.772894
5.676679
2.501587
1.443223
1.731868
2.116728
-0.384860
-4.714530
-0.192430
0.481074
0.192430
3.367521
3.752381
-4.425885
4.041026
5.676679
2.790232
4.714530
1.347009
-0.288645
-0.192430
1.058364
0.962149
4.137241
5.388034
5.484249
4.810745
6.350183
7.889621
5.772894
2.020513
-0.769719
-6.253968
-8.274481
-10.198779
-9.621490
-7.312332
-5.580464
-5.003175
-2.694017
-1.347009
0.096215
1.154579
0.481074
-0.769719
-4.714530
-8.178266
-4.233455
-3.271306
-1.443223
0.481074
3.367521
3.271306
2.020513
-0.769719
-0.962149
-0.865934
1.347009
-2.212943
-3.175092
-4.137241
-2.982662
0.096215
1.154579
2.212943
3.944811
3.367521
-1.058364
-3.271306
-1.731868
-4.041026
-6.157753
-5.003175
-5.580464
-7.023687
-6.350183
-5.772894
-2.309158
-3.656166
-0.865934
2.020513
1.635653
-0.865934
-0.769719
1.443223
1.731868
-0.481074
-3.752381
-9.332845
-8.274481
-5.195604
-0.962149
-6.735043
1.347009
2.405372
1.347009
0.000000
2.597802
2.694017
-0.384860
1.828083
3.078877
3.175092
1.731868
1.635653
2.790232
3.271306
2.405372
6.446398
6.446398
5.195604
4.906960
2.982662
0.000000
-2.501587
-4.137241
-4.906960
-3.367521
-3.175092
-2.405372
-4.522100
-5.003175
-5.484249
-2.982662
-13.566300
-0.096215
2.405372
5.291819
6.446398
7.985836
9.332845
11.545788
10.872283
8.178266
9.717705
12.604151
13.470085
11.930647
8.755556
7.889621
6.446398
5.484249
4.233455
4.810745
5.388034
2.982662
3.559951
4.425885
3.463736
0.000000
0.769719
-0.673504
-1.154579
-0.673504
0.769719
0.865934
1.539438
2.020513
1.347009
-2.790232
-7.023687
-8.082051
-5.291819
-4.425885
-3.367521
0.288645
-1.154579
-2.020513
-0.288645
-0.962149
0.096215
1.828083
0.962149
0.481074
-1.443223
-2.212943
1.443223
1.731868
0.673504
-0.865934
-1.058364
-1.058364
0.096215
0.673504
2.116728
1.731868
4.233455
2.790232
0.192430
-1.154579
-2.982662
-6.350183
-6.157753
-3.078877
-0.481074
-0.769719
0.577289
3.175092
2.982662
1.154579
-0.192430
-3.367521
-2.694017
-3.848596
-4.041026
-1.635653
2.886447
5.291819
6.542613
6.350183
5.965324
5.195604
3.944811
1.924298
1.058364
-0.096215
-0.962149
1.924298
4.137241
2.501587
2.405372
1.250794
-1.154579
-1.539438
-0.481074
-1.635653
-2.597802
-1.443223
-0.865934
-4.618315
-1.635653
0.865934
1.539438
1.828083
4.041026
6.061538
5.965324
2.501587
4.906960
3.271306
4.329670
1.058364
2.116728
3.367521
2.886447
-1.154579
-1.250794
-0.673504
-0.769719
-4.714530
-6.638828
-4.522100
-2.886447
0.481074
0.865934
-3.271306
-5.195604
-6.350183
-14.720879
-3.656166
-1.347009
-1.828083
-1.250794
-1.058364
-1.347009
-4.233455
-4.137241
-2.790232
-1.154579
0.096215
2.405372
0.673504
2.597802
1.250794
-1.347009
-6.446398
-7.504762
-4.810745
-3.078877
-3.752381
-4.906960
-4.137241
-3.367521
-3.078877
-5.003175
-5.580464
-4.425885
-4.810745
-9.044200
-9.236630
-14.336020
-1.924298
-0.769719
1.058364
-0.192430
-1.731868
-2.020513
-2.405372
0.865934
1.828083
-0.865934
0.096215
2.597802
4.041026
6.350183
2.886447
1.250794
3.271306
2.982662
3.367521
3.463736
1.828083
4.522100
3.271306
3.752381
6.350183
5.195604
7.408547
8.659341
9.525275
7.119902
7.600977
7.504762
5.869109
2.501587
1.058364
1.250794
1.058364
2.405372
6.542613
10.102564
8.466911
7.985836
6.542613
5.580464
5.003175
6.157753
3.367521
-0.384860
-1.250794
-1.443223
-2.309158
-3.271306
-4.425885
-2.597802
0.000000
-3.175092
-6.735043
-9.140415
-5.965324
-7.889621
-6.157753
-0.962149
1.154579
-1.250794
-2.405372
-3.752381
-4.714530
-4.906960
-9.236630
-1.539438
-2.309158
-2.597802
-0.769719
0.577289
2.309158
-0.481074
-0.962149
-1.731868
-1.443223
-1.443223
-1.828083
-3.944811
-2.116728
-0.865934
-1.539438
-0.288645
-1.154579
-1.154579
-1.058364
-5.484249
-6.638828
-7.408547
-6.157753
-5.388034
-5.869109
-3.752381
-2.982662
-1.443223
-1.058364
1.924298
0.384860
1.154579
3.175092
0.865934
-1.250794
-2.597802
-5.388034
-6.061538
-2.020513
-0.769719
-2.501587
-4.425885
-5.484249
-6.350183
-6.157753
-5.291819
-4.329670
-3.271306
-1.154579
0.577289
0.000000
-0.384860
-3.944811
-0.577289
-0.962149
-0.481074
0.384860
1.731868
3.463736
6.157753
3.848596
3.175092
4.906960
6.831258
6.735043
6.253968
4.618315
2.309158
0.769719
-3.175092
-4.233455
-2.694017
-4.425885
-4.906960
-1.539438
-1.154579
-0.288645
-0.096215
-1.539438
-2.790232
-4.329670
-4.714530
-2.982662
-1.635653
-0.096215
1.539438
3.559951
2.982662
5.003175
5.484249
4.425885
3.559951
1.635653
0.865934
0.481074
-1.154579
-1.924298
-1.635653
-2.597802
-2.982662
0.865934
2.020513
-0.288645
0.577289
1.539438
0.000000
0.769719
0.577289
-2.597802
-2.405372
-4.714530
-4.041026
-1.058364
0.192430
0.962149
1.539438
0.865934
-0.962149
-5.580464
-6.735043
-9.140415
-10.872283
-9.717705
-7.793407
-7.793407
-4.522100
-4.425885
-0.865934
0.481074
2.501587
8.370696
11.545788
10.294994
8.947985
6.927473
4.041026
1.828083
1.250794
-1.828083
-0.288645
0.865934
2.212943
6.061538
9.044200
12.604151
14.624664
14.913309
12.026862
8.563126
7.119902
7.504762
6.638828
7.216117
6.542613
7.600977
6.638828
9.044200
6.253968
7.504762
8.466911
7.697192
4.618315
0.769719
-2.116728
-1.443223
-2.212943
-1.058364
-0.096215
-0.288645
1.347009
1.539438
2.309158
2.020513
3.367521
2.309158
5.003175
5.195604
5.291819
3.752381
4.137241
0.481074
-0.865934
-1.154579
-0.288645
-0.288645
0.000000
2.020513
4.041026
3.559951
1.443223
0.384860
1.731868
-1.731868
-3.463736
-3.944811
-5.195604
-4.618315
-2.886447
-2.597802
1.154579
1.443223
0.384860
0.865934
-0.096215
0.577289
-1.924298
-4.714530
-3.271306
0.288645
1.924298
3.367521
5.195604
6.831258
5.580464
4.233455
2.020513
1.731868
0.096215
-0.192430
-1.347009
-1.731868
-3.559951
-5.676679
-4.906960
-3.367521
-2.020513
-3.463736
-1.731868
-2.020513
-1.154579
-2.501587
-3.848596
-2.886447
-4.618315
-5.772894
-4.618315
-3.175092
2.212943
3.271306
2.597802
3.559951
4.233455
4.906960
3.559951
1.731868
-0.481074
-0.384860
1.347009
2.116728
2.501587
4.329670
5.195604
5.099389
5.580464
7.408547
9.621490
9.621490
9.621490
12.026862
7.600977
5.580464
5.676679
7.600977
10.198779
9.236630
5.772894
5.195604
6.446398
2.790232
3.944811
3.367521
4.906960
5.099389
1.635653
0.577289
1.154579
2.116728
0.288645
-0.384860
-0.962149
-2.309158
-1.731868
-1.539438
-1.058364
-0.192430
1.154579
2.501587
0.962149
-1.828083
-0.384860
-2.597802
-2.982662
-4.041026
-4.425885
-4.329670
-5.291819
-7.504762
-15.394383
-5.195604
-4.137241
-7.697192
-10.006349
-8.274481
-6.253968
-6.735043
-3.175092
0.288645
0.962149
1.731868
3.848596
5.388034
8.274481
7.216117
2.982662
-0.962149
-3.367521
-2.694017
-2.886447
-3.559951
-4.810745
-7.312332
-7.216117
-6.157753
-7.793407
-5.965324
-4.714530
-3.271306
-0.481074
-7.985836
0.865934
2.405372
3.463736
1.539438
0.577289
0.288645
-0.962149
1.058364
1.924298
-0.192430
-5.195604
-6.638828
-5.676679
-7.697192
-5.580464
-3.944811
-3.848596
-5.291819
-6.157753
-6.157753
-4.522100
-1.347009
-0.192430
-0.673504
0.288645
-1.250794
-0.288645
0.865934
0.000000
-1.635653
1.154579
1.058364
4.522100
3.463736
0.192430
-1.154579
-3.848596
-3.656166
-4.329670
-7.985836
-8.947985
-8.659341
-4.425885
-1.635653
-1.924298
-4.137241
-4.714530
-4.233455
-4.906960
-6.542613
-5.965324
-8.082051
-4.233455
-3.175092
1.443223
1.058364
1.347009
-1.924298
-4.810745
-7.408547
-7.216117
-8.274481
-7.600977
-5.484249
-2.405372
-2.309158
-6.446398
-9.044200
-10.391209
-11.353358
-5.772894
-5.965324
-7.408547
-6.446398
-4.233455
-3.175092
-4.329670
-5.388034
-5.772894
-1.347009
1.058364
-0.481074
-0.577289
-1.443223
-0.673504
0.096215
1.924298
0.288645
0.096215
0.192430
-3.367521
-2.982662
-0.865934
-1.347009
-4.618315
-5.291819
-3.944811
-4.137241
-3.175092
-1.154579
1.347009
-0.096215
-0.673504
0.288645
0.096215
0.000000
-3.848596
-3.944811
-3.656166
-4.233455
-4.425885
-3.175092
-3.175092
-0.481074
3.367521
4.522100
6.157753
7.889621
4.714530
0.481074
-1.539438
-1.250794
-0.962149
0.096215
-1.443223
-0.192430
2.501587
6.061538
5.965324
6.157753
6.831258
10.102564
8.178266
5.676679
3.752381
5.388034
3.752381
3.752381
3.463736
4.714530
5.003175
2.020513
-1.154579
-0.673504
0.096215
1.539438
0.673504
-2.020513
-2.694017
-0.962149
0.577289
2.886447
2.405372
2.982662
5.388034
6.253968
3.848596
2.020513
0.481074
-3.271306
-3.559951
-1.347009
1.154579
0.769719
0.000000
1.828083
-0.192430
-0.769719
-1.828083
0.192430
0.192430
0.962149
0.288645
-0.481074
-1.443223
-4.041026
-3.271306
-4.714530
-4.714530
-5.388034
-9.140415
-7.504762
-6.927473
-6.735043
-7.600977
-5.003175
-1.731868
0.962149
-0.673504
-2.501587
-5.003175
-5.869109
-4.906960
-5.195604
-5.580464
-5.772894
-6.446398
-3.752381
-0.192430
0.865934
3.559951
1.924298
0.481074
-1.443223
0.000000
2.597802
2.212943
0.192430
-1.924298
-2.501587
0.673504
5.676679
6.446398
3.944811
2.405372
1.347009
5.388034
-0.577289
7.600977
7.216117
6.061538
8.659341
8.563126
7.216117
4.233455
3.463736
-0.288645
1.539438
1.058364
0.192430
1.443223
-1.635653
-0.192430
2.886447
3.175092
-0.769719
-3.078877
-0.096215
-1.154579
-3.559951
-2.116728
-1.443223
0.673504
1.443223
-0.384860
0.769719
0.481074
1.539438
5.195604
4.618315
2.694017
2.212943
3.175092
4.714530
3.848596
2.116728
0.192430
1.443223
0.962149
1.635653
0.962149
1.828083
-0.288645
-1.347009
-0.384860
0.481074
0.962149
-1.058364
-2.694017
-2.982662
1.828083
2.309158
3.656166
5.195604
4.906960
2.309158
-0.096215
-0.769719
-4.425885
-8.082051
-6.638828
-5.676679
-2.020513
0.096215
-0.096215
-0.962149
0.962149
1.154579
1.828083
2.212943
1.539438
-0.288645
1.828083
2.597802
1.154579
-1.731868
-2.405372
0.481074
0.577289
-2.790232
-2.116728
-1.924298
1.539438
5.388034
7.985836
6.061538
3.367521
1.443223
0.673504
3.463736
5.099389
2.501587
2.694017
5.772894
7.216117
4.810745
5.099389
8.659341
12.892796
14.817094
13.662515
8.851770
4.810745
1.443223
-2.309158
-3.848596
-4.618315
-4.906960
-5.676679
-3.656166
-0.769719
5.676679
6.927473
5.484249
4.233455
5.965324
5.772894
4.137241
5.291819
4.810745
1.058364
-1.347009
-2.694017
-2.790232
-3.367521
-4.810745
-5.869109
-4.618315
-4.137241
-5.676679
-5.099389
-1.058364
-1.828083
-3.078877
-3.656166
-2.309158
-2.694017
-3.463736
-3.848596
-2.597802
-2.982662
-3.848596
-4.425885
-0.288645
1.539438
3.078877
0.288645
-3.559951
-2.790232
-1.924298
-1.635653
0.865934
1.828083
4.041026
3.752381
2.886447
0.673504
0.288645
-0.769719
0.673504
2.405372
2.597802
2.020513
1.539438
2.020513
4.041026
3.559951
1.347009
0.673504
1.443223
1.731868
5.388034
6.638828
5.676679
3.078877
1.635653
-0.288645
-3.175092
-2.694017
-4.618315
-5.580464
-3.175092
-5.484249
-1.924298
2.116728
2.212943
2.501587
5.484249
7.408547
4.522100
4.233455
4.233455
1.443223
2.116728
1.347009
1.539438
2.212943
2.116728
1.347009
-0.288645
-2.694017
-2.116728
-0.769719
0.192430
2.886447
4.233455
3.752381
3.752381
5.195604
5.003175
4.810745
5.291819
3.944811
2.020513
-1.058364
-2.116728
0.288645
0.000000
-1.924298
-0.865934
1.443223
1.731868
6.735043
7.504762
7.889621
5.772894
6.542613
5.003175
