6.076923
5.787546
2.604396
0.385836
-0.482295
-1.929182
1.157509
3.183150
2.604396
3.954823
3.376068
1.157509
0.385836
1.350427
3.665446
3.472527
1.736264
3.761905
5.305250
8.199023
2.122100
2.122100
1.543346
1.639805
-0.771673
2.604396
4.340659
5.208791
2.604396
4.051282
2.122100
4.437118
1.929182
3.665446
0.385836
4.919414
4.437118
5.305250
2.411477
3.954823
0.000000
0.964591
-1.929182
0.868132
0.385836
2.507937
0.385836
1.736264
-0.385836
-1.832723
-3.279609
-3.761905
-5.401709
-2.700855
-2.122100
2.218559
-0.096459
2.411477
1.061050
1.253968
0.385836
-0.289377
-1.543346
1.157509
2.893773
2.025641
2.990232
8.488400
4.340659
-2.507937
-5.015873
0.675214
-0.868132
0.868132
1.157509
3.954823
-0.482295
-3.954823
-9.163614
-5.691087
-2.700855
-0.675214
1.446886
4.919414
3.954823
1.253968
-1.446886
-0.482295
-4.919414
-1.736264
-0.578755
0.000000
1.736264
2.411477
3.183150
1.736264
0.385836
-2.990232
-0.385836
-0.385836
1.929182
-0.675214
-0.675214
-1.157509
1.832723
-1.929182
-1.253968
-2.411477
-0.868132
1.639805
1.543346
-1.061050
2.990232
2.604396
1.253968
-4.437118
-5.691087
-5.208791
-2.700855
-5.305250
-5.208791
-2.604396
-0.675214
-0.096459
-3.183150
-6.655678
-8.488400
-10.031746
-5.787546
-6.173382
-2.218559
-0.192918
1.929182
-0.675214
0.578755
-1.639805
-1.350427
-4.437118
-0.868132
-1.253968
-0.578755
-5.401709
-1.639805
0.289377
-1.350427
-5.884005
-5.787546
-6.462759
-6.559219
-5.208791
-3.279609
-4.437118
-4.340659
-6.752137
-5.112332
-5.884005
-4.630037
-2.893773
-2.797314
-3.086691
-2.797314
-3.954823
-2.700855
-4.726496
-3.086691
-3.086691
-4.147741
-5.691087
-8.777778
-7.234432
-3.761905
-1.832723
1.543346
0.964591
2.990232
0.964591
-1.157509
-1.736264
-3.858364
-5.498168
-2.025641
-2.797314
-4.340659
-1.543346
0.868132
1.061050
-0.192918
0.868132
0.000000
-0.385836
-2.218559
-0.868132
5.015873
1.253968
1.832723
0.385836
0.868132
-3.665446
0.289377
-1.061050
-0.385836
-1.061050
-0.771673
-2.411477
-1.543346
-0.385836
-4.147741
-6.559219
-2.025641
-3.183150
-7.427350
-4.630037
-3.183150
-3.954823
-2.990232
-2.315018
-2.893773
-6.462759
-5.498168
-7.427350
-4.244200
-3.568987
-2.990232
-1.639805
-2.218559
-3.086691
-3.954823
-1.350427
-0.482295
0.868132
-0.482295
0.964591
-0.964591
-3.472527
-4.340659
-0.964591
0.385836
-2.893773
-2.025641
-1.253968
-1.253968
-4.437118
-4.051282
-5.112332
-2.893773
-3.665446
-2.893773
-3.472527
-1.543346
-1.832723
-1.929182
-3.954823
-2.218559
-1.543346
0.385836
1.253968
4.051282
5.498168
3.761905
2.507937
0.385836
-3.279609
-2.025641
0.289377
1.929182
2.990232
2.507937
2.218559
-0.192918
-0.675214
-2.507937
-2.507937
-2.604396
-2.797314
-2.700855
0.964591
4.437118
5.980464
3.376068
1.350427
-0.964591
-3.086691
-3.568987
-4.147741
-1.832723
1.543346
4.630037
2.122100
4.822955
2.411477
2.122100
0.289377
0.192918
-1.157509
1.157509
0.192918
1.446886
1.832723
1.446886
0.868132
-0.385836
-3.858364
0.000000
3.954823
3.183150
0.578755
3.568987
-0.482295
0.385836
-0.675214
0.385836
2.025641
2.604396
3.086691
5.112332
6.848596
7.523810
5.015873
1.929182
-2.604396
-2.507937
-3.086691
-2.315018
-0.675214
4.822955
4.051282
6.366300
2.797314
2.797314
-1.157509
-4.533578
-3.472527
0.385836
3.279609
3.568987
2.025641
5.112332
2.122100
1.929182
-3.183150
-4.726496
-4.533578
1.639805
0.385836
2.122100
3.761905
3.761905
2.025641
0.385836
-0.771673
-1.929182
-0.675214
2.797314
4.051282
6.269841
5.787546
6.173382
4.533578
-0.771673
-2.700855
-3.086691
-4.822955
-2.218559
-0.482295
3.568987
3.183150
5.691087
2.507937
1.446886
-1.446886
0.096459
-5.691087
-4.147741
-2.507937
1.157509
-0.868132
2.411477
2.218559
0.675214
0.385836
0.385836
1.736264
1.350427
-0.192918
1.157509
4.147741
6.462759
1.446886
0.385836
-2.218559
-5.208791
-4.822955
-1.350427
0.192918
2.797314
3.472527
3.665446
1.832723
-1.639805
-3.376068
-5.787546
-3.279609
-2.507937
-1.639805
1.253968
4.437118
5.015873
3.472527
2.700855
0.096459
1.446886
1.061050
-0.482295
-1.639805
3.568987
3.761905
3.376068
0.868132
-0.289377
-0.192918
0.385836
-3.086691
3.376068
4.533578
4.630037
2.990232
3.568987
3.568987
3.279609
0.675214
3.279609
0.578755
1.639805
3.761905
5.980464
4.919414
7.427350
8.102564
5.401709
4.822955
3.279609
-1.061050
-3.279609
-1.446886
-1.253968
0.192918
5.112332
7.716728
6.076923
-1.736264
2.315018
0.964591
2.122100
-0.675214
1.736264
1.543346
3.086691
4.726496
-1.446886
-6.559219
-5.112332
-0.482295
0.675214
3.665446
7.041514
7.330891
7.620269
3.665446
-0.192918
-5.594628
-4.051282
-3.954823
0.675214
3.954823
8.681319
8.777778
9.356532
11.189255
9.838828
3.086691
-3.954823
-2.700855
1.446886
3.086691
6.752137
9.935287
11.092796
8.681319
11.768010
10.128205
4.340659
0.675214
0.000000
3.568987
3.761905
2.990232
2.893773
3.568987
4.244200
0.289377
-1.832723
-2.700855
-0.868132
0.192918
3.665446
4.919414
5.884005
8.006105
7.523810
9.452991
7.427350
2.604396
2.025641
1.832723
5.691087
6.269841
5.594628
6.462759
7.523810
6.559219
5.498168
4.340659
-1.253968
-0.385836
2.990232
3.183150
4.533578
3.086691
3.568987
2.411477
0.964591
-0.675214
-0.482295
1.350427
0.578755
2.990232
4.244200
1.061050
0.385836
-0.771673
0.385836
0.289377
-3.665446
-2.990232
2.218559
2.507937
-0.868132
1.253968
-1.157509
-3.376068
-3.954823
-4.919414
-4.919414
-4.147741
-2.990232
-0.868132
3.858364
3.858364
1.350427
0.675214
0.096459
1.736264
-0.771673
0.385836
0.000000
1.350427
-3.279609
-3.568987
-5.305250
-5.787546
-4.726496
-5.787546
-5.884005
-4.533578
-0.675214
3.183150
3.086691
-1.736264
-5.980464
-9.742369
-11.382173
-10.224664
-7.523810
-1.253968
0.192918
2.025641
3.376068
4.919414
-1.832723
-3.472527
-7.330891
-5.401709
-3.183150
1.543346
0.868132
4.147741
5.015873
2.893773
-0.675214
-0.868132
-0.868132
-1.832723
-0.868132
1.929182
2.507937
2.893773
4.437118
4.919414
1.543346
-4.244200
-4.822955
0.385836
-0.482295
-1.157509
0.771673
-0.192918
-0.771673
2.797314
0.385836
-3.086691
-2.604396
-3.183150
-7.716728
-6.655678
-6.559219
-4.437118
-5.401709
-3.279609
-5.594628
-2.025641
-0.771673
-1.736264
-5.015873
-6.462759
-10.128205
-7.909646
-7.041514
-6.269841
-4.244200
-1.832723
-4.822955
-3.761905
-7.523810
-6.366300
-7.427350
-5.305250
-6.655678
-5.980464
-7.427350
-6.559219
-5.498168
-6.076923
-4.919414
-4.822955
-8.295482
-8.199023
-10.514042
-8.584860
-6.945055
-7.427350
-7.427350
-5.691087
-4.244200
-6.945055
-7.234432
-8.391941
-7.523810
-7.716728
-8.006105
-8.006105
-6.462759
-0.868132
0.675214
0.675214
-1.929182
-1.253968
-0.771673
0.000000
-1.543346
-2.315018
-3.761905
-0.771673
-2.893773
-3.472527
-1.736264
-2.893773
-0.771673
2.893773
2.893773
1.061050
3.279609
2.315018
2.315018
5.015873
5.208791
4.244200
5.305250
5.884005
4.244200
6.076923
3.376068
2.990232
4.822955
3.376068
4.822955
3.665446
3.954823
4.051282
4.244200
1.157509
2.122100
1.543346
0.675214
-0.096459
1.061050
-1.543346
0.675214
2.797314
0.289377
-3.472527
-0.289377
-2.797314
-0.771673
1.253968
1.736264
3.279609
6.559219
3.086691
2.797314
5.112332
4.822955
4.726496
4.340659
3.472527
3.761905
4.147741
6.945055
3.568987
5.305250
4.630037
-0.289377
1.832723
3.665446
0.385836
3.279609
3.472527
6.366300
1.639805
0.192918
1.350427
-2.218559
-0.289377
3.858364
-0.675214
-1.253968
-2.315018
1.350427
0.385836
-0.964591
-2.604396
-1.446886
1.639805
3.086691
3.472527
7.137973
2.797314
1.639805
0.096459
0.096459
2.507937
4.533578
2.507937
4.630037
6.655678
6.655678
0.675214
0.385836
2.893773
4.726496
6.945055
7.716728
5.787546
2.893773
1.736264
6.076923
2.797314
4.051282
3.858364
3.279609
0.385836
1.157509
2.218559
4.340659
7.716728
6.559219
4.051282
4.340659
4.726496
6.559219
5.401709
4.630037
5.691087
7.427350
6.076923
5.401709
4.244200
5.015873
4.147741
3.183150
2.797314
5.112332
4.726496
6.173382
4.051282
3.568987
2.797314
3.086691
2.122100
0.578755
0.385836
5.112332
4.533578
4.822955
4.630037
5.015873
5.401709
5.691087
0.964591
0.289377
1.253968
4.051282
3.472527
4.244200
4.533578
7.716728
0.385836
2.122100
0.096459
-7.620269
-7.330891
0.675214
0.289377
0.385836
2.893773
6.173382
2.507937
2.122100
-0.192918
-5.208791
-3.279609
7.330891
5.015873
2.122100
1.061050
0.964591
-2.893773
-6.173382
-8.295482
-7.716728
-5.884005
0.385836
2.315018
2.604396
0.868132
0.868132
-3.376068
-8.584860
-9.742369
-5.112332
-2.411477
-0.192918
2.218559
3.665446
5.980464
7.234432
-0.482295
-1.253968
-2.411477
-2.411477
-1.832723
-1.543346
-0.096459
2.025641
4.147741
8.102564
4.340659
4.051282
2.893773
5.112332
3.954823
2.315018
4.919414
3.761905
3.086691
3.665446
2.990232
5.787546
2.411477
3.183150
3.858364
4.437118
5.498168
5.884005
3.954823
6.655678
4.919414
3.568987
0.868132
1.543346
2.122100
2.218559
0.385836
3.858364
2.411477
-0.289377
-0.289377
1.157509
-0.289377
-0.675214
-0.192918
0.385836
1.157509
3.761905
1.832723
2.700855
3.568987
6.173382
4.822955
2.122100
-2.893773
-1.929182
-2.893773
-2.411477
-1.061050
2.990232
7.137973
7.330891
3.858364
0.675214
0.385836
-1.543346
-1.253968
-0.675214
0.000000
0.000000
-2.411477
-1.639805
-1.832723
-1.543346
-4.147741
-6.752137
-7.330891
-3.376068
0.385836
2.604396
4.244200
4.051282
3.665446
-1.253968
-0.578755
-2.604396
-5.498168
-6.076923
-4.919414
-6.655678
-5.305250
-2.700855
-1.157509
-0.096459
1.736264
2.700855
7.234432
3.858364
2.411477
2.604396
1.736264
0.771673
-1.446886
1.929182
2.797314
0.675214
2.507937
0.385836
-0.578755
1.061050
2.893773
1.350427
5.112332
5.112332
2.122100
3.086691
0.868132
-4.051282
-4.919414
-3.376068
2.122100
4.533578
7.330891
2.025641
3.279609
1.350427
-0.578755
-2.218559
-1.832723
-2.797314
-0.482295
0.289377
0.964591
0.289377
-0.289377
-0.964591
-2.604396
-4.822955
-3.472527
-4.726496
-2.604396
-5.208791
-1.061050
-0.964591
-1.929182
-0.868132
-1.446886
-5.884005
-2.122100
-0.964591
-1.543346
-1.929182
2.893773
2.315018
1.736264
-0.096459
1.157509
-0.482295
-0.868132
1.061050
1.061050
0.385836
0.192918
1.253968
2.411477
3.472527
2.604396
2.218559
1.253968
0.771673
1.061050
2.411477
-0.192918
0.192918
0.964591
-0.771673
-2.315018
0.675214
1.157509
-1.832723
-1.736264
-1.446886
-2.990232
-3.086691
-0.192918
-0.482295
-2.315018
-0.675214
-0.385836
-2.218559
-2.025641
-2.507937
-1.446886
-0.578755
-0.385836
3.086691
0.192918
-2.893773
-4.437118
-1.446886
-4.147741
-1.832723
-1.253968
0.385836
2.218559
2.700855
2.122100
2.700855
-2.700855
1.543346
1.253968
-0.771673
-1.061050
3.472527
3.761905
2.507937
4.919414
5.015873
1.832723
3.472527
1.736264
2.122100
0.868132
3.472527
3.086691
2.893773
-0.385836
2.507937
4.630037
5.498168
0.192918
4.533578
2.025641
-1.736264
-4.051282
3.183150
5.594628
5.112332
6.076923
6.752137
2.025641
-0.482295
-6.655678
-6.076923
-4.147741
-1.543346
1.253968
5.691087
2.797314
3.761905
1.253968
-0.868132
-2.700855
-3.954823
-3.279609
4.630037
2.025641
2.604396
4.437118
5.787546
4.147741
4.147741
1.639805
-0.096459
-2.315018
-0.096459
1.446886
4.919414
3.183150
4.051282
5.594628
3.086691
-1.736264
-6.269841
-7.330891
-2.025641
0.385836
0.385836
0.385836
0.385836
2.315018
-2.025641
-8.391941
-2.990232
-3.183150
-1.061050
0.385836
1.061050
-0.868132
-0.096459
-3.279609
-3.279609
-5.980464
-7.041514
1.157509
4.340659
2.218559
0.675214
-1.929182
1.157509
1.446886
-1.736264
-5.498168
-5.305250
-2.507937
-0.578755
0.385836
4.051282
3.954823
3.279609
2.025641
-2.990232
-3.472527
-3.665446
-3.858364
0.675214
0.385836
3.761905
4.533578
3.761905
2.315018
3.086691
1.543346
0.289377
2.990232
6.752137
6.655678
7.137973
6.848596
3.761905
4.533578
5.015873
5.401709
4.630037
2.797314
4.147741
2.700855
2.122100
-1.639805
-5.884005
-6.366300
-5.208791
-3.279609
-1.253968
2.315018
2.700855
2.507937
1.832723
-2.218559
-4.340659
-6.076923
-5.498168
-2.122100
-2.218559
2.604396
4.051282
5.208791
5.980464
4.340659
-0.192918
-0.868132
-3.761905
-0.771673
1.350427
1.929182
0.289377
3.568987
4.244200
4.340659
2.990232
-0.096459
-2.315018
-1.832723
-1.736264
0.385836
-0.964591
0.868132
1.350427
0.289377
-0.192918
-1.350427
0.385836
0.385836
-2.604396
-2.025641
-0.771673
1.929182
2.218559
-0.578755
-1.543346
-2.797314
-3.665446
-0.868132
-3.665446
-0.289377
3.376068
6.173382
7.909646
6.269841
1.061050
4.147741
3.472527
1.832723
1.253968
-1.157509
0.675214
1.929182
1.736264
0.771673
6.462759
5.401709
0.578755
5.691087
5.980464
0.385836
1.832723
3.472527
2.604396
3.376068
4.437118
6.076923
7.909646
6.752137
4.630037
5.015873
1.543346
-1.061050
1.639805
1.543346
0.578755
2.507937
5.980464
6.752137
5.498168
7.620269
6.366300
3.954823
4.630037
5.884005
9.742369
11.671551
5.787546
9.742369
8.777778
4.822955
0.385836
-1.253968
-3.665446
1.253968
-2.218559
1.446886
4.051282
7.427350
5.787546
7.234432
5.112332
0.385836
-2.797314
0.000000
1.543346
2.604396
5.208791
9.260073
8.199023
7.620269
0.385836
0.096459
-3.376068
-4.533578
-4.147741
1.736264
5.498168
8.874237
6.462759
7.234432
4.822955
3.086691
-7.041514
-5.980464
-4.437118
-0.192918
-0.868132
3.376068
8.199023
10.899878
3.858364
0.964591
-3.086691
-6.173382
-8.777778
-6.848596
-1.736264
3.376068
5.015873
10.128205
4.822955
4.244200
-0.771673
-3.858364
-6.462759
-6.752137
-4.630037
-1.253968
-0.096459
3.954823
2.411477
3.665446
2.893773
0.192918
-3.279609
-3.376068
-3.568987
-2.122100
-0.964591
-0.964591
-0.096459
1.061050
1.350427
-0.771673
-3.086691
-2.218559
-1.157509
0.000000
4.244200
6.173382
5.594628
5.208791
4.051282
2.122100
0.192918
0.000000
0.096459
6.076923
5.498168
7.427350
8.102564
6.269841
1.832723
-1.446886
-3.183150
-2.411477
-1.832723
0.192918
-0.385836
2.700855
0.675214
2.990232
0.000000
-2.122100
-4.533578
-2.315018
-2.700855
-2.411477
-6.945055
-7.330891
-6.848596
-6.848596
-6.848596
-5.305250
-4.244200
-3.954823
-7.427350
-5.980464
-5.884005
-3.954823
-6.076923
-6.945055
-6.462759
-3.086691
-1.832723
-0.385836
-2.025641
-2.218559
-4.147741
-2.507937
-3.376068
-6.462759
-7.427350
-8.488400
-7.330891
-7.523810
-5.112332
-2.507937
-5.594628
-7.427350
-10.321123
-9.549451
-10.899878
-8.874237
-6.366300
-4.919414
-1.832723
-2.122100
-4.051282
-7.620269
-9.163614
-10.706960
-11.092796
-10.996337
-10.610501
-6.848596
-2.315018
0.192918
0.771673
-1.157509
-3.568987
-4.822955
-3.086691
-3.086691
-4.437118
-4.630037
-4.340659
-0.868132
0.964591
-0.289377
-1.736264
-2.025641
0.385836
-0.289377
0.675214
1.639805
2.700855
3.183150
0.578755
-4.147741
-3.761905
-5.015873
-3.858364
-1.253968
-3.761905
-1.061050
0.385836
2.122100
-2.990232
-0.964591
-3.376068
-4.051282
-1.446886
0.096459
1.350427
0.771673
-0.964591
-0.578755
-2.218559
-5.401709
-5.980464
-4.340659
-5.208791
-1.543346
-0.096459
-2.122100
-3.665446
-3.279609
-2.893773
-9.163614
-7.330891
-3.376068
-2.025641
-0.096459
2.025641
2.797314
-0.096459
-2.604396
-2.411477
-5.498168
-5.594628
-3.279609
-0.192918
-2.604396
0.385836
1.061050
-2.700855
-5.305250
-8.874237
-5.498168
-6.559219
-7.813187
-8.391941
-5.112332
-2.218559
-4.726496
-5.401709
-1.639805
-1.157509
-3.183150
-1.543346
-1.157509
-4.340659
-6.462759
-4.340659
-2.893773
-3.472527
-0.578755
-2.990232
-1.350427
0.000000
2.315018
0.289377
-1.253968
-2.797314
-3.183150
0.289377
0.385836
-1.350427
0.385836
1.253968
0.385836
-4.437118
-3.858364
2.797314
9.163614
4.630037
5.787546
3.183150
4.630037
2.797314
-1.543346
-2.990232
-1.350427
-6.559219
-3.183150
1.350427
4.919414
4.340659
4.630037
1.832723
0.868132
1.832723
0.385836
-4.533578
-2.411477
2.122100
8.584860
7.523810
5.594628
7.427350
6.655678
0.771673
0.289377
-1.736264
-3.665446
-8.488400
-1.157509
2.990232
6.559219
3.858364
5.401709
4.533578
3.376068
-3.376068
-5.787546
-3.086691
-0.868132
1.543346
3.279609
4.340659
3.376068
0.771673
0.771673
-3.376068
-2.122100
-2.893773
3.761905
3.761905
2.122100
4.051282
3.761905
-0.096459
-2.893773
-5.112332
-3.376068
-4.726496
-2.218559
-3.665446
0.000000
2.025641
2.507937
0.000000
3.086691
-0.192918
-3.376068
-5.980464
-2.507937
-2.315018
-0.868132
-1.253968
1.929182
1.157509
0.578755
-1.929182
-1.446886
-2.315018
-3.761905
-3.472527
-2.218559
-1.253968
-1.350427
-1.253968
-0.289377
-2.700855
-1.543346
-3.183150
-3.954823
-0.868132
1.446886
1.253968
0.771673
-0.675214
-1.350427
-1.832723
-1.253968
-1.157509
0.385836
-1.446886
2.122100
-1.253968
-3.183150
-1.350427
3.183150
2.218559
2.411477
1.736264
2.604396
-0.385836
0.289377
0.868132
2.604396
-0.385836
1.157509
5.498168
8.391941
2.507937
3.568987
4.630037
4.919414
2.315018
4.340659
5.884005
6.366300
5.498168
4.726496
3.954823
0.289377
-1.350427
0.096459
2.893773
2.218559
2.990232
4.630037
5.401709
4.340659
0.385836
2.507937
1.446886
1.446886
-0.096459
3.954823
1.446886
0.578755
2.122100
7.523810
8.584860
3.954823
-0.675214
0.964591
0.385836
1.157509
3.086691
1.350427
2.700855
2.218559
1.736264
2.218559
-0.192918
0.096459
1.350427
-1.350427
-2.507937
-1.929182
-1.543346
-1.061050
-0.385836
-1.736264
-1.446886
0.096459
-2.122100
0.000000
0.868132
4.726496
4.437118
3.761905
0.385836
0.385836
-4.533578
-3.376068
-4.533578
-1.832723
0.192918
3.954823
5.208791
7.523810
3.183150
0.385836
-1.832723
-1.639805
2.122100
3.568987
5.594628
9.838828
11.092796
9.645910
8.874237
6.752137
0.289377
-3.279609
0.385836
4.533578
2.990232
7.813187
11.285714
12.539683
11.671551
7.234432
0.868132
-4.726496
-4.919414
-1.253968
0.192918
2.122100
5.305250
7.813187
4.726496
2.893773
-0.578755
-1.639805
-4.340659
-0.964591
1.253968
4.244200
3.183150
1.929182
1.639805
0.192918
-2.411477
-3.472527
-3.568987
-4.051282
-3.472527
-0.771673
1.639805
2.507937
2.218559
0.868132
2.507937
-0.482295
-2.315018
-3.086691
-2.025641
-1.061050
0.964591
4.919414
2.025641
0.000000
-0.385836
-1.639805
-6.173382
-4.919414
-8.584860
-5.594628
-4.147741
-3.376068
-3.954823
-0.868132
-0.868132
-6.462759
-9.260073
-6.848596
-6.366300
-7.813187
-2.411477
-1.736264
-1.929182
-3.665446
-3.858364
-2.025641
-5.015873
-8.681319
-7.716728
-4.630037
-1.832723
-0.289377
0.192918
2.604396
1.832723
-1.446886
-1.736264
-3.376068
-7.909646
-7.716728
-5.015873
0.289377
2.797314
0.964591
1.446886
-0.578755
-1.639805
-4.726496
-5.498168
-3.665446
0.192918
5.305250
5.498168
5.787546
5.208791
4.147741
1.350427
1.157509
4.437118
4.147741
4.244200
4.533578
1.832723
0.771673
1.157509
2.025641
2.025641
2.990232
3.858364
2.700855
4.726496
1.639805
0.385836
4.244200
2.315018
0.000000
1.350427
4.147741
2.893773
1.446886
0.771673
0.289377
-2.218559
-1.543346
2.411477
-0.192918
-2.315018
-2.025641
-3.086691
-6.076923
-8.102564
-9.742369
-5.498168
0.289377
0.385836
0.000000
4.919414
3.376068
1.639805
0.385836
-2.797314
-6.173382
-7.523810
-1.832723
3.183150
2.315018
-0.192918
1.639805
1.736264
-1.832723
-3.472527
-4.822955
-7.523810
-8.006105
-3.954823
-3.279609
-1.832723
0.096459
2.315018
-1.446886
-4.147741
-4.437118
-5.787546
-9.260073
-7.523810
-7.716728
1.061050
6.559219
7.427350
7.330891
4.630037
-2.990232
-3.761905
-3.086691
-5.208791
-5.498168
-2.315018
-0.482295
3.183150
2.507937
4.437118
2.507937
-0.096459
-2.700855
-1.639805
-1.061050
2.218559
4.340659
4.437118
-0.096459
0.289377
1.543346
3.183150
1.350427
3.086691
-1.061050
0.289377
3.472527
5.884005
5.401709
4.051282
6.173382
4.244200
0.964591
-0.868132
-0.964591
