-5.003175
0.192430
0.096215
0.384860
-0.577289
-0.577289
-2.501587
-4.137241
-7.408547
-3.078877
2.020513
6.542613
10.968498
8.851770
7.793407
4.906960
1.539438
-1.539438
0.096215
2.982662
10.102564
11.449573
9.332845
5.195604
0.192430
0.000000
-0.673504
-1.347009
1.924298
7.312332
9.717705
13.854945
11.930647
12.411722
9.621490
5.772894
-0.288645
-5.003175
-3.559951
-2.405372
-2.694017
-0.096215
6.157753
6.735043
3.656166
-0.192430
-5.965324
-6.542613
-7.504762
-7.023687
-4.522100
0.000000
0.865934
2.020513
0.769719
1.635653
-1.924298
-8.755556
-6.157753
-3.559951
1.443223
2.309158
3.175092
4.137241
6.446398
4.810745
-0.865934
0.769719
3.078877
2.790232
2.597802
1.828083
2.309158
5.291819
4.329670
4.041026
2.790232
0.577289
-3.271306
-1.539438
5.099389
11.738217
13.758730
11.257143
4.233455
1.731868
-1.731868
1.539438
3.944811
1.635653
6.061538
11.834432
13.277656
11.545788
-1.731868
-3.559951
-1.539438
6.061538
6.350183
9.910134
12.700366
13.470085
10.872283
4.906960
1.058364
-6.446398
-3.175092
2.309158
6.542613
5.388034
5.676679
5.388034
5.388034
4.522100
-1.443223
-6.638828
-6.446398
-0.192430
6.350183
7.697192
3.463736
-0.962149
0.000000
-0.673504
-2.694017
-7.697192
-7.889621
-6.927473
0.577289
7.697192
9.525275
5.195604
-0.769719
-5.484249
-4.522100
-10.294994
-14.336020
-13.085226
-3.752381
3.463736
5.195604
6.542613
5.580464
1.154579
-5.484249
-13.181441
-12.892796
-6.253968
-2.405372
-2.405372
-0.384860
3.752381
8.563126
1.154579
-3.656166
-4.906960
-4.041026
-7.504762
-8.082051
-4.137241
-4.233455
-2.020513
-7.216117
-9.236630
-6.542613
-9.044200
-12.507937
-13.566300
-9.332845
-6.157753
-1.154579
0.769719
1.154579
-1.347009
-0.962149
1.443223
-0.481074
-0.769719
-2.982662
0.481074
1.347009
3.078877
0.577289
-4.041026
-2.309158
-1.828083
0.769719
3.463736
6.253968
7.119902
5.003175
5.772894
6.350183
6.735043
4.329670
-1.635653
3.078877
7.119902
7.600977
4.041026
-2.309158
-1.539438
-1.154579
1.443223
-3.175092
-3.848596
5.965324
10.968498
12.507937
12.315507
9.332845
0.288645
-7.889621
-13.758730
-11.449573
-5.869109
-1.154579
5.003175
10.487424
9.813919
1.539438
-4.137241
-8.274481
-12.411722
-15.875458
-10.872283
-1.154579
3.944811
7.312332
11.257143
12.989011
9.621490
4.618315
-0.288645
0.865934
6.157753
6.157753
1.635653
-0.769719
-4.041026
-3.944811
-6.253968
-8.082051
-10.679853
-5.484249
-1.924298
-2.309158
1.154579
-0.481074
0.481074
-2.694017
-6.446398
-9.140415
-8.563126
-5.484249
-3.175092
-0.577289
0.769719
5.388034
3.463736
-2.597802
-6.446398
-9.044200
-2.501587
1.828083
1.828083
-0.962149
-2.790232
-1.443223
-2.212943
-5.099389
-9.717705
-5.388034
-3.271306
-2.694017
-1.058364
1.539438
4.714530
1.731868
-4.810745
-7.889621
-5.869109
-1.635653
0.673504
4.810745
4.041026
4.137241
0.673504
-1.924298
-2.982662
-3.078877
-2.309158
2.501587
2.501587
5.291819
7.216117
7.216117
1.154579
-4.137241
-5.580464
-5.580464
2.020513
4.425885
5.676679
4.714530
8.466911
12.604151
8.659341
0.288645
-6.157753
-3.848596
-0.962149
4.714530
8.851770
10.872283
9.910134
2.886447
-2.982662
-2.694017
-3.367521
-7.119902
-3.367521
1.154579
6.061538
4.714530
3.078877
0.384860
1.347009
0.192430
-4.906960
-8.851770
-9.140415
-6.253968
-3.078877
0.192430
-0.577289
0.096215
-3.752381
-1.154579
1.635653
2.212943
0.865934
2.020513
5.388034
2.501587
1.539438
-4.906960
-9.236630
-9.813919
-5.965324
-3.656166
-1.443223
1.443223
1.731868
0.962149
-1.539438
-5.965324
-7.408547
-6.061538
-0.288645
-4.137241
-1.347009
2.597802
3.944811
1.731868
-4.906960
-6.446398
-6.735043
-5.291819
-1.731868
2.694017
3.271306
1.731868
4.329670
4.522100
1.154579
-3.367521
-4.522100
-2.212943
2.886447
3.944811
4.906960
10.006349
6.446398
3.078877
1.539438
-1.058364
-0.577289
2.116728
8.563126
13.277656
9.044200
9.717705
11.449573
8.755556
3.271306
2.309158
5.195604
5.676679
5.003175
1.154579
2.212943
2.212943
1.539438
0.288645
-2.694017
-2.886447
-3.078877
1.250794
0.769719
0.000000
-3.848596
-3.175092
-4.522100
-4.618315
-4.618315
-2.020513
-2.405372
-5.291819
-6.638828
-7.600977
-7.023687
-11.834432
-10.679853
-10.198779
-2.597802
2.790232
4.137241
3.463736
-1.539438
-4.233455
-5.772894
-7.408547
-12.989011
-10.294994
-5.003175
1.250794
4.137241
2.501587
-4.714530
-7.697192
-9.717705
-12.026862
-11.353358
-8.947985
-3.078877
2.309158
3.463736
-1.828083
-5.772894
-10.776068
-14.817094
-14.720879
-11.160928
0.000000
4.714530
7.600977
4.906960
0.288645
-3.848596
-9.429060
-19.820269
-21.552137
-10.679853
-5.003175
-0.865934
3.463736
3.271306
4.233455
-0.577289
-5.965324
-10.102564
-6.446398
1.443223
4.714530
4.137241
5.195604
2.116728
-2.309158
-2.309158
-3.944811
-7.889621
-4.425885
0.000000
6.542613
7.697192
11.160928
6.542613
3.175092
-3.271306
-8.947985
-8.851770
-5.772894
2.886447
8.082051
7.504762
4.329670
-1.731868
-4.329670
-8.755556
-14.143590
-19.531624
-12.700366
-0.769719
3.559951
6.735043
2.597802
2.694017
1.443223
-4.425885
-11.257143
-16.067888
-10.487424
-4.041026
0.384860
2.212943
3.271306
2.116728
-0.288645
-8.274481
-13.758730
-11.545788
-6.446398
-6.927473
-4.906960
-2.020513
-0.481074
-4.425885
-9.717705
-16.356532
-22.802930
-18.280830
-12.604151
-5.484249
-4.522100
1.058364
1.347009
-2.982662
-9.236630
-14.239805
-10.391209
-9.910134
-6.157753
-2.116728
3.367521
0.384860
-5.580464
-10.102564
-13.277656
-10.968498
-10.198779
-8.082051
-6.253968
-3.848596
-4.618315
0.481074
-2.982662
-9.813919
-10.391209
-15.009524
-13.085226
-10.872283
-5.195604
-2.501587
1.154579
5.772894
7.889621
5.676679
-1.058364
-7.312332
-12.507937
-6.253968
0.096215
6.831258
7.023687
5.869109
3.463736
-1.443223
-2.501587
-3.656166
-0.481074
3.752381
7.312332
8.947985
5.099389
6.735043
3.944811
-0.865934
-2.212943
-6.061538
-3.463736
-0.673504
4.041026
9.910134
6.350183
5.195604
0.192430
-4.522100
-7.216117
-4.810745
-1.731868
1.058364
6.638828
12.507937
14.913309
9.525275
2.309158
-2.501587
-5.003175
-5.869109
-5.772894
-0.962149
3.271306
7.600977
4.810745
1.443223
-4.425885
-6.735043
-10.102564
-6.542613
-3.752381
2.886447
3.271306
0.962149
-1.058364
1.250794
-1.154579
-6.735043
-8.274481
-5.099389
-0.288645
2.405372
5.195604
1.154579
2.020513
-0.769719
-0.769719
-3.752381
-7.023687
-6.157753
-1.250794
1.154579
-1.058364
0.096215
6.735043
10.583639
8.178266
4.041026
3.271306
3.078877
2.597802
2.212943
2.212943
3.367521
4.425885
4.233455
2.116728
-3.848596
-4.810745
0.192430
2.501587
1.828083
-1.924298
-0.192430
5.099389
7.023687
4.425885
-6.157753
-11.064713
-3.271306
6.927473
11.834432
14.913309
12.507937
10.968498
3.078877
3.848596
6.735043
13.854945
21.840781
24.149939
27.517460
30.403907
32.135775
29.345543
20.686203
5.869109
-11.738217
-11.064713
2.790232
17.318681
24.342369
22.899145
21.840781
23.091575
14.336020
8.178266
-6.350183
-13.085226
-13.854945
-1.731868
7.697192
13.566300
15.298168
13.373871
7.985836
2.020513
-3.752381
-5.869109
0.673504
5.965324
2.405372
0.865934
9.813919
14.047375
9.717705
-3.078877
-15.009524
-17.126252
-7.793407
-3.175092
-0.769719
5.388034
12.892796
15.298168
10.968498
3.271306
-7.985836
-9.717705
-9.717705
-5.388034
-3.271306
4.714530
7.697192
7.600977
1.443223
-5.580464
-12.315507
-10.583639
-3.559951
4.137241
6.638828
3.559951
1.250794
-0.481074
-4.041026
-11.545788
-22.995360
-23.957509
-8.851770
4.137241
11.642002
11.930647
9.621490
4.906960
-2.116728
-10.006349
-19.820269
-13.566300
-2.694017
7.697192
11.738217
8.947985
2.597802
-2.501587
-3.656166
-5.869109
-10.006349
-12.700366
-9.717705
-1.924298
5.291819
9.910134
7.889621
7.408547
1.347009
-1.250794
-4.137241
-2.982662
-5.388034
-3.944811
-3.463736
-2.405372
3.175092
3.752381
7.889621
10.006349
9.621490
9.429060
2.405372
-4.137241
-1.828083
2.116728
9.525275
11.930647
8.466911
3.559951
-2.405372
-5.291819
-5.484249
-8.178266
-6.253968
-6.542613
-2.309158
3.175092
1.731868
-0.962149
-2.982662
-3.848596
-2.694017
-4.522100
-6.927473
-8.178266
-6.253968
-4.137241
-2.982662
-2.501587
-1.443223
-0.288645
0.481074
-0.192430
0.384860
1.058364
-2.982662
-2.405372
-7.119902
-6.831258
-9.813919
-10.102564
-8.563126
-7.793407
-7.600977
-1.828083
-1.443223
1.154579
-1.154579
-0.481074
0.288645
1.635653
2.790232
6.350183
5.195604
4.233455
4.906960
5.869109
1.539438
0.096215
-0.962149
-4.522100
1.347009
4.425885
7.023687
4.906960
3.848596
0.192430
-1.539438
-3.944811
-7.312332
-5.772894
7.023687
19.531624
19.724054
17.511111
11.064713
4.906960
-6.638828
-10.102564
-9.910134
-5.003175
1.828083
10.487424
11.160928
13.085226
9.621490
4.906960
-1.347009
-6.446398
-5.291819
-4.425885
4.906960
13.085226
19.627839
20.205128
16.837607
8.755556
2.020513
-1.154579
-5.003175
-6.927473
-4.233455
10.006349
16.548962
16.260317
14.239805
12.026862
10.968498
2.405372
-5.099389
-8.178266
2.116728
7.504762
10.872283
11.834432
9.910134
5.869109
2.982662
-3.559951
-8.466911
-12.026862
-10.198779
-5.099389
-1.539438
-0.096215
1.828083
4.714530
1.635653
-3.367521
-6.157753
-6.831258
-5.484249
0.481074
1.635653
0.481074
2.501587
1.347009
-4.137241
-8.851770
-13.758730
-16.933822
-14.336020
-8.755556
-5.869109
-0.673504
2.790232
5.099389
-0.192430
-6.157753
-14.239805
-9.525275
-8.274481
-7.793407
-8.082051
-3.078877
-0.481074
-1.347009
-6.253968
-8.082051
-6.542613
-5.869109
-7.312332
-3.752381
-4.137241
-0.769719
1.924298
1.443223
1.154579
-1.731868
-1.731868
-7.408547
-6.061538
-1.924298
3.752381
3.848596
2.501587
1.250794
-2.886447
-7.119902
-6.831258
-6.638828
-7.697192
-7.504762
-6.831258
-0.962149
0.000000
0.096215
1.058364
2.212943
-0.865934
-1.347009
-2.694017
0.481074
5.965324
6.446398
5.772894
5.291819
6.831258
5.484249
2.982662
0.962149
0.481074
0.962149
0.769719
1.347009
4.137241
6.446398
3.559951
2.309158
1.154579
-3.175092
-6.735043
-3.559951
0.000000
7.793407
7.119902
6.542613
3.175092
1.924298
-0.096215
0.096215
-4.233455
-6.446398
-5.388034
-3.175092
2.790232
13.854945
17.895971
13.470085
2.309158
-3.944811
-7.408547
-6.927473
-8.659341
-9.717705
-3.752381
4.714530
7.985836
6.831258
0.096215
-7.793407
-9.525275
-7.504762
-8.563126
-9.621490
-8.947985
-2.886447
0.481074
5.195604
6.735043
2.694017
-3.078877
-8.082051
-11.642002
-10.487424
-13.373871
-11.257143
-4.906960
2.309158
5.580464
6.061538
5.869109
2.790232
1.443223
-4.522100
-6.735043
-7.889621
-5.099389
1.347009
9.044200
7.793407
5.195604
-2.212943
-5.965324
-6.831258
-4.522100
-7.889621
-7.600977
-1.539438
5.676679
12.507937
14.239805
8.082051
-0.962149
-6.061538
-10.679853
-8.370696
-6.735043
-1.635653
2.790232
8.370696
8.851770
7.216117
6.157753
4.425885
0.384860
-0.384860
5.099389
6.446398
6.542613
1.731868
-0.769719
-2.116728
-0.769719
0.000000
0.673504
2.982662
7.793407
7.408547
0.384860
-2.212943
-1.635653
1.347009
5.003175
0.000000
-3.078877
1.347009
9.140415
13.951160
10.487424
4.906960
-2.405372
-7.889621
-13.373871
-16.741392
-18.858120
-12.219292
-6.061538
-0.769719
0.288645
2.309158
-0.673504
-6.831258
-8.563126
-8.274481
-9.429060
-6.638828
-2.020513
2.116728
5.772894
2.886447
5.676679
5.965324
-1.250794
-7.408547
-9.525275
-9.236630
-2.982662
-0.962149
1.731868
3.367521
7.985836
3.848596
4.137241
1.828083
-2.790232
-4.810745
-7.504762
-9.044200
-9.140415
-4.714530
0.192430
-1.154579
1.250794
1.250794
3.367521
-0.481074
-0.865934
-1.347009
-2.886447
-4.810745
-5.869109
-2.405372
-0.577289
1.539438
1.539438
7.216117
9.332845
7.216117
2.405372
1.828083
0.000000
-2.020513
-3.078877
0.096215
2.694017
12.892796
18.569475
17.799756
12.796581
6.350183
0.288645
1.058364
-0.096215
5.195604
9.044200
16.933822
17.607326
16.548962
14.528449
17.703541
17.895971
12.411722
6.927473
-1.058364
-4.329670
-2.309158
5.580464
12.219292
16.260317
13.566300
12.604151
5.676679
-3.078877
-8.274481
-7.408547
-2.694017
4.810745
8.274481
10.872283
8.370696
9.717705
4.233455
-1.154579
-4.618315
-2.597802
-2.694017
2.020513
6.253968
9.525275
11.449573
13.566300
12.219292
6.542613
1.154579
-3.463736
-4.137241
-2.886447
0.288645
3.848596
9.140415
12.892796
10.198779
2.982662
1.250794
-2.790232
-1.635653
-0.481074
3.656166
4.425885
3.367521
5.291819
4.714530
1.924298
-2.886447
-7.793407
-2.790232
-0.096215
2.982662
3.944811
7.504762
6.350183
1.539438
-3.463736
-2.501587
-3.944811
-2.212943
-0.288645
2.694017
6.542613
8.082051
4.425885
-1.443223
-3.271306
-3.559951
-4.522100
-3.271306
-3.271306
-0.865934
1.443223
5.676679
8.178266
6.735043
2.212943
-3.367521
-4.425885
2.501587
6.831258
4.618315
5.195604
6.735043
5.291819
4.714530
1.154579
-4.522100
-6.927473
-3.848596
-4.041026
-3.656166
0.096215
6.831258
7.023687
4.233455
5.003175
3.271306
1.924298
-0.096215
-0.288645
1.731868
2.116728
-0.962149
-2.405372
-0.962149
0.962149
-2.790232
-4.137241
-4.425885
-2.694017
0.481074
1.539438
2.212943
1.539438
-2.212943
-3.944811
-8.274481
-5.772894
-5.772894
0.192430
5.099389
5.195604
0.096215
-1.347009
-2.212943
-2.597802
-4.233455
0.192430
0.769719
1.250794
1.154579
2.790232
1.828083
0.673504
-0.481074
-2.694017
-2.212943
0.192430
4.522100
4.137241
4.329670
0.769719
-1.539438
-2.020513
-3.367521
-6.446398
-8.274481
-6.735043
-1.347009
0.000000
1.058364
-1.250794
-4.233455
-6.831258
-6.157753
-7.793407
-5.580464
-4.233455
-4.137241
-3.752381
-2.501587
0.673504
-3.078877
-4.137241
-9.140415
-9.140415
-7.985836
-0.673504
1.058364
1.731868
1.058364
4.041026
2.694017
2.405372
0.000000
-0.769719
-2.790232
-2.790232
0.962149
4.522100
2.982662
5.388034
5.003175
4.329670
4.041026
2.790232
1.924298
4.425885
4.906960
7.889621
6.927473
10.776068
11.257143
10.872283
9.525275
5.580464
10.583639
12.411722
11.064713
7.600977
8.466911
7.600977
10.391209
8.851770
6.061538
0.096215
-1.828083
-1.058364
-0.384860
1.347009
2.309158
1.154579
1.250794
0.096215
4.714530
6.157753
8.947985
8.755556
6.735043
2.694017
2.982662
4.810745
6.157753
5.965324
7.697192
3.559951
4.522100
5.099389
2.982662
-0.192430
-2.405372
-2.886447
1.154579
1.635653
4.329670
4.714530
8.659341
7.985836
10.006349
6.638828
5.388034
6.157753
3.752381
-1.924298
0.288645
0.288645
2.116728
2.694017
4.137241
4.041026
0.962149
-1.924298
-2.982662
-7.504762
-6.831258
-4.041026
-2.501587
-1.058364
1.250794
1.924298
2.116728
1.058364
1.731868
1.539438
-0.673504
-2.982662
-2.309158
-1.539438
-0.865934
-2.212943
-1.731868
-1.347009
-0.481074
0.577289
4.041026
4.425885
3.559951
7.793407
10.487424
7.697192
2.694017
3.175092
0.673504
-0.962149
-5.388034
-3.175092
-1.443223
-2.501587
-2.020513
2.020513
5.195604
4.714530
7.023687
6.350183
3.367521
0.000000
-2.597802
-2.694017
-2.886447
-3.078877
-3.559951
-1.443223
0.865934
1.250794
-4.137241
-6.542613
-4.522100
-2.405372
-5.676679
-4.906960
-2.694017
-3.848596
-10.102564
-9.717705
-7.023687
-5.195604
-5.003175
-9.044200
-10.294994
-7.600977
-7.697192
-5.580464
-2.694017
0.673504
-3.656166
-9.044200
-12.507937
-10.391209
-9.332845
-9.813919
-10.391209
-12.219292
-12.604151
-13.758730
-14.624664
-14.624664
-13.854945
-9.332845
-6.350183
-5.388034
-7.600977
-11.257143
-15.009524
-14.336020
-19.146764
-17.511111
-14.528449
-8.851770
-5.965324
-3.271306
-6.735043
-8.178266
-12.700366
-14.528449
-15.298168
-10.198779
-3.752381
-3.078877
-3.559951
-3.848596
-2.886447
-5.099389
-3.078877
-6.157753
-10.198779
-11.738217
-7.119902
-2.694017
1.443223
2.886447
1.828083
-1.635653
-4.906960
-5.676679
-5.388034
-1.347009
3.656166
8.274481
10.487424
11.064713
6.831258
4.618315
3.078877
0.865934
-4.137241
-1.539438
5.580464
9.813919
11.834432
8.851770
7.985836
5.869109
2.116728
-0.865934
1.443223
6.735043
5.484249
7.504762
9.429060
11.160928
11.834432
7.408547
4.906960
3.752381
1.539438
1.635653
2.309158
3.656166
6.927473
10.102564
10.776068
8.274481
5.291819
0.577289
-1.731868
-3.367521
-2.405372
-4.425885
-5.580464
-1.058364
4.425885
7.600977
6.061538
5.195604
0.865934
-0.481074
-0.384860
0.288645
3.175092
6.638828
8.370696
10.679853
11.449573
11.930647
6.542613
1.443223
1.828083
5.965324
7.697192
7.697192
8.851770
11.834432
11.642002
11.545788
9.140415
6.061538
2.405372
-0.673504
-2.212943
0.288645
3.367521
6.638828
11.160928
10.391209
10.102564
5.772894
5.580464
5.580464
7.793407
8.947985
8.563126
9.621490
10.583639
13.373871
12.604151
12.700366
10.198779
8.466911
5.965324
4.137241
8.370696
11.545788
11.353358
11.353358
12.507937
11.545788
10.679853
8.274481
7.216117
7.216117
6.831258
8.755556
9.813919
9.813919
12.315507
12.700366
9.621490
7.600977
5.388034
2.309158
3.848596
3.271306
6.446398
10.294994
13.181441
10.487424
5.580464
2.309158
-1.347009
-2.694017
0.673504
4.906960
10.198779
7.216117
3.271306
1.058364
-0.769719
-3.752381
-3.463736
0.481074
2.597802
3.944811
4.329670
5.965324
7.600977
11.257143
11.160928
6.927473
-3.367521
-6.831258
-0.481074
4.522100
8.851770
8.947985
8.755556
4.618315
0.673504
-5.676679
-7.504762
-4.041026
0.192430
2.694017
5.580464
11.545788
11.545788
9.236630
0.962149
-6.446398
-12.989011
-12.219292
-6.061538
1.058364
2.982662
2.982662
0.865934
-0.384860
-0.673504
0.384860
-1.635653
-8.370696
-11.064713
-11.160928
-7.119902
-4.618315
-4.522100
-0.673504
0.769719
-1.058364
-5.003175
-5.772894
-3.752381
-4.137241
-5.099389
-4.329670
2.405372
3.752381
0.577289
-2.309158
-0.962149
-3.559951
-8.466911
-10.776068
-7.119902
1.154579
6.350183
7.119902
3.078877
-1.443223
-2.886447
-5.869109
-3.559951
-4.522100
-2.694017
-4.618315
-5.484249
-7.793407
-8.178266
-8.370696
-8.851770
-7.793407
-5.965324
-3.078877
-1.347009
-2.790232
-4.137241
-2.116728
-1.250794
-3.175092
-5.003175
-2.597802
0.673504
-2.116728
-4.329670
-2.309158
-0.865934
-5.772894
-10.776068
-10.968498
-7.023687
-7.312332
-10.872283
-8.659341
-5.580464
0.384860
-1.924298
-3.944811
-4.137241
-4.425885
-6.831258
-9.813919
-5.869109
-5.003175
-2.212943
-3.463736
-6.350183
-7.889621
-9.140415
-9.236630
-10.872283
-11.160928
-7.985836
-3.367521
-3.367521
-4.233455
-6.061538
-7.697192
-8.563126
-9.813919
-8.466911
-11.930647
-10.102564
-9.044200
-5.291819
-5.003175
-4.329670
-5.580464
-10.968498
-10.583639
-8.082051
-5.676679
-4.810745
-3.078877
-5.291819
-7.793407
-10.679853
-10.872283
-11.642002
-11.930647
-10.776068
-6.735043
-8.851770
-6.061538
-4.329670
-2.116728
-3.271306
-11.257143
-17.318681
-19.242979
-11.160928
-3.463736
2.212943
7.504762
6.927473
2.405372
-1.924298
-6.350183
-9.813919
-8.082051
-2.309158
1.539438
2.212943
3.175092
2.020513
-0.865934
-4.906960
-9.044200
-11.353358
-10.583639
-8.082051
-6.542613
-0.288645
3.175092
7.216117
4.522100
2.020513
1.443223
1.828083
2.886447
2.309158
1.154579
2.886447
0.096215
-5.003175
-8.178266
-7.600977
-3.367521
-4.522100
-1.154579
0.288645
3.656166
4.233455
1.058364
-0.384860
-1.924298
-1.443223
-3.944811
-0.962149
-3.078877
-3.175092
-2.501587
-4.425885
-2.501587
2.405372
6.542613
6.638828
6.927473
7.408547
-0.384860
-2.694017
-3.175092
-0.577289
-1.539438
-2.694017
0.096215
2.597802
4.810745
5.676679
5.484249
2.020513
0.192430
-4.329670
-7.023687
-7.119902
-5.291819
-2.886447
-2.886447
-0.288645
-3.271306
-4.233455
-7.023687
-6.157753
-5.099389
-2.982662
-1.058364
0.288645
-1.058364
0.962149
3.559951
4.618315
3.559951
1.731868
-1.828083
-3.848596
-3.271306
-4.906960
-2.597802
-1.443223
-6.927473
-7.600977
-1.924298
4.137241
5.676679
3.656166
5.388034
4.714530
4.810745
-0.962149
-3.367521
1.154579
2.309158
3.078877
0.384860
0.865934
5.580464
8.082051
2.020513
-0.481074
-2.501587
-1.828083
-0.481074
3.944811
10.583639
14.432234
9.332845
2.405372
-2.212943
-3.463736
-2.309158
-3.752381
-2.020513
1.828083
7.023687
8.563126
9.140415
