0.632479
0.361416
0.903541
0.542125
2.168498
2.078144
2.529915
0.000000
2.258852
3.975580
5.150183
3.794872
2.529915
4.879121
2.891331
0.903541
3.072039
1.355311
2.710623
1.445665
-1.355311
-1.897436
-0.722833
2.078144
4.065934
1.445665
1.987790
1.355311
6.234432
7.680098
2.439560
0.451770
2.439560
2.891331
0.903541
-1.355311
0.542125
0.361416
0.180708
3.343101
3.614164
5.873016
4.969475
1.084249
-0.993895
0.361416
1.626374
4.517705
4.608059
3.162393
1.987790
5.059829
5.059829
0.271062
-0.542125
-1.355311
-0.903541
1.174603
0.271062
-0.090354
-0.632479
-0.180708
-0.090354
-2.529915
1.445665
1.174603
-0.722833
-4.246642
-3.523810
1.987790
0.451770
-0.451770
-1.716728
0.271062
1.626374
1.807082
1.536020
-1.626374
0.632479
3.162393
3.343101
1.807082
-0.993895
-0.813187
0.451770
0.180708
2.800977
0.722833
4.156288
0.542125
-4.608059
-3.794872
3.072039
2.620269
-0.813187
-1.355311
-0.813187
0.632479
2.620269
1.084249
-0.632479
-0.542125
0.903541
-0.632479
0.361416
2.349206
-0.722833
-4.517705
-7.137973
-1.084249
2.078144
0.271062
-0.271062
0.000000
0.542125
-3.794872
-1.807082
3.794872
3.614164
0.000000
-0.813187
-0.542125
-2.078144
-4.969475
-4.246642
0.180708
4.065934
5.240537
1.716728
2.620269
3.252747
1.445665
-2.981685
-7.228327
-4.336996
1.536020
4.156288
-2.349206
-5.692308
-3.794872
-0.993895
-0.090354
-1.536020
-3.523810
-4.246642
0.632479
0.903541
-1.897436
-1.445665
-4.156288
-4.156288
-3.162393
-1.084249
-0.813187
-1.897436
-2.258852
-3.704518
-5.240537
-6.053724
-7.047619
-7.589744
-5.150183
0.271062
3.614164
0.000000
-8.041514
-7.589744
-7.589744
-7.680098
-6.686203
-8.402930
-7.951160
-2.891331
1.264957
1.084249
-3.975580
-3.614164
-3.975580
-4.246642
-3.343101
-3.162393
-1.084249
-1.084249
-3.885226
-2.349206
-1.626374
-2.078144
-1.807082
0.451770
0.000000
0.722833
1.626374
2.258852
2.529915
2.620269
1.626374
-0.271062
-1.987790
-3.162393
-6.234432
0.361416
5.150183
4.698413
2.168498
0.451770
-0.090354
0.090354
-0.542125
-0.813187
2.710623
4.156288
3.975580
1.536020
0.993895
-0.632479
-1.084249
-3.343101
-0.180708
1.174603
-1.084249
-1.174603
-2.891331
-2.349206
-1.807082
-3.343101
-3.614164
-4.156288
-2.800977
-0.813187
-4.608059
-5.963370
-3.885226
-1.897436
-0.993895
-1.264957
-1.536020
-1.987790
-0.813187
0.542125
0.271062
-3.072039
-2.891331
-2.710623
-2.981685
-4.698413
-0.993895
-2.800977
-3.794872
-2.349206
-3.433455
-3.523810
-5.330891
-7.047619
-5.692308
-3.072039
-0.180708
-5.330891
-7.318681
-3.162393
-4.246642
-4.336996
-0.903541
-0.903541
-3.523810
-0.722833
-3.072039
-3.162393
-2.439560
-1.445665
-0.903541
-3.794872
-2.258852
2.439560
1.536020
-1.264957
0.542125
3.794872
5.421245
6.595849
5.059829
4.246642
2.891331
6.505495
8.131868
6.686203
5.963370
4.246642
7.228327
6.866911
6.866911
4.336996
3.885226
1.807082
0.451770
0.361416
-0.090354
0.993895
2.620269
2.349206
1.536020
1.626374
0.993895
0.090354
-0.361416
-2.981685
-0.722833
-2.258852
-3.523810
-1.626374
3.433455
2.710623
-0.722833
-0.813187
0.903541
4.788767
2.891331
0.451770
-1.264957
-2.710623
-1.807082
-1.897436
-2.168498
-1.716728
1.264957
1.264957
-1.626374
1.264957
4.246642
5.511600
3.433455
2.439560
3.614164
4.608059
2.439560
2.620269
1.445665
3.162393
3.523810
2.349206
1.536020
1.987790
5.240537
5.601954
3.614164
1.264957
-1.536020
-1.174603
2.258852
1.807082
4.427350
1.264957
-4.517705
-5.240537
-2.891331
-2.349206
-3.614164
-3.433455
-0.180708
0.361416
-2.078144
-2.891331
-4.065934
-2.078144
-4.698413
-5.240537
-5.692308
-2.620269
0.090354
0.813187
0.271062
-1.445665
0.361416
-1.445665
-1.807082
2.349206
4.156288
1.084249
1.445665
4.608059
5.240537
3.252747
1.084249
1.716728
2.349206
2.439560
4.969475
3.162393
3.523810
-0.632479
2.168498
4.608059
5.059829
4.608059
4.698413
4.065934
4.427350
2.620269
4.608059
6.957265
7.047619
2.078144
0.903541
-0.903541
-2.439560
-3.072039
-5.511600
-5.511600
-2.349206
-2.800977
-5.059829
-7.409035
-4.788767
0.813187
-1.716728
-4.698413
-2.529915
-2.529915
-4.427350
-4.427350
-4.969475
-2.891331
-2.258852
-0.813187
-1.626374
-2.620269
-3.704518
-2.891331
-1.174603
-1.264957
0.813187
1.716728
-1.355311
-3.794872
-3.794872
-2.529915
-4.517705
-2.891331
-1.174603
-3.162393
-5.601954
-5.692308
-2.529915
-3.523810
-3.252747
-3.433455
-5.692308
-5.601954
-4.156288
-3.794872
-3.162393
-2.258852
-0.361416
1.264957
-0.451770
-2.439560
-3.252747
-3.523810
-5.601954
-4.969475
-0.813187
-2.439560
-2.891331
-2.078144
-0.271062
-0.632479
-2.800977
-1.807082
-1.626374
-2.981685
-6.686203
-5.601954
-2.710623
-2.078144
-1.174603
-1.445665
-0.180708
-1.355311
-0.632479
-0.361416
0.813187
1.084249
1.084249
3.072039
4.156288
2.078144
2.800977
3.885226
4.879121
0.271062
0.271062
2.710623
4.336996
3.794872
4.698413
6.686203
7.589744
4.788767
2.258852
2.529915
1.536020
-0.542125
-0.903541
0.542125
1.174603
1.084249
1.084249
3.072039
4.969475
3.343101
0.813187
0.180708
2.078144
5.330891
2.620269
2.168498
3.072039
1.807082
2.529915
3.072039
3.614164
1.807082
-1.174603
-1.716728
0.903541
3.704518
2.349206
2.800977
5.511600
6.776557
5.511600
3.343101
3.343101
4.698413
6.866911
7.228327
8.131868
10.029304
7.409035
5.873016
6.866911
4.788767
3.252747
3.433455
4.156288
3.523810
2.258852
0.090354
-0.451770
-1.716728
-1.807082
-1.174603
-2.529915
-3.794872
-4.969475
-0.813187
-0.542125
2.800977
3.433455
2.349206
2.529915
2.168498
1.626374
0.361416
2.800977
3.885226
0.993895
0.632479
2.078144
2.710623
4.517705
2.168498
0.000000
0.271062
0.271062
-2.529915
0.090354
2.891331
3.162393
6.595849
5.601954
3.975580
4.788767
5.421245
7.318681
10.481074
8.222222
4.156288
4.246642
2.168498
-1.084249
-1.084249
-0.361416
1.084249
4.788767
6.324786
8.041514
6.595849
6.324786
8.945055
7.951160
5.421245
3.614164
2.529915
4.246642
5.511600
5.873016
0.361416
1.536020
1.716728
3.072039
2.078144
1.084249
0.180708
-0.271062
-0.542125
1.987790
2.800977
-3.885226
-7.137973
-4.879121
-2.710623
0.903541
0.632479
0.993895
1.716728
-0.271062
0.903541
1.174603
1.536020
-0.813187
-4.065934
-5.692308
-4.336996
-1.897436
-4.427350
-6.053724
-9.487179
-8.131868
-6.324786
-5.240537
-3.885226
-1.626374
-1.807082
-3.523810
-2.800977
-3.523810
-3.072039
-3.072039
-4.427350
-0.361416
-2.439560
-5.782662
-3.704518
-2.168498
-1.084249
-2.529915
-5.150183
-5.782662
-6.776557
-4.879121
-7.409035
-10.481074
-9.396825
-7.409035
-6.776557
-3.252747
-6.505495
-5.330891
-1.445665
-0.361416
-3.885226
-6.234432
-4.698413
0.903541
3.162393
3.252747
0.451770
2.258852
1.084249
2.891331
4.156288
0.722833
0.000000
-0.180708
0.722833
-0.090354
1.084249
6.776557
11.655678
11.565324
6.053724
4.879121
0.993895
-0.090354
1.084249
-0.813187
-1.987790
-6.686203
-7.680098
-4.698413
-1.264957
-3.433455
-5.421245
-4.517705
-1.445665
2.078144
1.897436
-0.722833
-1.174603
-3.614164
-5.873016
-5.330891
-4.427350
-5.240537
-7.318681
-5.150183
-6.595849
-6.505495
-5.601954
-2.800977
-2.168498
-2.891331
-2.710623
0.813187
0.542125
0.180708
-0.451770
0.451770
-0.993895
-2.168498
-0.271062
2.258852
4.156288
3.252747
2.439560
1.264957
2.439560
5.692308
6.234432
3.614164
2.981685
-2.439560
-0.090354
6.053724
9.938950
8.945055
2.078144
-1.536020
0.542125
3.343101
4.608059
4.879121
1.174603
0.451770
-0.722833
1.536020
2.349206
4.156288
8.041514
8.673993
7.137973
5.873016
5.511600
3.162393
3.704518
3.523810
0.722833
-1.264957
0.361416
2.891331
5.421245
4.427350
3.433455
3.704518
5.150183
6.686203
10.752137
5.873016
4.336996
1.807082
1.084249
3.885226
2.710623
2.078144
0.722833
2.800977
1.987790
3.975580
2.800977
1.355311
-0.180708
-0.813187
-2.800977
-0.180708
1.084249
-0.271062
1.174603
1.626374
-0.271062
-1.536020
-2.800977
-3.433455
-4.517705
-1.716728
-1.174603
-1.897436
-1.716728
-0.542125
1.355311
0.993895
1.174603
3.975580
2.710623
7.860806
6.415140
5.330891
3.433455
3.794872
5.873016
5.692308
1.807082
1.264957
-2.529915
-2.620269
-4.517705
-5.692308
-4.336996
-6.957265
-6.686203
-5.511600
-6.053724
-8.131868
-8.041514
-6.415140
-5.873016
-3.704518
-1.807082
-3.975580
-5.601954
-0.542125
0.813187
5.150183
3.252747
-0.542125
-4.065934
-3.343101
-1.174603
0.361416
-0.632479
-4.246642
-7.951160
-9.938950
-6.866911
-6.144078
-3.975580
-7.589744
-5.511600
-4.246642
-4.698413
-4.246642
-2.439560
-8.764347
-8.854701
-7.318681
-2.800977
-0.993895
-3.885226
-3.704518
-4.879121
-4.969475
-2.349206
-0.451770
-0.813187
-1.445665
-1.897436
-4.336996
-4.065934
-1.716728
-2.529915
-5.150183
-5.330891
-4.427350
-4.969475
-4.156288
-2.891331
-0.903541
-2.258852
-0.542125
-2.800977
-3.162393
-6.053724
-7.860806
-7.047619
-6.234432
-2.800977
-5.330891
-3.975580
-2.800977
-0.722833
-3.523810
-8.764347
-10.481074
-10.932845
-11.384615
-9.938950
-6.415140
-3.704518
-2.258852
-0.632479
-2.981685
-1.536020
0.000000
-0.632479
-0.090354
1.807082
4.698413
6.595849
5.782662
5.150183
0.180708
-1.355311
-1.897436
-2.710623
-1.174603
0.090354
-0.813187
0.180708
2.168498
3.343101
4.517705
4.608059
6.866911
8.222222
8.583639
4.608059
5.150183
5.421245
3.343101
5.421245
6.053724
0.361416
-2.439560
-2.078144
-0.271062
-3.614164
-4.246642
-1.807082
-1.626374
-1.355311
-1.716728
-1.716728
-2.439560
-3.162393
-0.271062
-0.542125
-0.542125
0.632479
-0.722833
0.000000
2.168498
1.897436
3.433455
2.710623
3.704518
4.517705
4.246642
0.632479
0.271062
3.885226
4.969475
3.614164
5.059829
4.427350
5.330891
5.873016
4.246642
2.258852
4.246642
6.686203
8.041514
5.873016
4.698413
2.078144
2.168498
0.903541
2.078144
2.710623
3.252747
1.716728
4.065934
4.608059
6.053724
1.355311
0.632479
1.716728
0.993895
2.891331
2.439560
2.620269
-0.813187
-2.620269
-1.084249
-0.632479
1.174603
0.542125
1.897436
2.349206
5.240537
8.312576
6.505495
4.065934
3.704518
3.794872
3.975580
1.987790
1.807082
2.529915
3.072039
3.252747
1.084249
3.975580
5.782662
4.246642
5.330891
5.873016
4.246642
4.698413
4.879121
4.427350
5.421245
6.957265
4.788767
3.885226
1.445665
-0.090354
-1.084249
-0.542125
-3.072039
-3.252747
-3.252747
-0.993895
3.252747
2.981685
2.710623
3.794872
3.343101
1.987790
0.180708
-0.722833
0.903541
3.252747
2.258852
1.716728
-1.626374
-3.885226
-5.421245
-2.620269
-1.897436
-0.451770
3.523810
4.427350
1.716728
-1.716728
-0.722833
-2.710623
-1.987790
-1.716728
-3.704518
-2.258852
-1.355311
-1.084249
-0.542125
-2.258852
-2.891331
-1.355311
1.174603
0.000000
1.536020
0.903541
4.608059
5.511600
8.312576
9.938950
8.583639
6.234432
4.698413
3.162393
0.451770
1.084249
-0.993895
-1.807082
-0.542125
-2.891331
-2.168498
-2.349206
-4.065934
-2.078144
-4.608059
-5.782662
-6.234432
-4.427350
-3.343101
-1.536020
0.361416
1.987790
-0.903541
-4.336996
-5.963370
-2.529915
-1.355311
-1.174603
-3.704518
-6.776557
-3.162393
1.626374
1.807082
2.800977
0.813187
-0.271062
-1.807082
-2.710623
-6.144078
-5.782662
-10.029304
-8.854701
-6.505495
-2.258852
4.246642
0.993895
-3.343101
-8.854701
-6.686203
-3.343101
-4.969475
-5.059829
-7.589744
-8.945055
-10.932845
-4.698413
-1.716728
-3.252747
-8.673993
-9.487179
-8.041514
-8.402930
-5.873016
-6.053724
-10.752137
-8.312576
-6.144078
-2.800977
-3.794872
-6.053724
-7.228327
-6.866911
-2.981685
-6.324786
-6.595849
-2.800977
2.168498
-3.162393
-4.065934
0.090354
2.168498
-3.975580
-6.505495
-2.258852
0.271062
-2.529915
-6.686203
-3.343101
4.427350
5.873016
-1.174603
-7.951160
-2.078144
5.059829
2.981685
2.981685
3.704518
3.975580
1.445665
-0.090354
-0.451770
0.361416
4.608059
4.698413
2.078144
2.349206
4.788767
5.782662
4.427350
1.987790
1.716728
3.614164
4.427350
7.499389
4.156288
2.891331
0.903541
3.343101
1.626374
0.632479
1.536020
5.330891
3.433455
3.072039
5.330891
4.788767
4.517705
3.523810
3.794872
5.782662
4.788767
2.981685
6.324786
7.409035
7.047619
1.897436
-1.084249
1.807082
2.258852
3.433455
0.903541
2.620269
3.614164
2.710623
-0.993895
-2.439560
-1.445665
1.174603
0.722833
1.626374
0.180708
2.710623
3.975580
3.975580
2.168498
1.264957
2.078144
0.632479
-1.264957
-0.632479
0.632479
1.536020
-2.620269
1.264957
6.505495
4.065934
0.542125
-4.246642
-4.788767
-0.542125
1.355311
2.620269
4.517705
5.873016
6.053724
5.782662
7.499389
3.343101
3.343101
5.150183
7.228327
8.945055
6.595849
4.608059
3.433455
5.330891
3.794872
3.072039
3.343101
1.445665
4.156288
5.601954
4.065934
-0.451770
3.343101
4.517705
6.505495
4.246642
2.439560
0.993895
2.168498
6.776557
6.053724
6.144078
4.698413
7.137973
7.228327
5.240537
8.583639
4.336996
-0.361416
-5.511600
-5.059829
13.462759
4.788767
1.536020
-5.511600
-5.782662
5.963370
-3.343101
5.782662
-4.879121
-11.203907
7.860806
3.343101
4.879121
-4.427350
-8.222222
-5.511600
-0.722833
4.879121
4.517705
2.078144
-5.601954
-1.716728
-6.595849
3.794872
2.168498
-8.945055
8.673993
-2.529915
-8.854701
-0.903541
-11.113553
-12.920635
2.981685
-10.842491
7.318681
9.667888
-17.619048
-14.637363
-17.890110
7.137973
-1.264957
-3.523810
-0.271062
2.620269
8.402930
-24.847375
-0.903541
-7.589744
-9.216117
-8.673993
-4.156288
-1.174603
-10.119658
4.427350
-8.041514
-9.938950
2.800977
-5.421245
9.848596
-22.136752
1.716728
11.203907
8.312576
10.481074
-10.481074
-7.499389
-13.914530
-10.932845
18.974359
7.228327
-0.180708
4.246642
4.879121
5.782662
4.879121
3.252747
2.349206
-4.608059
17.347985
0.722833
5.150183
2.529915
0.451770
4.788767
-5.782662
-5.059829
6.415140
4.336996
3.433455
5.601954
-9.306471
-7.137973
-26.021978
-8.041514
-9.035409
18.161172
-15.089133
1.807082
-21.594628
-9.577534
-14.818071
-10.029304
-18.161172
1.084249
-4.879121
17.347985
-19.877900
-1.807082
-21.956044
1.987790
-4.156288
-3.433455
-16.625153
-8.764347
-3.704518
-10.752137
-14.095238
-6.776557
4.246642
-18.612943
-0.180708
3.252747
-23.311355
-5.511600
-3.343101
-1.355311
-2.800977
-22.046398
-19.877900
-9.758242
-9.577534
-4.879121
-0.271062
9.396825
1.084249
-4.788767
11.113553
-8.673993
-3.072039
-12.920635
-6.595849
-4.517705
-16.263736
8.854701
7.409035
7.860806
-6.776557
0.632479
-9.396825
-5.059829
-3.252747
-21.956044
-9.216117
2.258852
-2.800977
3.975580
14.004884
-0.451770
-2.168498
4.608059
-4.065934
-12.017094
2.981685
8.312576
11.294261
38.129426
5.240537
9.758242
2.168498
-7.499389
-1.445665
-13.010989
19.335775
34.876679
16.534799
6.053724
5.782662
-0.361416
3.794872
12.197802
4.698413
-3.252747
5.150183
25.028083
20.148962
22.317460
25.841270
12.378510
6.957265
0.993895
-11.565324
-20.600733
-1.626374
3.523810
32.437118
31.533578
20.329670
13.914530
7.047619
2.349206
-7.499389
-5.421245
-10.752137
-2.349206
12.468864
14.727717
16.534799
11.926740
9.306471
-1.716728
-12.649573
0.722833
-0.813187
7.228327
16.263736
14.185592
21.504274
14.637363
8.312576
-0.903541
-2.620269
-3.614164
0.632479
-4.336996
5.873016
18.884005
20.510379
19.606838
6.505495
2.710623
9.035409
2.981685
2.258852
-4.427350
9.577534
11.926740
10.932845
13.372405
2.710623
17.347985
-5.873016
10.752137
-12.288156
10.932845
5.421245
11.113553
-3.072039
9.216117
14.727717
7.047619
12.920635
-10.210012
4.246642
7.680098
-1.445665
-1.716728
14.004884
13.643468
13.733822
2.620269
7.318681
5.782662
-3.433455
0.090354
2.078144
2.800977
4.969475
2.710623
4.065934
11.474969
3.885226
-2.620269
3.072039
3.252747
2.078144
-0.632479
-0.180708
3.975580
3.704518
4.698413
-0.542125
-7.680098
-5.150183
-3.072039
-4.246642
-3.885226
-1.084249
-0.903541
1.897436
1.264957
0.542125
-4.065934
-4.698413
-2.800977
-0.722833
0.361416
2.891331
2.981685
0.361416
-3.252747
-2.078144
-5.692308
-11.384615
-5.150183
-5.330891
-5.150183
2.800977
-10.119658
-0.993895
-7.228327
2.981685
-0.993895
-4.336996
-4.336996
-8.131868
-1.445665
5.963370
14.275946
-14.727717
-1.626374
0.632479
-7.228327
-0.722833
-8.222222
-3.704518
6.866911
3.252747
3.343101
-1.264957
-0.451770
0.813187
1.536020
-0.722833
-5.601954
-4.969475
-2.258852
-4.427350
-2.349206
-0.451770
-4.427350
0.000000
-1.716728
-5.601954
-4.427350
-4.608059
-6.144078
-9.667888
-6.776557
-8.493284
-10.210012
8.041514
-26.383394
4.788767
-12.649573
-15.721612
-10.661783
-9.035409
-12.197802
6.866911
6.234432
0.090354
-12.468864
-8.854701
-12.830281
-1.897436
-4.336996
-5.059829
0.361416
-11.836386
-8.945055
5.601954
-9.396825
-1.355311
-7.047619
0.632479
-0.361416
-1.264957
-13.553114
2.620269
-1.807082
-0.180708
4.427350
-2.258852
-11.294261
-1.445665
-1.445665
3.433455
11.565324
-2.620269
-11.384615
4.517705
-2.620269
4.969475
-5.511600
-2.620269
-1.897436
2.800977
-0.993895
-12.378510
0.632479
-4.517705
-8.583639
-6.776557
-11.113553
6.234432
0.813187
1.355311
-2.168498
-7.499389
3.343101
1.536020
1.445665
-1.174603
-5.421245
-2.529915
0.000000
8.493284
4.427350
8.131868
-5.150183
1.987790
-2.710623
-4.246642
-10.481074
-6.686203
-5.511600
-1.536020
-2.439560
17.619048
4.879121
0.000000
-3.975580
-4.517705
-8.041514
8.764347
3.704518
9.125763
11.565324
17.709402
4.698413
0.993895
1.355311
-4.969475
-5.150183
-3.343101
3.975580
8.673993
7.228327
14.908425
1.716728
-2.710623
-6.324786
-1.897436
-14.637363
1.445665
7.860806
1.536020
4.608059
-1.626374
-2.258852
-2.800977
-2.439560
-2.078144
0.180708
1.084249
5.511600
0.090354
9.938950
-0.542125
-2.981685
0.632479
2.258852
1.807082
2.981685
7.228327
-1.807082
4.788767
-5.963370
7.770452
4.246642
3.343101
-1.355311
-4.427350
5.601954
2.258852
3.794872
0.813187
-0.903541
0.361416
2.168498
3.704518
8.945055
7.589744
1.355311
1.897436
-3.072039
4.788767
4.969475
-6.686203
11.474969
5.150183
9.938950
2.891331
2.168498
0.542125
3.162393
3.523810
5.240537
4.065934
1.987790
1.716728
-7.137973
-5.150183
0.722833
-6.234432
5.511600
3.252747
5.150183
-0.271062
-1.987790
1.264957
0.542125
-0.451770
-1.264957
-3.072039
-6.595849
3.885226
-0.271062
-2.710623
-4.336996
0.361416
-0.180708
0.722833
-7.318681
-0.903541
-2.891331
-2.439560
-0.993895
3.433455
-6.053724
-4.517705
-4.427350
-3.433455
-9.848596
-2.349206
-5.330891
-4.065934
-4.698413
-8.041514
-12.468864
1.264957
-6.053724
-3.975580
-4.065934
-3.072039
-3.523810
-6.324786
1.897436
-2.168498
5.511600
-4.608059
-0.090354
-1.264957
-2.439560
-2.891331
-3.523810
-3.523810
-4.156288
-7.951160
-2.800977
-3.704518
-2.710623
-7.589744
-7.409035
-8.402930
-4.427350
-6.144078
-0.180708
-5.421245
0.090354
-5.059829
-4.246642
-3.614164
-1.264957
2.168498
-2.168498
-4.156288
1.084249
3.614164
-0.271062
0.903541
1.174603
-0.451770
-2.529915
0.180708
3.614164
1.807082
1.355311
-0.180708
1.174603
0.813187
-0.722833
-2.529915
-0.451770
-3.343101
6.053724
-5.330891
-4.427350
4.969475
3.343101
5.059829
-0.542125
1.987790
-1.445665
-3.885226
-5.330891
-0.993895
-6.415140
7.951160
1.807082
-0.090354
2.258852
-2.620269
-7.137973
-12.468864
-3.704518
2.710623
1.084249
-4.879121
1.626374
0.903541
-1.987790
-3.885226
-5.421245
-5.601954
-2.529915
-2.800977
-4.427350
0.000000
0.993895
0.451770
-0.632479
1.897436
2.258852
2.620269
3.885226
-3.343101
1.084249
-1.445665
2.620269
5.330891
1.264957
4.427350
1.536020
3.885226
2.800977
-0.451770
-2.078144
6.776557
5.059829
7.047619
4.156288
2.258852
2.349206
5.692308
5.963370
-0.542125
0.090354
5.692308
2.710623
4.246642
7.137973
5.150183
6.053724
5.511600
2.078144
5.150183
4.969475
4.879121
6.776557
5.511600
5.873016
6.866911
6.776557
5.421245
7.499389
3.162393
3.252747
2.710623
4.336996
4.065934
-2.620269
5.240537
2.800977
8.673993
-0.542125
5.873016
3.252747
2.078144
-1.626374
-2.710623
1.264957
4.788767
1.355311
