-0.606838
2.253968
3.294261
5.548230
5.808303
5.374847
1.560440
0.000000
-0.953602
-1.993895
-6.588523
-7.195360
-3.467643
2.253968
5.894994
9.015873
11.009768
9.536020
6.415140
4.074481
0.000000
-0.693529
-5.374847
-1.647131
-3.641026
-5.894994
-5.634921
-5.114774
1.213675
3.120879
2.167277
1.040293
2.253968
7.108669
1.473748
-0.433455
-2.340659
-5.201465
-11.096459
-8.582418
-7.282051
-7.368742
-3.034188
-7.282051
1.300366
0.433455
-1.300366
-3.727717
-7.455433
-7.542125
-10.663004
-8.148962
-9.796093
-7.282051
-5.461538
-2.514042
1.647131
1.560440
4.074481
6.501832
2.774115
5.201465
2.080586
-0.173382
-4.247863
-5.028083
-4.074481
-5.461538
-2.687424
-4.507937
-0.260073
-0.173382
0.346764
-0.693529
1.907204
4.768010
0.693529
1.126984
2.687424
2.860806
3.901099
2.687424
3.641026
0.433455
4.681319
8.842491
9.536020
5.374847
9.015873
4.507937
8.929182
7.975580
4.074481
13.783883
8.495726
8.842491
8.842491
4.161172
6.761905
12.656899
13.610501
7.975580
10.489621
10.229548
8.322344
6.935287
2.253968
-0.693529
-3.987790
-4.594628
-1.473748
2.340659
2.947497
4.594628
4.594628
1.387057
0.780220
-3.554335
-7.368742
-6.935287
-9.102564
-9.015873
-6.328449
-3.120879
0.000000
2.774115
4.074481
-0.346764
-3.467643
-1.820513
-4.161172
-5.114774
-3.901099
-3.207570
-3.120879
0.346764
-1.213675
-6.675214
-0.173382
2.514042
0.260073
1.213675
-4.421245
-0.260073
1.387057
-2.080586
-5.028083
-1.213675
-0.520147
2.080586
4.941392
2.253968
4.854701
4.594628
3.294261
-1.733822
-0.520147
-0.086691
-5.634921
-7.542125
-5.894994
-4.507937
-0.433455
-2.774115
0.346764
3.207570
4.074481
1.647131
3.120879
-1.300366
-1.213675
-3.207570
-3.467643
-6.241758
0.346764
-1.040293
0.866911
5.461538
6.501832
12.050061
9.015873
3.294261
2.080586
1.387057
0.953602
-3.120879
-1.733822
0.780220
2.167277
4.247863
8.148962
7.455433
5.288156
7.021978
-0.866911
0.780220
-7.108669
-2.080586
-2.600733
-0.086691
1.647131
10.056166
7.021978
10.576313
7.542125
6.501832
-4.507937
-1.907204
-6.848596
-6.501832
-4.941392
-3.814408
0.520147
2.860806
2.600733
1.907204
-3.641026
-8.495726
-2.253968
-8.148962
-6.761905
-8.148962
-5.028083
-2.860806
-7.108669
-4.421245
-2.687424
-6.501832
-4.334554
-7.368742
-4.854701
-8.409035
-5.461538
-7.455433
-6.155067
-3.207570
-5.548230
-1.473748
-0.606838
-1.647131
-1.560440
-3.901099
-6.588523
-6.501832
-3.727717
-5.461538
-0.433455
1.213675
0.606838
2.253968
1.473748
-0.433455
-1.213675
-6.588523
-3.034188
-2.687424
-1.733822
1.820513
2.600733
2.253968
3.727717
1.907204
4.594628
2.860806
6.068376
0.866911
2.687424
-0.953602
1.647131
3.034188
4.247863
3.554335
4.334554
7.542125
1.647131
0.693529
0.866911
2.167277
3.727717
2.514042
0.346764
3.294261
-1.560440
-1.300366
-2.687424
-8.148962
-10.229548
-7.282051
-5.028083
-2.514042
-1.560440
3.034188
1.560440
1.387057
-1.733822
-6.848596
-7.108669
-7.542125
-7.628816
-7.802198
-7.282051
-4.768010
-2.253968
-2.080586
0.780220
1.300366
-4.247863
-6.848596
-9.102564
-11.009768
-9.709402
-10.316239
-8.062271
-4.854701
-0.260073
1.126984
-3.641026
-3.294261
-5.894994
-7.715507
-7.802198
-7.802198
-7.802198
-5.288156
-0.953602
-0.780220
0.260073
0.780220
-1.126984
-3.987790
-0.433455
-9.275946
-6.328449
-3.467643
-4.074481
0.000000
-0.346764
3.294261
5.808303
8.495726
9.275946
1.387057
-2.514042
-7.021978
-7.975580
-7.542125
-3.380952
-7.628816
-9.449328
-3.727717
-4.768010
-9.102564
-9.275946
-5.114774
-8.495726
-14.650794
-8.148962
-8.409035
-6.501832
-6.761905
-8.495726
-7.628816
-1.040293
-3.380952
-4.594628
-3.294261
0.780220
0.433455
-0.173382
-4.768010
-3.727717
-5.894994
-4.941392
-3.120879
-4.161172
-4.681319
-0.953602
7.368742
11.703297
13.437118
8.755800
6.848596
1.213675
-2.600733
-5.461538
-8.582418
-5.721612
1.993895
9.362637
16.211233
19.852259
17.424908
12.136752
7.368742
1.820513
-3.120879
-8.755800
-7.108669
-3.641026
-1.733822
3.207570
5.548230
7.888889
10.576313
4.247863
2.427350
6.328449
-5.808303
-0.606838
-0.693529
-3.207570
0.866911
2.167277
2.427350
-1.213675
3.120879
3.380952
3.554335
10.749695
2.340659
4.247863
6.675214
-0.260073
0.173382
-5.461538
-3.554335
-0.780220
-0.346764
0.433455
1.213675
4.074481
9.102564
9.015873
6.848596
2.514042
0.780220
-4.074481
-6.328449
-5.981685
-4.941392
-3.987790
-2.600733
2.253968
3.554335
6.241758
6.241758
2.253968
-1.560440
-6.241758
-8.842491
-11.183150
-6.501832
0.173382
3.120879
5.894994
7.455433
3.467643
2.600733
0.000000
-1.473748
-7.628816
-8.322344
-7.282051
-6.848596
-1.820513
-0.173382
5.721612
9.709402
7.628816
7.282051
3.814408
-3.987790
-1.126984
-4.768010
-1.647131
-2.167277
2.687424
2.600733
8.582418
12.483516
5.721612
3.554335
3.034188
-2.080586
-1.560440
-0.693529
7.715507
3.641026
7.455433
10.576313
11.443223
4.854701
-0.606838
0.693529
-2.253968
2.514042
2.947497
7.715507
10.836386
6.501832
1.473748
0.520147
-6.501832
-6.935287
-8.755800
-11.616606
-9.622711
-2.427350
7.715507
15.084249
13.003663
10.836386
4.507937
-2.167277
-9.536020
-11.703297
-14.650794
-15.604396
-8.409035
-5.201465
1.213675
8.842491
8.409035
1.126984
-3.727717
-3.380952
-7.628816
-11.009768
-16.211233
-13.523810
-12.223443
-11.616606
-0.866911
3.641026
2.774115
-0.866911
-5.721612
-9.362637
-11.616606
-13.783883
-14.997558
-8.148962
-7.628816
-6.675214
0.520147
-3.641026
-5.374847
2.860806
-2.253968
2.253968
-3.814408
-1.733822
-0.086691
3.294261
10.142857
10.489621
7.542125
0.520147
1.126984
-6.588523
-6.848596
-7.628816
-4.421245
-1.993895
-0.260073
1.907204
-1.213675
-2.947497
1.993895
-2.860806
8.669109
4.334554
-1.213675
0.260073
-0.260073
5.114774
5.201465
2.427350
1.213675
0.780220
-1.993895
-9.102564
-8.755800
-3.814408
-5.288156
-1.040293
-3.120879
-3.207570
-0.693529
-7.628816
-2.687424
-2.687424
-2.600733
-5.894994
-4.768010
-1.473748
-0.173382
1.213675
-0.346764
-1.387057
-2.774115
-7.715507
-12.223443
-13.350427
-7.108669
-2.514042
3.294261
6.155067
9.189255
7.975580
7.888889
3.380952
-1.560440
-6.415140
-7.282051
-8.148962
-3.814408
-3.380952
-2.167277
1.213675
2.860806
4.247863
4.854701
2.253968
0.693529
-5.028083
-1.993895
-2.860806
1.733822
1.040293
2.340659
-1.387057
4.854701
3.901099
4.941392
3.120879
-2.600733
-4.594628
-1.993895
1.560440
3.467643
2.167277
7.195360
5.981685
4.334554
2.253968
-3.034188
-1.907204
-4.681319
-2.427350
-5.548230
2.600733
2.427350
6.328449
13.350427
9.449328
15.517705
7.715507
3.467643
0.520147
-1.387057
-5.028083
-3.034188
-3.554335
0.780220
0.693529
4.161172
3.294261
6.155067
3.641026
3.727717
2.774115
-1.126984
-3.727717
-3.814408
-6.675214
-3.901099
-3.467643
-1.560440
2.167277
3.294261
1.907204
3.814408
1.387057
4.074481
4.161172
-2.860806
-2.600733
-1.126984
-2.080586
-0.780220
-0.173382
3.727717
2.080586
0.693529
-4.594628
-3.814408
-5.288156
-4.854701
1.473748
3.467643
2.340659
2.514042
2.514042
1.213675
-2.167277
-6.415140
-9.969475
-6.588523
-3.294261
-4.247863
-0.953602
1.387057
1.473748
3.034188
2.687424
1.560440
-5.894994
-2.167277
-2.167277
0.000000
1.473748
1.300366
-0.346764
-2.340659
-1.126984
-2.774115
-4.334554
-2.687424
-3.901099
-5.374847
1.907204
4.161172
5.808303
6.761905
3.294261
4.421245
-6.588523
-7.715507
-15.170940
-11.963370
-7.715507
-3.987790
3.901099
5.721612
4.074481
-0.693529
-4.247863
-9.796093
-20.199023
-20.199023
-13.697192
-8.409035
-6.675214
-1.647131
-1.300366
-1.300366
1.647131
-3.120879
-13.610501
-15.431013
-12.830281
-8.409035
-3.467643
-7.021978
-1.820513
0.780220
3.467643
4.161172
-1.560440
-2.774115
-5.374847
-9.102564
-6.155067
-7.975580
-3.727717
2.167277
1.560440
2.860806
-3.294261
-3.380952
-2.860806
-3.467643
-1.473748
0.433455
-2.340659
-0.606838
-0.866911
-3.294261
-3.380952
-8.148962
-7.802198
-7.108669
-5.374847
-1.213675
0.780220
2.253968
2.340659
3.207570
3.380952
1.387057
0.346764
-6.155067
-6.588523
-1.300366
2.340659
1.647131
3.641026
0.780220
0.346764
1.993895
-0.346764
-2.600733
-3.641026
-6.328449
-0.173382
4.507937
6.068376
8.755800
7.282051
2.427350
0.000000
-1.647131
-7.628816
-7.715507
-5.201465
-6.675214
-0.433455
2.774115
9.015873
9.015873
9.362637
4.421245
0.346764
-1.300366
-5.028083
-7.021978
-5.288156
-7.888889
-1.820513
-1.647131
0.866911
3.467643
3.554335
5.808303
4.334554
4.161172
0.953602
-0.433455
-4.421245
-2.340659
-1.387057
1.907204
6.675214
9.882784
10.316239
9.709402
7.542125
6.935287
1.126984
3.814408
3.987790
3.554335
2.167277
2.687424
2.600733
1.907204
0.606838
1.993895
1.473748
-0.086691
0.780220
-1.473748
-3.727717
-0.433455
2.600733
0.346764
0.693529
1.473748
1.993895
2.253968
-2.167277
-1.647131
0.520147
-2.600733
-0.606838
1.733822
3.120879
8.409035
9.189255
4.681319
2.774115
-0.606838
-0.953602
-4.074481
-7.888889
-5.981685
-2.080586
1.040293
8.409035
10.576313
12.656899
11.703297
9.969475
3.987790
-0.606838
-4.768010
-8.062271
-9.622711
-5.981685
-1.040293
3.207570
6.241758
12.656899
11.096459
11.183150
4.074481
-2.514042
-13.090354
-15.517705
-15.257631
-12.050061
-5.374847
-2.340659
1.126984
3.641026
3.901099
1.560440
-2.253968
-2.253968
-2.774115
-3.727717
-4.507937
-1.300366
-5.634921
-4.594628
1.300366
-0.866911
-1.387057
-3.554335
-4.768010
-3.380952
-2.687424
-4.507937
-2.514042
3.207570
1.733822
4.247863
6.155067
3.120879
0.260073
-7.195360
-6.935287
-6.241758
-5.461538
-0.520147
2.860806
4.334554
5.288156
1.647131
-0.693529
-3.554335
-6.675214
-5.114774
-5.028083
-1.213675
3.814408
4.247863
2.600733
1.126984
1.126984
-1.473748
-5.201465
-7.888889
-9.709402
-4.681319
-2.253968
0.866911
7.108669
9.275946
7.975580
4.941392
-1.126984
-8.322344
-11.616606
-14.997558
-11.096459
-5.634921
0.346764
6.501832
9.275946
7.802198
6.328449
3.814408
-0.260073
-4.334554
-6.241758
-5.548230
-3.207570
-1.907204
0.693529
3.207570
4.594628
6.155067
5.288156
1.647131
-3.120879
-4.594628
-8.755800
-10.923077
-9.275946
-4.074481
5.028083
10.489621
9.362637
5.808303
1.907204
1.387057
-1.213675
-4.507937
-10.836386
-10.489621
-11.269841
-2.600733
2.427350
6.501832
8.062271
6.588523
7.108669
7.542125
5.808303
3.641026
-6.501832
-8.322344
-10.142857
-5.201465
-2.947497
-1.300366
0.260073
-0.433455
-0.693529
-2.600733
-5.374847
-4.768010
-5.028083
-2.427350
-2.514042
1.213675
-0.433455
-0.086691
-0.953602
-1.387057
-0.433455
-1.907204
-2.167277
-3.120879
-1.387057
2.514042
5.374847
6.761905
4.507937
3.901099
1.213675
-0.693529
-3.554335
-4.768010
2.340659
5.808303
7.021978
9.015873
8.409035
9.015873
6.328449
3.467643
-0.953602
-0.086691
-0.693529
-0.173382
5.548230
7.888889
9.969475
14.390720
16.557998
14.477411
8.322344
3.120879
4.421245
0.953602
-1.300366
2.253968
3.814408
4.768010
11.789988
14.997558
11.876679
8.755800
5.548230
2.947497
-3.207570
-4.161172
-2.167277
-1.126984
4.247863
6.155067
9.189255
10.489621
6.241758
5.028083
2.774115
-1.733822
-4.421245
-3.120879
-2.253968
2.687424
8.235653
9.536020
10.923077
5.548230
0.866911
-2.340659
-1.473748
-4.854701
-5.981685
-2.687424
-1.300366
4.334554
7.455433
5.634921
4.421245
4.681319
-0.780220
-5.114774
-6.415140
-8.582418
-4.161172
0.780220
4.421245
7.975580
4.507937
2.947497
2.253968
-0.433455
-3.901099
-7.715507
-6.848596
-6.328449
-6.241758
-4.681319
-2.514042
-1.126984
-2.687424
-2.947497
-3.034188
-0.866911
-0.260073
-0.346764
1.126984
3.987790
2.253968
5.808303
3.034188
-0.693529
-2.340659
-4.941392
-1.300366
-5.374847
-2.947497
-2.514042
-4.768010
-1.387057
0.433455
3.467643
1.733822
0.520147
-0.173382
-4.074481
-7.108669
-6.068376
-9.449328
-11.443223
-9.449328
-5.894994
-2.514042
2.080586
7.108669
3.727717
0.606838
-3.207570
-7.368742
-8.582418
-11.009768
-11.963370
-11.703297
-4.247863
1.213675
4.941392
5.461538
6.241758
4.074481
0.606838
-2.860806
-6.328449
-8.062271
-10.749695
-11.269841
-8.669109
-5.894994
-3.901099
-2.427350
-2.947497
-0.953602
-1.560440
-4.941392
-5.288156
-10.316239
-10.663004
-8.495726
-8.842491
-10.142857
-4.594628
-6.415140
-3.034188
-1.387057
-0.173382
-0.780220
-5.634921
-7.888889
-7.455433
-10.142857
-9.102564
-9.102564
-5.028083
-3.294261
-0.086691
2.514042
4.421245
0.086691
0.693529
-2.427350
1.993895
-2.947497
-5.548230
0.606838
1.907204
3.641026
2.774115
0.346764
-0.346764
-3.641026
-2.080586
0.260073
-0.693529
3.120879
3.987790
3.901099
0.780220
-3.207570
-3.987790
-7.888889
-9.015873
-14.043956
-5.548230
-1.126984
1.560440
2.600733
0.346764
-6.241758
-4.681319
-14.477411
-15.604396
-15.864469
-16.124542
-10.142857
-7.368742
-4.247863
3.727717
0.606838
2.687424
-1.907204
-4.247863
-9.449328
-8.582418
-7.715507
2.167277
-0.086691
1.040293
1.907204
2.687424
2.687424
2.947497
-3.554335
-6.935287
-6.155067
-3.467643
-2.860806
-3.467643
-0.606838
0.693529
5.894994
0.866911
-5.634921
-11.963370
-9.015873
-4.074481
-5.374847
-0.780220
-0.433455
3.727717
2.253968
9.102564
3.901099
0.693529
-7.628816
-6.068376
-1.040293
7.455433
10.056166
17.078144
2.514042
9.362637
17.164835
1.733822
3.207570
-4.334554
-0.693529
-1.993895
2.427350
16.818071
3.380952
1.560440
0.433455
-3.554335
-3.814408
-4.768010
-6.501832
-1.473748
-3.207570
1.560440
0.000000
3.467643
0.780220
-0.520147
-4.594628
-5.374847
-8.669109
-7.802198
-3.120879
0.953602
0.433455
3.120879
2.167277
0.346764
0.173382
-5.201465
-9.362637
-9.015873
-11.963370
-8.235653
-3.294261
-3.120879
-5.028083
-2.167277
-0.953602
-5.808303
-14.130647
-11.963370
-11.876679
-11.269841
-10.923077
-6.675214
-7.282051
-2.600733
-2.080586
1.473748
-8.322344
-7.195360
-5.721612
-10.576313
-9.189255
-14.650794
-15.691087
-4.247863
0.433455
5.288156
6.155067
3.294261
5.808303
4.247863
4.768010
2.427350
-1.907204
1.040293
6.848596
7.542125
6.675214
18.465201
9.102564
13.263736
13.523810
13.090354
9.015873
6.935287
6.328449
7.888889
9.709402
11.356532
11.443223
7.021978
7.715507
2.947497
6.935287
-3.901099
-4.768010
-11.789988
1.387057
4.941392
9.882784
10.749695
9.275946
16.644689
3.294261
-5.634921
-0.866911
-3.034188
-5.894994
-8.582418
-2.774115
-0.953602
-0.606838
-2.947497
-0.606838
-0.086691
11.876679
-4.421245
17.338217
-3.901099
-2.340659
7.021978
0.866911
-5.028083
-7.888889
-2.427350
-0.433455
5.028083
0.260073
4.854701
-1.213675
8.409035
10.229548
-2.600733
0.606838
-11.963370
-15.691087
-11.876679
-2.167277
0.086691
-7.715507
10.056166
14.217338
8.322344
6.241758
5.114774
1.300366
-6.588523
-2.080586
-10.836386
-8.322344
-10.142857
-13.437118
-1.733822
1.560440
-1.560440
0.260073
-1.300366
-3.901099
-1.820513
-15.344322
-0.433455
-5.808303
-6.588523
1.473748
4.941392
20.459096
10.923077
9.362637
8.062271
-2.080586
1.387057
-14.043956
2.427350
-4.941392
-5.201465
10.402930
10.749695
10.836386
8.669109
3.554335
1.560440
-0.346764
-4.854701
-14.043956
-6.501832
-0.606838
5.201465
4.421245
3.641026
6.848596
1.560440
-3.554335
-7.975580
-13.783883
-3.554335
-8.582418
-3.727717
-1.907204
-1.473748
-6.241758
5.374847
-1.647131
-0.780220
-13.783883
-2.427350
-9.796093
-4.161172
-1.387057
-3.641026
-3.467643
-1.993895
1.907204
-8.582418
-9.536020
-8.582418
-7.282051
-1.560440
-2.167277
7.628816
5.288156
-2.340659
1.820513
-5.114774
-9.362637
-12.656899
-15.864469
-5.981685
3.727717
0.693529
-3.727717
1.473748
1.473748
-5.374847
-5.288156
-10.749695
-20.805861
-18.205128
-17.858364
-9.622711
-6.675214
0.086691
-0.173382
4.854701
-2.167277
-0.953602
-1.907204
-6.328449
-9.362637
-14.130647
-5.461538
4.074481
2.600733
15.517705
16.211233
12.570208
12.916972
5.634921
-0.693529
-6.848596
-6.415140
-1.300366
1.126984
4.941392
9.536020
16.471306
8.062271
10.576313
1.560440
-2.860806
-7.888889
-14.217338
-9.015873
-6.761905
1.300366
5.721612
14.390720
15.170940
10.836386
11.443223
1.733822
0.606838
-3.207570
-9.796093
-10.923077
-4.941392
-0.173382
4.681319
-0.433455
7.282051
9.969475
11.096459
10.749695
3.554335
0.780220
-9.362637
-12.570208
-10.056166
-3.987790
-2.340659
-3.207570
-7.628816
3.034188
6.241758
9.882784
8.409035
10.489621
9.449328
1.647131
2.167277
-1.473748
-4.247863
-4.507937
-6.068376
-4.507937
1.213675
0.260073
5.028083
7.802198
6.241758
5.374847
3.120879
1.820513
-1.213675
-4.161172
-9.536020
-18.465201
-7.455433
-2.167277
1.993895
-2.080586
3.034188
8.148962
0.780220
3.467643
4.594628
2.600733
0.346764
-2.860806
-3.207570
-8.322344
-0.693529
-9.275946
0.000000
-2.167277
-4.507937
-4.594628
-3.554335
-2.514042
-3.467643
-4.074481
-0.346764
-3.641026
-0.433455
-6.675214
-2.427350
-3.814408
-1.647131
-7.888889
1.473748
-0.086691
2.427350
12.223443
9.622711
9.362637
10.142857
4.074481
6.415140
3.380952
1.907204
-3.814408
0.173382
-2.600733
0.520147
6.328449
9.709402
6.848596
14.130647
5.114774
4.854701
1.993895
1.300366
-2.253968
0.606838
-1.126984
3.294261
4.074481
1.733822
4.161172
0.606838
3.380952
1.647131
-10.056166
-2.340659
-0.520147
2.340659
8.322344
6.328449
5.461538
3.294261
2.687424
0.346764
-0.520147
-5.981685
-7.802198
-3.727717
-3.207570
-0.520147
-0.606838
-1.647131
-3.294261
-0.086691
0.520147
-3.814408
-6.415140
0.693529
-0.346764
5.461538
5.721612
7.021978
5.981685
0.000000
-2.167277
-0.433455
-3.034188
-6.935287
-0.433455
-4.941392
-1.993895
1.647131
3.814408
7.195360
10.142857
9.796093
5.634921
2.774115
0.520147
-3.554335
-2.947497
-4.074481
-1.213675
-3.120879
-3.294261
-1.733822
3.467643
6.501832
5.634921
4.507937
-2.947497
1.560440
-1.560440
0.346764
-0.780220
2.167277
-2.167277
-5.808303
-4.768010
-1.560440
-1.387057
0.433455
2.427350
2.687424
5.634921
5.548230
0.693529
5.461538
5.114774
2.947497
4.854701
2.947497
-0.693529
7.108669
2.167277
6.848596
9.102564
3.467643
1.213675
0.953602
3.120879
3.207570
-0.260073
-0.953602
-3.554335
1.387057
0.780220
0.953602
-3.814408
-4.161172
-6.588523
-3.554335
-0.953602
2.947497
7.888889
1.213675
5.461538
5.028083
7.368742
0.953602
4.594628
-0.173382
-1.040293
0.000000
-8.322344
-6.761905
-1.993895
2.080586
3.207570
-0.433455
2.167277
0.780220
-2.514042
-3.467643
-3.901099
-5.374847
-11.269841
-3.814408
-3.207570
0.433455
-0.260073
0.520147
-5.894994
-6.588523
-10.056166
-11.443223
-8.062271
-1.387057
-2.947497
0.780220
-1.213675
-0.606838
-6.848596
-5.028083
-11.529915
-10.142857
-10.576313
-8.842491
-7.888889
-3.467643
-2.860806
-1.993895
3.901099
1.820513
1.733822
-4.421245
-7.888889
-7.108669
-3.641026
1.126984
0.953602
0.346764
4.074481
6.068376
3.120879
1.040293
0.346764
-6.415140
-6.068376
-9.622711
-2.514042
0.260073
-0.173382
1.473748
5.114774
6.588523
9.015873
11.876679
11.183150
10.316239
4.334554
2.427350
6.588523
3.641026
2.427350
-0.693529
0.346764
4.161172
3.641026
2.167277
3.034188
5.028083
4.334554
6.848596
2.947497
6.155067
4.074481
4.941392
2.167277
3.554335
3.641026
5.028083
5.548230
8.842491
3.467643
0.433455
-0.433455
-1.560440
-3.207570
-5.374847
-4.161172
1.387057
0.866911
12.310134
10.576313
13.870574
7.628816
6.241758
0.606838
-2.514042
-3.467643
-6.935287
-7.975580
-3.034188
-0.346764
5.201465
7.715507
9.102564
7.715507
5.634921
0.693529
-6.241758
-10.056166
-16.557998
-14.477411
-8.409035
-2.167277
1.040293
4.247863
1.040293
-0.866911
0.000000
-2.340659
-9.189255
-9.362637
-13.697192
-12.570208
-9.969475
-4.594628
4.421245
2.167277
4.421245
2.600733
1.993895
1.040293
-3.987790
-2.687424
-5.114774
-8.235653
-4.247863
-4.594628
-0.780220
1.647131
4.507937
7.888889
6.068376
6.155067
7.282051
4.074481
5.374847
2.253968
1.733822
-1.993895
-2.167277
0.173382
3.380952
2.253968
4.507937
4.247863
3.641026
9.449328
11.789988
8.062271
11.009768
10.316239
7.021978
1.126984
2.860806
0.086691
4.334554
0.346764
4.768010
7.021978
8.669109
17.251526
16.904762
