2.051282
-1.855922
0.097680
0.000000
2.637363
0.390720
-0.586081
-0.097680
-3.907204
-1.172161
2.442002
-0.683761
0.976801
2.051282
2.442002
1.758242
8.595849
5.763126
0.781441
0.879121
-0.488400
-5.274725
-4.590965
-2.735043
-1.465201
-5.763126
-1.855922
-0.683761
-0.586081
-4.786325
-2.344322
-0.683761
-2.735043
-1.172161
0.683761
-1.758242
-4.590965
-8.009768
-5.079365
-4.297924
-2.930403
-3.223443
-0.976801
-2.735043
-4.395604
-4.395604
-4.297924
-6.153846
-5.567766
-6.837607
-6.739927
-6.935287
-8.205128
-4.884005
1.074481
-4.004884
-6.056166
-1.855922
1.074481
-6.642247
-0.683761
-0.976801
-5.567766
-11.916972
-4.981685
-3.028083
-4.786325
-3.028083
0.000000
2.735043
-3.223443
-2.246642
2.539683
0.000000
-0.390720
-0.976801
0.586081
2.832723
-0.390720
-1.660562
0.586081
2.832723
4.200244
4.200244
7.130647
3.711844
1.172161
4.200244
2.344322
-4.004884
-3.711844
0.293040
0.879121
-0.195360
0.390720
1.660562
8.009768
5.567766
7.326007
2.246642
0.683761
0.488400
4.493284
5.079365
2.539683
1.953602
5.274725
3.711844
4.884005
6.642247
0.683761
-2.637363
4.004884
1.172161
-0.488400
4.590965
8.791209
-4.200244
-4.395604
0.586081
-2.051282
-7.326007
-2.246642
3.711844
0.293040
-8.498168
-3.711844
-1.758242
0.293040
-2.051282
-2.148962
-0.683761
-2.539683
-2.442002
4.004884
0.683761
-1.269841
-0.390720
0.879121
-0.976801
3.028083
0.195360
-0.586081
-2.735043
-0.195360
-3.223443
-6.056166
-3.125763
-1.269841
-3.223443
-7.912088
-6.056166
-1.465201
-2.930403
-4.395604
-3.516484
1.172161
0.195360
-1.953602
-4.297924
-2.735043
-2.442002
-8.693529
-6.642247
-4.688645
-7.423687
-6.739927
-8.302808
-6.837607
-8.400488
-6.544567
-4.981685
-5.763126
-7.912088
-5.177045
-8.693529
-9.377289
-9.572650
-2.832723
1.660562
4.590965
-4.102564
-5.177045
-3.028083
-0.488400
-4.102564
-6.935287
-6.349206
-3.321123
-3.223443
-1.269841
-3.614164
-4.981685
-5.079365
-1.855922
0.195360
-1.172161
-6.153846
-7.326007
-4.688645
-3.711844
-4.590965
-7.814408
-7.326007
-4.786325
-7.619048
-5.958486
-8.009768
-6.935287
-4.786325
0.586081
-0.976801
-0.976801
-1.367521
-1.074481
-3.907204
-8.595849
-7.228327
-7.130647
-7.423687
-6.349206
-8.107448
-6.544567
-6.935287
-6.349206
-8.986569
-7.032967
-9.768010
-8.400488
-9.377289
-7.032967
-6.056166
-5.372405
-4.395604
-4.297924
-2.148962
-3.028083
-7.326007
-4.297924
-3.907204
-5.763126
-4.884005
-1.660562
-2.930403
3.028083
0.097680
2.148962
-2.930403
-2.539683
-6.642247
-4.004884
-5.372405
-4.590965
-2.246642
-1.562882
-1.953602
-3.809524
-3.223443
0.683761
-6.935287
-9.181929
-9.279609
-9.865690
-9.474969
-4.981685
-1.562882
-4.884005
-6.446886
-2.930403
-4.004884
-5.372405
-7.716728
-6.446886
-7.326007
-5.567766
-4.297924
1.953602
-0.488400
-0.781441
-1.367521
0.000000
-0.293040
0.879121
-0.976801
2.051282
4.590965
11.526252
7.032967
6.153846
2.832723
5.177045
3.614164
2.832723
-0.195360
4.884005
5.372405
5.079365
3.028083
6.446886
7.619048
5.567766
7.228327
5.372405
6.153846
7.423687
9.963370
7.912088
1.953602
4.493284
5.763126
4.688645
-0.976801
4.004884
5.372405
3.125763
2.051282
2.832723
5.763126
5.567766
5.860806
2.246642
2.930403
5.470085
2.246642
-1.269841
1.758242
3.028083
2.442002
4.395604
8.302808
7.228327
4.688645
2.735043
2.344322
1.465201
-1.367521
-0.976801
-1.758242
1.367521
-2.246642
-2.930403
-2.832723
-1.269841
-2.051282
-4.004884
-0.976801
1.855922
0.488400
2.442002
2.442002
2.832723
-1.855922
-0.586081
-0.976801
-1.660562
-3.711844
0.000000
-0.586081
2.539683
4.590965
7.326007
-1.367521
-3.809524
-2.442002
1.465201
-2.832723
-2.539683
0.000000
-0.097680
0.390720
1.269841
3.028083
2.051282
-3.223443
-4.590965
1.465201
3.028083
-2.832723
-1.953602
-0.390720
1.758242
-2.246642
-2.051282
3.418803
2.148962
1.074481
1.562882
5.470085
4.297924
2.051282
2.051282
4.493284
3.418803
2.344322
-1.660562
3.321123
6.739927
3.809524
3.418803
5.372405
5.274725
1.562882
3.028083
6.446886
1.465201
-1.465201
0.488400
1.562882
-1.562882
0.195360
2.442002
0.879121
-0.586081
-2.051282
1.465201
-4.688645
-3.223443
-6.739927
-7.423687
-12.405372
-7.423687
-6.251526
-4.688645
-5.958486
-3.516484
-5.567766
-4.786325
-7.032967
-9.474969
-5.763126
-7.228327
-9.670330
-8.888889
-8.498168
-6.642247
-5.763126
-4.688645
-3.614164
-3.516484
-3.321123
-0.586081
-3.907204
-6.446886
-5.079365
-2.246642
-3.809524
-7.130647
-6.349206
-2.539683
-10.061050
-8.791209
-6.153846
-7.032967
-6.153846
-6.153846
-8.302808
-8.400488
-9.670330
-9.377289
-9.572650
-7.326007
-8.107448
-6.056166
-10.842491
-6.935287
-8.986569
-7.423687
-6.837607
-5.079365
-9.768010
-5.372405
-4.395604
-1.953602
-4.786325
-1.074481
-0.586081
-1.562882
-4.688645
-1.172161
-1.074481
-1.465201
-1.367521
1.367521
-3.809524
-4.493284
-2.442002
2.832723
1.172161
2.246642
4.590965
2.148962
4.786325
5.274725
2.442002
2.539683
-0.097680
-0.976801
-5.372405
-3.321123
-2.148962
-1.855922
-4.981685
-1.855922
1.660562
2.539683
0.879121
2.148962
-1.758242
0.976801
0.195360
1.855922
-2.442002
-1.465201
-1.758242
1.855922
-1.562882
0.293040
-0.781441
-1.562882
-3.711844
-4.493284
-1.269841
-2.539683
-1.562882
-4.004884
-1.660562
-1.269841
2.539683
-0.195360
-0.195360
0.097680
-2.246642
-6.153846
-1.172161
-1.172161
-2.344322
0.683761
-0.586081
0.000000
-3.516484
-4.004884
-6.544567
-5.274725
-1.953602
0.293040
-3.809524
-1.269841
1.660562
-3.711844
-7.228327
-4.102564
-4.297924
-10.061050
-9.572650
-4.297924
0.000000
0.195360
2.051282
2.148962
-4.395604
-6.153846
-5.177045
-4.493284
-6.446886
-5.567766
-2.051282
-0.097680
-0.293040
-1.953602
-1.758242
-1.953602
-1.758242
-1.660562
-0.683761
1.562882
1.562882
1.074481
2.539683
0.781441
-0.683761
1.562882
3.321123
-2.539683
0.097680
4.102564
6.153846
0.390720
-1.562882
3.321123
0.000000
0.781441
1.953602
2.246642
-0.976801
3.028083
2.637363
-1.074481
-0.976801
0.781441
0.097680
-0.390720
0.293040
-0.097680
-5.567766
-2.442002
3.516484
-1.953602
-2.735043
0.781441
0.097680
-2.539683
-4.884005
-1.562882
-1.172161
-2.148962
-2.246642
-1.172161
-5.372405
-4.395604
-4.688645
-4.395604
-4.981685
-3.809524
-5.274725
-4.102564
-2.442002
-6.349206
-5.274725
-1.758242
-7.423687
-10.256410
-3.711844
-2.539683
-1.465201
-1.953602
-1.562882
-4.590965
-4.102564
-10.451770
-9.084249
-7.032967
-6.153846
-9.865690
-12.014652
-9.181929
-9.377289
-6.446886
-3.028083
-4.590965
-6.642247
-6.642247
-4.590965
-7.912088
-6.251526
-4.884005
-1.269841
-7.326007
-8.107448
-8.009768
-9.572650
-8.205128
-7.032967
-6.642247
-2.442002
-3.028083
-5.958486
-8.498168
-8.009768
-5.372405
-4.297924
-5.567766
0.195360
-3.907204
-0.586081
-0.683761
-1.172161
1.465201
2.930403
3.614164
0.293040
0.879121
1.758242
-0.976801
-3.125763
2.442002
4.493284
3.711844
2.442002
5.372405
5.274725
2.930403
5.763126
6.153846
4.590965
4.395604
4.981685
3.028083
3.028083
4.297924
2.539683
2.344322
0.195360
-2.246642
-0.683761
-0.195360
0.488400
-2.246642
1.074481
-0.488400
-1.074481
-3.809524
-1.660562
-4.200244
-3.809524
-2.539683
-2.539683
-2.735043
-5.274725
-2.735043
-1.562882
-1.269841
-2.246642
-0.976801
-1.367521
-1.465201
4.004884
1.465201
1.172161
-1.367521
1.465201
-1.953602
-0.976801
-2.246642
-0.097680
0.000000
-0.976801
0.879121
2.344322
-1.269841
-3.418803
2.539683
2.344322
1.758242
0.097680
-0.976801
-2.344322
-7.619048
-6.739927
-4.493284
-3.223443
-4.395604
-0.293040
-1.465201
-0.586081
-2.735043
-1.269841
2.442002
-0.097680
-3.614164
-3.614164
-1.269841
-3.028083
-1.562882
-0.097680
1.855922
-0.097680
-0.683761
2.344322
0.781441
0.683761
6.837607
1.660562
-3.418803
2.539683
2.930403
1.660562
0.683761
1.953602
3.614164
4.688645
3.809524
3.711844
11.526252
8.107448
7.326007
7.032967
9.279609
8.400488
5.079365
2.539683
1.660562
3.321123
7.032967
6.056166
2.637363
2.930403
4.200244
2.637363
2.442002
2.539683
2.930403
0.195360
-1.855922
1.367521
3.223443
-0.488400
5.763126
3.418803
-5.079365
-3.614164
1.269841
1.758242
-0.586081
-1.074481
2.148962
3.809524
2.539683
0.390720
2.930403
1.269841
-0.195360
-1.465201
-0.976801
-0.488400
1.953602
1.074481
-1.758242
-0.683761
-0.097680
-1.074481
-4.884005
-2.539683
-2.246642
0.195360
-0.586081
1.562882
4.102564
7.326007
0.976801
-2.832723
-1.465201
0.488400
-1.172161
-3.125763
-1.465201
-0.293040
0.000000
1.172161
0.683761
-0.195360
-1.953602
-1.855922
-2.735043
-4.395604
-0.976801
1.074481
-0.976801
-0.293040
4.395604
6.642247
2.148962
2.930403
2.148962
2.637363
2.148962
-0.390720
1.855922
5.274725
-2.344322
-3.028083
-1.855922
-0.976801
-2.735043
-0.097680
-1.855922
-0.683761
0.195360
1.465201
0.879121
2.832723
-1.465201
0.781441
-3.418803
1.367521
3.614164
2.442002
1.367521
2.246642
1.465201
1.953602
1.269841
2.539683
2.832723
4.590965
3.907204
-0.293040
1.855922
4.297924
-0.781441
0.586081
2.051282
-0.195360
0.000000
2.832723
2.735043
5.079365
4.297924
1.269841
-2.832723
-3.321123
-3.125763
-0.976801
-3.028083
0.195360
2.442002
0.488400
-6.251526
-4.004884
-5.470085
-4.884005
-4.688645
-2.832723
-3.614164
-2.637363
1.269841
1.269841
1.660562
4.004884
2.148962
4.395604
1.465201
0.879121
-3.223443
1.562882
-1.855922
-0.293040
-1.953602
-0.293040
5.079365
0.000000
-0.976801
0.781441
0.195360
3.809524
-0.390720
1.367521
-0.683761
2.246642
1.269841
-3.028083
-1.562882
1.172161
3.516484
4.102564
-0.976801
0.000000
-1.562882
-0.683761
-3.223443
0.195360
0.488400
-0.586081
2.539683
4.004884
-1.269841
-0.781441
-3.907204
-1.074481
-3.614164
-1.758242
2.051282
2.539683
5.665446
4.004884
3.809524
4.297924
0.683761
0.390720
2.344322
2.539683
-1.367521
2.148962
4.004884
4.004884
4.493284
7.521368
10.451770
9.279609
5.372405
5.567766
2.442002
3.711844
3.418803
4.981685
4.004884
1.855922
3.028083
-1.562882
-1.855922
-0.195360
1.172161
0.976801
0.781441
1.660562
0.586081
2.344322
3.223443
1.562882
-0.586081
0.976801
-0.195360
-5.079365
-1.758242
4.004884
0.488400
0.390720
3.223443
5.372405
3.711844
4.200244
4.786325
-0.195360
-3.809524
-4.981685
-3.321123
0.683761
-1.953602
-1.562882
0.293040
5.860806
5.860806
3.711844
0.390720
-0.683761
-2.442002
-2.832723
-1.269841
-3.028083
-3.516484
1.465201
6.056166
3.809524
1.465201
-0.683761
-1.562882
-2.344322
-5.665446
-4.102564
-2.637363
-2.539683
1.172161
4.981685
2.539683
2.930403
-0.976801
-1.172161
-2.051282
-1.465201
-1.074481
-0.097680
2.344322
6.251526
8.205128
4.786325
2.148962
1.562882
-0.390720
-1.758242
0.000000
0.586081
3.614164
5.372405
2.051282
0.293040
-3.711844
-0.390720
-2.930403
-2.246642
-2.539683
2.539683
4.102564
3.418803
2.442002
-0.488400
-1.953602
-1.367521
0.390720
1.465201
-3.321123
-1.660562
4.004884
2.344322
-1.074481
0.586081
0.683761
0.000000
-1.074481
1.758242
0.586081
2.930403
2.637363
0.781441
-0.976801
4.590965
2.246642
-1.758242
-0.976801
-2.344322
0.683761
-0.097680
1.172161
2.930403
0.390720
3.809524
-1.074481
-1.074481
-0.781441
-3.614164
-2.735043
-1.758242
-0.976801
-1.074481
-2.637363
-5.763126
-8.107448
-8.595849
-8.986569
-8.986569
-4.493284
-5.079365
-4.395604
-2.246642
-4.297924
-5.274725
-4.493284
-3.223443
-3.907204
-1.562882
3.711844
5.665446
1.758242
1.074481
1.562882
-3.711844
-6.935287
-6.056166
-4.004884
-3.028083
-2.148962
-3.907204
-6.544567
-3.418803
-0.293040
-2.930403
-6.056166
-4.004884
-0.976801
-2.637363
-3.614164
-1.758242
-3.711844
-3.516484
-0.390720
-3.516484
-4.200244
-0.976801
-4.786325
-4.395604
-3.125763
-5.958486
-3.223443
-3.223443
-3.614164
-4.297924
-3.418803
-3.418803
-3.028083
-1.367521
-4.884005
-3.809524
1.465201
0.293040
-1.074481
-4.884005
-0.781441
-0.390720
0.000000
-4.884005
-3.418803
3.028083
-0.195360
-6.056166
-0.781441
1.758242
2.735043
-5.372405
-4.688645
-4.297924
-4.786325
-4.102564
-4.200244
-2.539683
-3.223443
-2.148962
-4.590965
-6.544567
-2.442002
-2.539683
-3.418803
-7.814408
-9.474969
-6.251526
-4.004884
-4.200244
-7.423687
-3.809524
-4.884005
-7.032967
-4.981685
-9.768010
-10.354090
-9.670330
-6.251526
-6.056166
-8.205128
-6.642247
-7.521368
-2.735043
1.758242
-3.614164
-6.935287
-6.349206
-3.516484
-4.395604
-8.205128
-8.986569
-3.028083
-4.004884
-5.177045
-5.079365
-4.786325
-4.590965
-3.418803
-2.735043
-4.493284
-11.233211
-9.572650
-10.744811
-14.261294
-9.963370
-9.181929
-7.814408
-10.061050
-8.009768
-5.860806
-10.061050
-8.888889
-6.837607
-7.912088
-8.595849
-8.791209
-7.814408
-7.521368
-6.056166
-3.809524
-4.786325
-4.884005
-2.344322
-5.567766
-4.884005
-5.860806
-4.004884
-3.418803
-3.028083
-2.735043
-3.614164
-2.637363
1.562882
0.000000
1.367521
-1.074481
-1.758242
-1.465201
-4.786325
-5.470085
-3.907204
-2.930403
-5.665446
-2.735043
-1.367521
-5.763126
-2.246642
0.879121
0.488400
-1.269841
-5.372405
-2.539683
-4.884005
-4.493284
-0.586081
-2.539683
0.781441
2.930403
-0.976801
-6.544567
-4.981685
-3.418803
-5.177045
-7.326007
-5.470085
-2.735043
-4.297924
-9.181929
-6.739927
-2.832723
-2.148962
-7.912088
-4.981685
-1.562882
-0.293040
-3.516484
-3.321123
-2.832723
-3.711844
-5.079365
-3.321123
-5.567766
-5.665446
-6.446886
-0.976801
-3.614164
-8.302808
-7.130647
-3.907204
-3.418803
-6.446886
-5.470085
-1.562882
-1.074481
-1.367521
-4.493284
-3.907204
-7.716728
-4.102564
-3.418803
-7.326007
-7.130647
-5.567766
-5.470085
-4.297924
-2.442002
-3.614164
-6.544567
-4.884005
-0.097680
-3.223443
-2.539683
0.586081
-0.976801
-1.855922
-1.562882
1.855922
-3.028083
-3.809524
-0.976801
-1.855922
-5.763126
-3.614164
-1.953602
-1.367521
1.758242
-0.390720
-4.004884
-2.832723
1.562882
-0.097680
-1.758242
2.637363
3.418803
4.981685
1.660562
4.884005
4.981685
0.488400
0.195360
3.028083
1.758242
0.879121
5.470085
5.177045
2.735043
0.488400
6.642247
9.768010
7.228327
6.251526
2.637363
3.223443
2.539683
0.000000
1.562882
2.051282
-1.465201
-1.269841
3.907204
4.004884
2.344322
2.539683
3.907204
4.297924
4.395604
6.153846
3.711844
0.488400
0.390720
1.367521
-1.172161
-0.195360
-0.195360
-0.293040
2.442002
0.000000
4.004884
5.372405
1.758242
0.000000
0.781441
2.442002
3.907204
2.148962
5.567766
7.326007
8.400488
0.879121
5.567766
4.688645
-0.195360
-1.660562
4.004884
4.884005
1.758242
3.321123
1.269841
-4.395604
-2.930403
1.465201
0.488400
-3.516484
2.148962
-0.976801
-4.395604
-5.958486
0.781441
-2.930403
-9.084249
-8.302808
1.172161
4.884005
-3.321123
-1.074481
-0.097680
2.246642
4.102564
-3.321123
-1.172161
0.586081
5.079365
1.855922
-0.586081
0.586081
0.976801
-2.051282
-3.223443
-5.372405
-2.442002
-1.465201
3.418803
0.390720
2.442002
3.223443
5.079365
1.074481
2.539683
-2.539683
-0.976801
-1.172161
1.074481
-0.976801
-1.172161
0.781441
7.521368
5.958486
6.446886
1.758242
-2.051282
-1.074481
0.293040
-6.349206
-3.125763
2.735043
1.855922
-4.493284
-1.074481
-1.367521
-2.539683
-2.539683
-1.660562
-1.562882
-1.269841
-1.367521
-3.028083
-4.786325
-1.269841
-2.051282
-2.051282
-3.028083
0.097680
-3.125763
-1.758242
-1.758242
-0.195360
-1.465201
-3.711844
-4.395604
0.097680
-2.930403
-0.976801
-0.488400
-4.102564
-3.223443
-0.488400
-4.297924
-4.981685
-2.051282
-1.074481
-6.349206
-6.056166
-6.446886
-4.786325
-7.130647
-5.860806
-4.590965
-4.590965
-5.567766
-6.642247
-3.907204
-6.251526
-7.619048
-8.400488
-6.935287
-2.735043
-4.395604
-3.907204
-3.614164
-2.539683
-1.465201
-4.004884
-4.200244
2.051282
-0.976801
-1.367521
-3.711844
-3.418803
-4.493284
-1.562882
-1.953602
-0.781441
-4.688645
-1.953602
-2.735043
-2.832723
-3.418803
-1.269841
-3.907204
-5.177045
-3.321123
-3.125763
-5.958486
-3.125763
-2.637363
-2.539683
-1.953602
1.562882
-3.028083
-4.786325
-3.614164
1.465201
1.172161
4.786325
4.688645
0.195360
1.660562
0.781441
-0.195360
4.200244
2.637363
2.442002
0.781441
2.442002
0.293040
-4.786325
-4.590965
-3.321123
-3.223443
-0.195360
-2.344322
-1.953602
-4.493284
-3.418803
-2.442002
-2.637363
-2.832723
-2.246642
-3.125763
-5.079365
-4.004884
-2.051282
-2.539683
-0.976801
-4.786325
-3.125763
-4.590965
-4.493284
-2.832723
-1.269841
-2.051282
0.000000
1.953602
-1.269841
-3.223443
-0.195360
0.781441
-5.079365
-6.739927
-0.195360
-0.976801
-4.493284
-5.470085
2.246642
0.586081
-0.976801
2.442002
4.102564
-0.097680
-4.493284
-3.125763
-1.758242
-4.102564
-8.302808
-9.377289
-3.809524
-7.326007
-6.837607
-1.074481
-0.488400
-3.125763
-2.735043
-6.642247
-10.256410
-12.796093
-8.400488
-7.130647
-9.865690
-10.744811
-10.549451
-3.907204
-4.981685
-6.642247
-1.269841
1.953602
3.321123
-0.683761
-3.028083
-3.223443
-2.051282
-0.390720
-0.586081
-1.367521
0.097680
4.297924
9.084249
8.595849
7.032967
2.442002
2.246642
1.562882
0.683761
4.200244
0.586081
1.465201
3.418803
6.446886
5.958486
4.004884
4.297924
3.516484
1.855922
-0.781441
0.195360
-1.953602
2.148962
3.516484
4.102564
2.051282
0.781441
3.028083
4.102564
1.758242
0.879121
1.074481
2.735043
3.907204
-0.586081
2.637363
2.539683
1.269841
-0.195360
0.586081
4.981685
1.953602
1.269841
1.367521
5.177045
-1.367521
-1.074481
-0.488400
-3.809524
-2.832723
-0.976801
-1.758242
-4.884005
0.488400
4.493284
3.321123
1.855922
-0.781441
2.637363
-2.637363
-3.321123
-5.177045
-3.516484
-4.200244
-0.293040
2.539683
0.488400
3.711844
4.688645
5.177045
2.051282
2.246642
3.516484
-0.097680
1.269841
0.586081
4.297924
5.177045
2.246642
2.539683
3.614164
2.930403
2.148962
2.344322
0.976801
1.172161
-0.976801
-5.274725
0.586081
2.637363
2.148962
2.148962
5.372405
2.344322
-0.976801
0.000000
-1.269841
1.855922
5.763126
7.912088
5.470085
2.051282
3.907204
6.349206
6.153846
2.832723
2.344322
3.125763
-0.488400
1.660562
4.590965
4.297924
9.670330
9.865690
10.647131
7.228327
5.177045
3.125763
2.539683
3.223443
3.907204
3.418803
5.274725
5.274725
4.493284
5.470085
4.981685
6.739927
5.470085
4.200244
7.423687
9.572650
8.595849
4.004884
3.907204
2.051282
-2.051282
-0.683761
1.660562
-0.390720
-0.293040
1.074481
2.735043
-1.758242
-3.223443
-4.200244
-2.832723
0.097680
3.614164
0.195360
-0.390720
-2.344322
-1.855922
-3.418803
-2.442002
-0.195360
-0.097680
0.000000
0.000000
1.758242
-0.781441
0.879121
2.735043
2.930403
1.855922
-0.293040
0.488400
-3.321123
0.000000
-2.051282
-1.758242
-0.976801
0.195360
1.953602
4.981685
0.195360
-1.758242
0.195360
-3.418803
-2.930403
-0.976801
0.293040
-4.786325
-4.297924
-3.516484
-5.860806
-7.130647
-6.739927
-4.004884
-7.032967
-4.884005
-4.297924
-5.079365
-3.516484
-3.125763
0.390720
-3.321123
-0.586081
-1.172161
1.367521
0.097680
-3.907204
-0.683761
-1.367521
-3.711844
-1.953602
-1.465201
-3.321123
-3.711844
0.879121
-0.097680
-2.051282
0.488400
-1.660562
-3.614164
0.586081
3.614164
1.172161
-1.465201
3.907204
9.963370
3.418803
-1.367521
-0.586081
-2.832723
0.293040
1.172161
-4.102564
-3.614164
1.758242
3.028083
1.465201
-0.293040
-1.562882
0.586081
-5.079365
-6.642247
-6.837607
0.586081
2.246642
-0.390720
-4.493284
-0.976801
-1.367521
-2.148962
-2.637363
-5.567766
-8.693529
-4.981685
-4.102564
-0.976801
-4.493284
-0.586081
-1.758242
-1.465201
-4.200244
-6.349206
-7.716728
-8.791209
-3.418803
-4.297924
-7.619048
-7.521368
-5.372405
-7.032967
-5.470085
-6.349206
-5.470085
-3.614164
-6.349206
-6.349206
-7.032967
-1.660562
-5.958486
-9.377289
-9.279609
-9.768010
-9.084249
-4.981685
-5.372405
-6.935287
-6.153846
-8.400488
-4.786325
-1.953602
-3.418803
-5.567766
-5.763126
-8.498168
-13.870574
-8.986569
-5.470085
-7.326007
-7.521368
-9.572650
-9.279609
-3.907204
-0.195360
-4.102564
-12.210012
-8.791209
-6.642247
-9.181929
-10.842491
-5.665446
-4.590965
-2.442002
-2.832723
-2.539683
-4.102564
-0.293040
-4.004884
-4.102564
-4.590965
-4.004884
-4.102564
-11.330891
-9.377289
-7.326007
-7.032967
-5.079365
-0.390720
