2.212943
4.233455
1.154579
-0.384860
-0.481074
0.384860
0.769719
-2.309158
-5.676679
-6.157753
-5.195604
-1.828083
-0.384860
-2.405372
-3.559951
-4.425885
-5.291819
-3.463736
-1.635653
-1.347009
-3.752381
-3.367521
-6.061538
-3.463736
-5.676679
-0.577289
2.212943
0.865934
-1.347009
-2.116728
-3.463736
-3.752381
-1.924298
-0.577289
-2.886447
-0.962149
0.962149
0.962149
3.078877
3.752381
1.347009
-3.367521
-1.347009
-3.271306
-4.425885
-5.772894
-6.638828
-4.906960
-4.522100
-4.810745
-0.096215
2.501587
1.731868
-3.848596
-6.446398
-6.638828
-5.869109
-2.886447
-2.405372
0.096215
0.288645
-0.769719
0.673504
0.865934
1.154579
-0.673504
0.577289
-0.769719
-2.020513
-0.769719
1.539438
2.116728
0.192430
0.481074
0.192430
0.192430
1.924298
2.020513
3.175092
1.924298
3.271306
5.676679
6.446398
4.714530
4.714530
3.944811
4.137241
6.446398
9.332845
8.082051
6.253968
2.212943
0.384860
1.828083
3.078877
6.638828
4.714530
-1.539438
-1.924298
0.288645
1.058364
0.962149
0.481074
-2.886447
-2.405372
0.096215
3.175092
3.367521
2.982662
1.731868
1.250794
1.154579
1.443223
-0.384860
2.405372
2.982662
4.137241
3.944811
1.250794
-4.329670
-4.329670
-4.618315
-3.463736
-4.233455
-2.405372
-2.790232
-1.154579
-2.116728
-4.714530
-1.924298
-0.962149
-0.384860
0.673504
-0.384860
-2.309158
-3.752381
-4.233455
-4.522100
-2.982662
-0.865934
-1.250794
-1.539438
1.635653
3.848596
3.367521
2.501587
2.694017
1.731868
0.481074
-0.192430
-0.384860
-2.694017
0.865934
2.501587
2.309158
2.309158
2.405372
1.443223
4.906960
4.329670
1.250794
-0.384860
-0.865934
-2.405372
-3.752381
-2.020513
1.731868
0.577289
0.962149
0.673504
-0.481074
-0.192430
1.539438
3.559951
3.656166
2.020513
-1.828083
-3.078877
-1.154579
1.635653
3.367521
3.559951
5.195604
-5.291819
4.714530
4.810745
5.869109
2.694017
2.694017
2.694017
2.597802
4.041026
5.388034
4.425885
4.041026
3.752381
3.559951
3.175092
2.020513
0.096215
-0.288645
1.058364
0.769719
-1.635653
-3.944811
-4.041026
-3.078877
-2.020513
-0.096215
0.865934
-1.731868
-3.656166
-6.253968
-5.291819
-3.271306
-2.982662
-1.828083
1.828083
-1.347009
-2.886447
-3.752381
-5.195604
-6.253968
-4.522100
-3.559951
-3.463736
-4.425885
-6.638828
-8.466911
-6.542613
-3.656166
-2.982662
-1.635653
-6.350183
-5.195604
-3.175092
-1.347009
-0.673504
-1.154579
-1.828083
-2.501587
-0.481074
-0.865934
-0.481074
0.096215
-1.828083
-2.886447
-1.731868
-3.367521
-2.982662
-7.600977
-7.697192
-3.656166
-0.288645
-2.020513
-1.731868
-2.597802
-4.041026
-2.694017
-3.656166
-6.253968
-6.157753
-4.329670
-2.886447
-0.577289
0.096215
-0.384860
-2.405372
-5.484249
-5.195604
-4.329670
-2.020513
2.597802
1.347009
-1.154579
2.694017
5.484249
5.195604
1.924298
3.271306
1.058364
1.443223
3.752381
5.003175
6.157753
5.772894
5.195604
2.694017
3.944811
3.559951
3.367521
0.769719
3.848596
3.367521
6.061538
4.041026
0.673504
1.154579
4.233455
5.388034
5.291819
1.058364
-1.731868
-2.501587
-3.271306
-2.886447
0.769719
0.577289
-2.694017
-5.484249
-4.041026
-1.635653
1.058364
2.116728
1.924298
-2.501587
-5.772894
-3.848596
0.288645
0.288645
-1.154579
-1.635653
-3.271306
-0.288645
1.924298
1.635653
1.443223
0.000000
-1.539438
-3.271306
-5.484249
-3.752381
0.000000
3.175092
2.694017
0.096215
-1.058364
-1.924298
-5.195604
-3.271306
-0.769719
-0.384860
1.154579
2.886447
2.886447
4.618315
1.154579
-1.443223
-3.078877
-4.522100
-6.157753
-7.216117
-6.061538
0.000000
2.694017
1.250794
0.962149
-1.924298
-3.367521
-3.463736
-1.443223
-3.463736
-1.058364
-5.195604
-0.384860
2.309158
-0.384860
-1.731868
-4.425885
-3.078877
-2.790232
-1.443223
2.020513
6.638828
5.580464
5.580464
7.600977
5.676679
3.752381
2.597802
6.446398
8.370696
8.274481
8.851770
5.580464
3.656166
4.522100
5.195604
5.291819
6.061538
5.291819
5.676679
4.618315
5.869109
4.522100
4.906960
5.388034
4.233455
6.253968
5.003175
4.137241
4.425885
4.810745
3.752381
4.522100
6.542613
7.793407
7.600977
0.096215
-0.384860
0.000000
1.635653
3.559951
3.463736
1.635653
-0.769719
-1.154579
-0.769719
0.481074
0.673504
0.288645
1.828083
4.041026
5.965324
6.350183
3.463736
3.463736
0.962149
-0.192430
1.731868
1.443223
1.443223
0.962149
1.058364
3.848596
3.175092
2.790232
0.288645
1.443223
1.347009
2.790232
2.886447
4.618315
4.329670
3.944811
4.137241
3.078877
1.924298
-3.559951
-3.367521
-2.309158
-0.481074
-0.096215
0.000000
-1.347009
-4.041026
-0.673504
2.212943
2.790232
3.944811
0.577289
-3.175092
-3.078877
-1.539438
-2.501587
-3.271306
-1.828083
-5.291819
-2.982662
-5.003175
-2.982662
-2.501587
-2.597802
-2.309158
-0.962149
1.731868
2.020513
3.463736
2.886447
2.694017
3.944811
2.405372
2.405372
2.116728
2.309158
4.906960
4.906960
7.023687
6.831258
8.082051
6.446398
5.388034
4.906960
4.041026
3.078877
2.212943
0.192430
2.405372
4.041026
2.501587
-0.192430
0.865934
1.539438
1.924298
1.924298
0.481074
0.288645
-0.384860
-2.597802
-6.831258
-6.253968
-7.023687
-6.157753
-4.137241
-3.271306
-1.058364
0.288645
-0.577289
-1.443223
-2.212943
-2.309158
-1.924298
-3.271306
-4.522100
-3.559951
-4.425885
-2.597802
-2.212943
-3.944811
-4.714530
-1.058364
-1.539438
-3.367521
-6.157753
-5.965324
-3.559951
-3.656166
-3.848596
-3.752381
-4.329670
-8.370696
-11.642002
-9.429060
-6.638828
-5.869109
-8.466911
-11.353358
-10.391209
-9.621490
-6.735043
-5.869109
-7.023687
-7.216117
-4.522100
-7.408547
-9.717705
-7.985836
-4.522100
-2.886447
0.288645
-3.848596
-9.332845
-12.026862
-11.834432
-5.003175
0.192430
1.924298
-0.481074
-4.810745
-4.329670
-2.405372
-0.288645
0.096215
0.481074
-4.041026
-5.772894
-8.178266
-6.350183
-3.175092
-3.271306
-1.154579
0.481074
2.790232
4.714530
1.154579
0.288645
2.212943
0.673504
2.597802
1.539438
2.116728
0.865934
3.752381
7.216117
8.755556
8.947985
7.793407
7.697192
5.195604
7.697192
9.236630
7.889621
7.697192
8.755556
7.504762
1.154579
-0.384860
0.577289
1.731868
2.597802
3.463736
1.924298
0.865934
-1.924298
-3.559951
0.288645
2.982662
4.137241
-8.466911
-0.288645
-2.020513
-4.329670
-4.810745
-3.078877
-2.886447
-3.078877
-2.501587
0.288645
1.635653
2.020513
1.443223
1.828083
1.154579
-1.154579
-5.580464
-7.889621
-8.082051
-8.082051
-6.638828
-2.212943
-0.288645
-0.577289
-1.250794
-2.020513
-5.965324
-9.621490
-8.563126
-5.388034
-0.769719
4.810745
6.061538
4.425885
2.501587
-1.443223
0.384860
3.752381
5.580464
2.309158
2.790232
7.793407
12.796581
13.181441
9.140415
8.659341
4.329670
6.157753
7.023687
9.525275
8.082051
7.697192
6.638828
7.504762
8.563126
8.755556
8.755556
6.061538
7.312332
8.370696
8.274481
8.755556
8.659341
9.044200
10.487424
9.332845
10.294994
11.930647
12.219292
13.277656
11.930647
10.968498
12.315507
10.872283
12.892796
11.257143
11.834432
12.123077
8.947985
7.504762
4.329670
3.944811
2.886447
2.790232
1.443223
-0.288645
1.443223
1.635653
1.347009
2.982662
1.828083
1.347009
0.000000
-1.443223
-2.886447
-1.539438
-0.577289
-2.501587
-6.253968
-3.752381
-2.309158
-1.250794
-1.539438
-8.178266
-3.944811
-4.618315
-2.405372
-1.924298
-2.597802
-3.271306
-6.350183
-5.676679
-5.388034
-2.501587
-0.096215
-0.769719
-3.271306
-2.886447
0.673504
1.058364
-1.828083
-6.157753
-8.370696
-9.813919
-9.140415
-5.772894
-2.501587
-1.347009
-5.099389
-7.216117
-8.947985
-5.869109
1.250794
-0.577289
-2.597802
-3.752381
-2.212943
-0.481074
-1.250794
-3.752381
-2.116728
-3.271306
-6.253968
-4.714530
-2.982662
-1.539438
-1.924298
-3.271306
-2.020513
-0.384860
1.058364
1.539438
0.192430
-4.425885
-4.618315
-3.944811
-2.309158
-1.924298
0.865934
-1.443223
-1.828083
-2.790232
-2.886447
-5.291819
-3.944811
-1.731868
-1.731868
-0.769719
-1.924298
-1.058364
0.962149
-0.577289
-2.405372
-0.673504
-0.288645
-1.635653
-1.635653
-0.769719
3.078877
-0.384860
-2.790232
-3.559951
-2.116728
-11.738217
-5.580464
-5.484249
-3.367521
-3.463736
-2.405372
-1.828083
-1.731868
-2.309158
-0.673504
-1.154579
-2.597802
-2.116728
-0.481074
-1.250794
-2.982662
-6.638828
-8.563126
-10.872283
-10.391209
-7.119902
-4.618315
-3.175092
-3.559951
-4.233455
-2.886447
-2.116728
0.481074
0.192430
-0.096215
-3.367521
-5.772894
-4.522100
-1.443223
1.250794
2.405372
2.694017
1.731868
1.539438
4.618315
4.906960
4.233455
-0.192430
0.096215
-0.192430
-3.463736
-3.656166
-2.405372
0.769719
1.347009
4.522100
3.463736
0.673504
0.577289
0.673504
-0.096215
-0.673504
-0.673504
-2.309158
0.096215
-0.192430
-0.673504
0.288645
0.288645
2.020513
5.195604
5.869109
4.618315
1.058364
-0.192430
1.347009
-0.096215
-1.828083
1.731868
2.501587
1.058364
-0.384860
-0.673504
0.096215
3.078877
3.656166
0.288645
-3.078877
-3.848596
-2.982662
2.212943
7.793407
6.350183
4.810745
3.848596
2.020513
3.752381
3.752381
4.233455
2.405372
0.096215
-0.096215
1.154579
2.116728
3.078877
1.539438
0.865934
-1.250794
-0.673504
2.309158
3.463736
4.714530
2.982662
-0.384860
-2.886447
-3.078877
-1.924298
-1.635653
-1.443223
-5.484249
-5.869109
-3.367521
-1.924298
-0.481074
0.481074
0.192430
-1.154579
-2.309158
-2.597802
-2.790232
-1.347009
-4.233455
-4.618315
-5.195604
-3.271306
0.865934
0.865934
4.618315
3.752381
-0.577289
0.962149
2.116728
-1.828083
3.463736
-1.250794
-1.924298
-1.347009
-1.250794
-1.443223
-2.020513
-3.367521
-4.137241
-5.965324
-4.810745
0.288645
2.405372
3.848596
3.559951
4.810745
3.848596
3.078877
3.175092
4.714530
4.233455
-1.635653
-6.735043
-7.023687
-8.082051
-2.501587
2.982662
4.810745
5.003175
0.288645
-5.291819
-6.253968
-4.906960
-0.865934
3.559951
4.137241
0.192430
-4.041026
-6.350183
-6.350183
-2.405372
1.443223
6.638828
6.831258
5.676679
3.078877
3.848596
5.772894
2.405372
0.865934
-0.096215
2.212943
2.212943
4.041026
6.350183
7.023687
6.446398
4.522100
2.694017
3.367521
4.522100
6.061538
4.329670
2.790232
-0.288645
0.192430
1.443223
2.597802
1.058364
-0.384860
-0.673504
0.192430
-1.250794
-1.539438
-1.539438
-2.886447
-3.463736
-1.539438
0.673504
2.405372
2.694017
0.481074
-2.020513
-2.982662
-4.233455
-2.020513
-2.212943
-0.865934
-0.288645
5.484249
2.501587
0.769719
-1.828083
-4.714530
-5.291819
-3.367521
-6.831258
-5.580464
-4.522100
-1.347009
0.192430
-0.577289
-3.271306
-3.463736
-2.501587
0.192430
-2.020513
-2.020513
-1.347009
0.192430
0.577289
2.116728
3.367521
4.618315
2.405372
1.058364
-1.347009
-1.154579
0.962149
2.116728
2.116728
0.962149
-1.250794
-0.673504
0.577289
0.384860
-0.962149
-2.020513
-3.367521
-3.367521
-4.329670
-3.271306
-3.559951
0.288645
1.539438
0.000000
-1.154579
-0.096215
3.656166
5.580464
4.425885
1.731868
0.288645
0.865934
1.154579
2.501587
2.982662
2.790232
3.271306
3.078877
4.810745
5.195604
-4.137241
3.559951
2.790232
4.810745
3.752381
3.463736
2.501587
1.443223
-0.962149
-1.539438
-6.061538
-6.157753
-6.350183
-2.212943
-0.288645
-1.154579
-4.137241
-2.597802
-0.577289
1.635653
0.481074
-0.577289
-1.828083
-0.769719
0.096215
-1.828083
-2.597802
-3.848596
-4.618315
-3.656166
-2.020513
-3.367521
-1.443223
-0.577289
-3.271306
-5.291819
-7.889621
-5.580464
-5.003175
-7.023687
-8.947985
-10.006349
-10.776068
-6.157753
-3.559951
-1.154579
0.096215
-4.425885
-7.216117
-4.522100
-0.865934
-1.058364
-1.635653
-4.425885
-2.501587
1.828083
3.175092
-0.769719
-0.481074
0.384860
0.769719
2.886447
1.924298
-0.962149
0.481074
1.154579
4.329670
5.965324
4.906960
5.388034
2.212943
2.886447
4.041026
2.212943
2.116728
1.250794
-0.384860
-2.501587
-2.212943
-1.539438
-1.154579
1.443223
4.137241
5.195604
4.425885
3.944811
4.041026
5.965324
6.253968
6.542613
6.735043
9.140415
8.851770
8.466911
7.216117
8.563126
7.023687
7.023687
5.869109
6.638828
8.755556
10.391209
8.178266
5.291819
3.078877
2.212943
1.443223
3.175092
2.116728
1.828083
3.271306
5.676679
5.099389
5.099389
2.116728
2.501587
2.790232
0.865934
0.000000
-3.367521
-1.731868
-1.539438
1.443223
2.597802
-0.288645
1.443223
4.137241
5.099389
5.388034
0.481074
1.058364
-1.828083
0.096215
-1.924298
-0.288645
-1.731868
0.962149
4.425885
4.714530
4.329670
3.752381
1.924298
3.367521
4.137241
4.041026
2.020513
0.000000
-1.154579
2.020513
2.597802
3.944811
3.271306
0.673504
1.443223
0.384860
-0.384860
0.096215
-2.020513
-3.367521
-4.906960
-2.309158
-0.384860
-1.731868
-3.559951
-5.195604
-8.370696
-7.408547
-8.851770
-7.697192
-6.927473
-3.271306
-5.003175
-11.930647
-5.580464
-9.525275
-10.872283
-8.082051
-4.714530
-3.944811
-7.408547
-7.697192
-3.367521
-0.096215
-0.577289
-5.291819
-7.408547
-5.580464
-1.154579
2.020513
2.116728
-0.769719
-1.250794
0.481074
0.577289
1.635653
2.982662
-6.446398
-2.597802
-1.731868
-1.250794
-0.865934
-0.865934
-3.463736
-5.195604
-4.233455
-1.347009
-2.694017
-4.329670
-5.195604
-6.735043
-4.329670
-5.388034
-4.618315
-7.119902
-6.927473
-5.869109
-5.099389
-4.137241
-6.927473
-5.580464
-5.099389
-6.061538
-6.927473
-4.618315
-6.350183
-7.216117
-6.350183
-2.405372
-0.577289
-2.309158
-0.769719
0.000000
-0.865934
-2.694017
-4.714530
-3.463736
-2.212943
-1.924298
-2.405372
-3.271306
0.384860
0.865934
2.212943
2.597802
0.384860
-0.384860
-0.577289
-1.250794
-1.058364
-1.924298
-0.481074
-0.673504
0.192430
1.731868
0.577289
-0.769719
-2.212943
1.539438
1.731868
3.175092
1.443223
-1.635653
-2.982662
-0.962149
-1.924298
3.367521
3.559951
0.962149
-3.175092
-2.597802
0.096215
2.020513
1.539438
1.154579
-1.058364
1.250794
2.597802
3.175092
-0.865934
-1.635653
0.865934
5.484249
5.676679
4.137241
2.405372
2.597802
4.041026
8.563126
6.542613
3.944811
4.810745
6.927473
8.755556
10.006349
11.642002
11.064713
10.102564
9.910134
11.257143
9.429060
8.755556
7.312332
3.175092
2.886447
4.618315
6.542613
6.831258
5.580464
5.003175
5.388034
3.944811
0.673504
3.848596
0.769719
0.865934
1.828083
3.463736
2.694017
1.539438
1.828083
-2.405372
-1.539438
-1.539438
-0.096215
0.865934
1.443223
0.481074
-10.679853
-0.962149
1.154579
0.096215
-1.828083
-1.443223
-1.058364
0.577289
4.137241
5.003175
4.041026
2.982662
4.522100
4.810745
3.367521
0.962149
1.635653
1.347009
3.848596
2.886447
0.962149
0.673504
-0.673504
1.635653
6.542613
10.487424
8.851770
2.501587
0.096215
1.347009
2.597802
5.772894
5.676679
4.618315
3.752381
5.099389
6.446398
9.429060
8.563126
7.600977
6.831258
7.312332
7.023687
5.388034
5.772894
7.119902
7.504762
6.542613
6.927473
5.772894
6.061538
7.793407
8.370696
5.099389
4.233455
5.965324
4.425885
6.638828
7.023687
8.370696
9.236630
6.735043
7.312332
6.831258
6.735043
6.350183
4.522100
6.927473
8.178266
6.542613
5.003175
5.003175
4.810745
3.752381
7.119902
4.522100
3.559951
4.714530
5.099389
4.906960
5.869109
5.580464
4.041026
3.367521
3.175092
1.924298
0.962149
0.192430
-1.443223
-4.522100
-3.367521
-3.944811
-4.233455
-5.388034
-9.044200
-10.294994
-11.738217
-13.470085
-9.332845
-8.082051
-9.236630
-9.910134
-9.910134
-10.679853
-9.717705
-12.411722
-13.951160
-13.181441
-14.143590
-10.391209
-11.930647
-12.219292
-10.776068
-10.006349
-10.198779
-8.178266
-7.985836
-7.793407
-6.831258
-8.755556
-10.198779
-11.642002
-8.947985
-9.717705
-10.487424
-5.003175
-5.099389
-4.329670
-3.367521
-2.501587
-1.250794
-1.443223
-0.192430
2.501587
1.731868
1.539438
2.597802
0.577289
0.577289
1.539438
1.250794
2.020513
0.192430
-3.367521
-2.982662
-2.020513
-0.577289
1.250794
0.962149
-1.347009
-3.175092
-0.481074
0.000000
1.443223
3.078877
0.577289
1.058364
-7.216117
4.906960
3.944811
3.078877
4.137241
4.137241
2.982662
6.831258
8.755556
2.886447
0.962149
0.384860
1.539438
3.271306
6.061538
7.312332
3.463736
-1.443223
-4.329670
-3.848596
-1.058364
-2.597802
-3.656166
-5.291819
-7.312332
-5.772894
-3.559951
-2.020513
3.078877
4.233455
2.501587
0.962149
-5.291819
-7.312332
-6.061538
-0.192430
1.539438
-0.481074
-1.924298
-2.212943
-4.233455
-4.233455
-4.425885
-4.810745
-0.769719
-3.463736
-1.731868
-4.137241
-2.501587
0.000000
1.250794
2.405372
-2.501587
-7.985836
-8.370696
-4.425885
-1.058364
1.731868
5.388034
5.676679
3.078877
0.000000
-1.154579
-1.250794
0.384860
0.481074
-0.384860
-2.405372
-1.539438
-0.192430
2.020513
0.962149
1.731868
0.288645
-3.559951
-2.790232
-1.635653
2.116728
3.944811
6.638828
6.253968
5.484249
8.755556
12.604151
10.968498
5.291819
1.250794
-1.058364
-1.250794
-0.865934
1.924298
3.848596
2.790232
3.463736
6.061538
6.542613
7.216117
5.676679
5.195604
4.522100
3.752381
2.886447
2.212943
0.865934
-0.384860
-2.116728
-0.769719
3.463736
5.291819
2.886447
3.175092
2.405372
4.618315
3.463736
4.329670
3.848596
5.003175
6.061538
5.099389
2.982662
0.000000
-0.481074
-1.250794
-0.865934
-2.501587
-1.154579
-1.828083
-3.175092
-4.425885
-4.425885
-3.271306
-2.501587
-4.714530
-6.542613
-5.869109
-7.216117
-5.291819
-5.003175
-4.906960
-4.329670
-0.481074
-1.924298
-2.694017
-2.020513
-2.886447
-3.559951
-6.061538
-5.676679
-6.350183
-6.735043
-9.236630
-9.332845
-10.006349
-6.831258
-3.078877
-2.020513
-1.443223
-3.271306
-5.388034
-4.233455
-2.790232
-4.137241
-8.370696
-5.580464
-4.810745
-4.810745
-4.233455
-3.463736
-4.329670
-3.944811
-0.384860
1.635653
2.694017
-0.865934
-6.542613
-3.848596
-2.886447
-6.927473
-7.408547
-6.253968
-4.522100
-4.714530
-4.618315
-0.096215
3.656166
4.233455
2.982662
1.154579
-1.635653
-1.635653
-1.347009
0.096215
-2.212943
-1.731868
0.769719
0.865934
1.250794
-1.539438
-0.962149
-0.962149
0.288645
2.116728
1.154579
0.865934
-0.481074
0.769719
4.618315
6.061538
4.618315
1.924298
0.000000
0.673504
1.731868
2.982662
1.347009
4.233455
5.580464
6.157753
6.831258
-5.580464
-0.192430
0.096215
3.078877
4.137241
3.463736
0.000000
-2.212943
-2.501587
1.058364
5.965324
6.735043
6.253968
4.137241
2.405372
1.250794
4.906960
8.178266
8.563126
3.944811
0.384860
1.154579
-1.058364
-2.116728
-1.347009
0.192430
1.731868
3.175092
2.501587
4.522100
7.023687
5.869109
5.580464
4.522100
3.752381
5.195604
5.772894
7.023687
6.638828
6.350183
5.484249
3.463736
0.577289
1.635653
2.405372
4.522100
3.944811
4.137241
4.041026
4.810745
5.965324
8.370696
6.350183
4.329670
1.154579
-1.058364
1.154579
3.752381
2.309158
0.673504
1.635653
3.848596
4.233455
3.752381
3.848596
4.810745
3.078877
7.216117
7.023687
5.869109
4.041026
2.694017
3.752381
1.250794
0.673504
0.000000
0.769719
0.962149
2.501587
3.367521
1.347009
-0.769719
-2.309158
-0.769719
1.828083
0.481074
-1.731868
-3.175092
-1.347009
-0.865934
-1.154579
-0.384860
1.250794
3.463736
3.848596
4.810745
2.790232
2.982662
2.212943
0.577289
-1.539438
-3.752381
-4.233455
-5.099389
-2.597802
0.673504
0.000000
-0.384860
-4.041026
-5.099389
-5.484249
-6.831258
-3.078877
-3.367521
-3.078877
-2.886447
-4.522100
-5.388034
-4.233455
-4.810745
-5.003175
-10.198779
-9.910134
-8.370696
-7.023687
-4.041026
-3.559951
-4.041026
-3.848596
-3.078877
-1.443223
-2.982662
-7.119902
-10.776068
-9.140415
-6.157753
-3.656166
-2.020513
-2.212943
-2.790232
-2.982662
-3.078877
-1.635653
1.154579
-10.198779
-7.697192
-8.466911
-6.542613
-7.119902
-5.772894
-7.889621
-7.793407
-5.291819
-4.329670
-0.577289
-1.924298
-7.312332
-7.119902
-4.714530
-2.501587
-0.962149
-1.635653
-0.769719
-4.714530
-8.466911
-7.312332
-2.405372
-1.443223
-1.154579
-2.886447
-7.697192
-8.563126
-7.889621
-6.350183
-2.309158
1.443223
3.271306
-0.769719
-1.731868
-1.154579
0.000000
1.154579
1.347009
2.790232
0.577289
-1.828083
-3.848596
-2.020513
-1.539438
-1.635653
-1.250794
-0.577289
1.828083
1.347009
-0.384860
0.481074
2.212943
2.982662
3.656166
2.790232
2.982662
1.635653
2.020513
3.271306
6.927473
6.157753
