0.673504
-1.154579
-1.828083
-0.096215
-0.192430
-2.501587
-2.790232
-3.463736
-2.982662
-1.924298
-3.175092
-2.501587
1.347009
5.388034
7.697192
5.676679
3.271306
4.137241
6.061538
4.041026
2.212943
0.096215
0.962149
2.116728
0.192430
-10.583639
-5.195604
-3.752381
-2.501587
-1.924298
-2.212943
-0.769719
0.865934
4.137241
3.559951
2.597802
2.501587
-2.212943
-3.752381
-2.405372
1.154579
3.752381
3.656166
4.041026
0.865934
1.635653
-1.347009
-3.463736
-5.291819
-8.178266
-12.123077
-5.580464
-0.384860
1.828083
2.982662
1.443223
2.309158
1.154579
1.058364
-1.250794
-3.463736
-2.886447
-2.116728
1.250794
0.962149
2.405372
2.790232
4.618315
1.731868
0.769719
3.271306
5.003175
1.828083
-1.635653
0.673504
2.212943
2.501587
0.962149
-1.443223
-2.116728
0.000000
3.752381
2.597802
1.443223
1.443223
2.597802
1.828083
5.484249
1.443223
-4.810745
-2.501587
-3.752381
-2.501587
1.539438
6.350183
9.813919
9.525275
7.985836
8.755556
5.388034
9.813919
8.082051
2.790232
-3.848596
-5.580464
-12.123077
-4.906960
-4.137241
-1.058364
3.848596
4.906960
-0.577289
-1.828083
-3.752381
-8.466911
0.962149
-1.347009
-2.790232
-2.694017
-0.673504
2.790232
1.154579
-2.212943
0.096215
-2.309158
-4.714530
-7.697192
-2.212943
3.078877
6.446398
1.635653
2.982662
-1.924298
-2.694017
0.288645
-2.212943
0.481074
-7.408547
-6.735043
-10.872283
-4.522100
-4.810745
-4.810745
-14.432234
9.332845
-0.769719
2.597802
-1.347009
-4.041026
-7.985836
-11.160928
-12.026862
-10.198779
-3.078877
5.676679
0.192430
-2.982662
-4.906960
-3.078877
-7.408547
-1.154579
-4.618315
-11.930647
2.020513
-0.865934
-4.522100
4.618315
0.673504
-1.539438
-3.367521
0.288645
-1.828083
-9.140415
4.714530
5.291819
7.312332
13.854945
9.429060
0.481074
5.580464
-1.347009
-8.178266
7.216117
7.889621
5.388034
2.501587
7.216117
6.542613
-0.384860
-0.192430
20.205128
11.353358
2.886447
8.274481
0.481074
9.044200
1.924298
9.525275
6.253968
7.023687
1.058364
4.233455
21.648352
10.968498
8.659341
0.673504
-4.618315
-0.577289
-2.116728
0.481074
0.769719
-1.347009
0.000000
-0.096215
0.769719
-1.443223
-4.041026
-2.886447
-2.116728
-1.539438
-3.656166
-2.309158
-2.982662
0.865934
3.752381
4.714530
3.271306
0.192430
1.154579
4.522100
5.099389
6.446398
4.906960
3.656166
5.099389
9.140415
8.947985
6.638828
10.679853
8.659341
9.044200
14.047375
13.277656
10.487424
9.525275
9.044200
6.446398
5.484249
8.466911
8.178266
4.906960
6.061538
7.119902
4.233455
-0.288645
0.962149
2.597802
5.099389
0.384860
-1.443223
-1.347009
1.828083
3.078877
3.848596
3.944811
5.388034
4.522100
4.810745
5.003175
7.023687
8.851770
6.542613
3.752381
3.463736
3.175092
7.312332
9.525275
9.910134
9.332845
6.061538
7.023687
5.772894
5.291819
1.154579
-1.154579
-0.481074
3.656166
5.099389
5.484249
3.752381
2.597802
6.350183
6.253968
3.463736
6.061538
1.443223
2.212943
1.058364
-3.944811
0.962149
3.752381
-2.790232
-3.175092
-0.865934
-3.944811
-0.096215
-0.673504
-7.504762
-3.656166
-4.810745
-7.312332
-7.985836
-3.559951
-2.212943
-3.752381
-4.137241
-6.350183
-4.425885
-5.484249
-5.003175
-10.294994
-12.604151
-7.023687
-1.443223
-0.096215
3.463736
6.638828
-0.384860
6.831258
2.982662
-0.673504
-4.137241
-7.504762
-10.391209
-3.848596
-2.309158
-3.656166
0.962149
-2.405372
3.848596
1.154579
2.501587
3.559951
1.154579
-4.041026
5.099389
3.848596
3.175092
1.154579
-5.772894
-3.944811
-9.525275
-10.679853
-6.061538
-6.253968
-4.810745
-14.047375
-13.951160
-7.312332
0.769719
-0.192430
-9.236630
-4.810745
1.058364
-0.769719
-4.137241
-4.137241
-3.078877
-4.810745
-2.116728
1.154579
4.714530
4.233455
7.216117
-1.058364
-3.656166
-1.347009
6.253968
2.116728
-2.020513
-3.656166
-1.154579
-4.233455
-4.618315
-4.329670
1.539438
2.982662
0.769719
2.020513
5.003175
1.828083
-1.635653
-4.137241
-4.137241
-1.347009
0.096215
-5.772894
-7.216117
-1.154579
-1.058364
-2.790232
-4.329670
-2.694017
-2.790232
-1.924298
-1.539438
0.096215
3.752381
0.673504
-1.443223
3.078877
4.522100
2.212943
4.041026
-1.347009
-4.041026
-6.350183
-7.697192
-5.965324
-7.504762
-6.831258
-0.096215
-0.673504
-0.577289
-0.577289
-3.656166
-2.790232
-2.790232
-5.003175
-4.522100
-1.924298
-6.927473
-11.353358
-11.545788
-3.944811
-0.192430
-0.481074
0.384860
0.481074
-1.924298
-7.793407
-10.294994
-7.119902
-5.388034
-4.425885
1.443223
-2.020513
-2.020513
0.288645
1.250794
-0.577289
-0.865934
-4.041026
-9.140415
-9.332845
-10.679853
-6.350183
-4.137241
-0.481074
0.000000
1.154579
0.384860
-1.635653
-0.481074
3.175092
0.577289
-0.096215
-3.271306
-5.291819
-4.425885
-2.309158
-0.769719
-2.116728
-1.635653
-1.347009
2.694017
4.233455
4.041026
0.481074
1.828083
2.020513
1.443223
-2.501587
-7.600977
-5.099389
-11.257143
0.000000
-0.096215
0.481074
2.886447
3.944811
0.192430
2.886447
5.003175
4.810745
2.597802
-0.192430
-5.099389
-5.003175
-2.501587
3.559951
3.944811
4.714530
6.350183
5.484249
5.965324
1.539438
0.192430
-1.154579
-3.271306
0.962149
5.195604
4.041026
3.752381
1.924298
-1.443223
-0.769719
-10.872283
-1.154579
-2.309158
-3.175092
-3.944811
-4.233455
-1.924298
-3.367521
-5.676679
-5.965324
-6.831258
-7.023687
-6.927473
-8.851770
-3.271306
-2.212943
-3.656166
-2.982662
-0.096215
0.000000
-1.058364
1.635653
-0.384860
0.673504
4.137241
6.350183
5.099389
0.192430
1.347009
1.347009
4.329670
5.099389
-2.116728
2.694017
2.694017
3.463736
0.000000
-1.347009
-1.347009
-3.752381
-4.233455
-2.597802
-2.597802
-2.790232
-5.484249
-6.831258
-5.484249
-4.714530
-3.175092
-3.848596
1.443223
2.116728
-1.154579
-7.216117
-3.078877
-2.501587
-0.673504
-2.694017
-2.501587
-1.250794
-0.865934
2.020513
2.116728
5.195604
4.810745
5.580464
3.848596
2.212943
-2.982662
-4.618315
-2.405372
-2.405372
1.250794
6.542613
10.872283
15.298168
10.006349
7.023687
4.233455
0.962149
1.828083
-0.481074
0.384860
4.425885
7.312332
4.714530
3.944811
2.116728
2.116728
-0.192430
-1.635653
-1.635653
0.673504
6.253968
5.965324
1.635653
1.924298
1.250794
2.212943
0.000000
0.288645
-0.192430
-0.481074
-1.539438
-2.886447
0.865934
-0.384860
-0.962149
-2.116728
3.463736
2.790232
3.463736
4.906960
3.271306
2.790232
5.580464
4.714530
3.656166
5.580464
6.157753
3.944811
0.096215
4.522100
-3.848596
4.425885
2.790232
2.694017
2.116728
-0.673504
-2.116728
-3.656166
-5.291819
-4.906960
-5.869109
-4.906960
-5.580464
-2.501587
-0.288645
-0.865934
1.058364
1.539438
2.694017
1.828083
0.384860
-0.962149
0.577289
1.828083
2.309158
4.425885
2.597802
-2.501587
-6.542613
-1.154579
3.175092
3.078877
-1.250794
-1.539438
2.116728
9.044200
7.793407
0.865934
-2.020513
-3.175092
-0.962149
0.192430
4.618315
4.714530
4.906960
-6.446398
5.195604
3.944811
3.559951
5.676679
7.985836
6.735043
7.697192
10.102564
11.353358
12.411722
10.198779
10.102564
9.332845
8.178266
10.006349
8.370696
8.370696
9.525275
9.717705
8.851770
4.233455
3.271306
2.116728
5.195604
8.082051
8.178266
7.600977
4.618315
5.291819
-1.347009
5.291819
1.154579
0.481074
1.635653
1.924298
3.175092
0.000000
1.347009
-1.924298
1.058364
0.577289
4.137241
2.694017
6.157753
6.831258
5.484249
2.405372
1.924298
2.694017
0.769719
2.790232
4.618315
8.466911
6.446398
2.694017
-2.212943
-8.082051
-9.621490
-9.621490
-5.195604
-3.367521
-2.790232
-5.388034
-5.388034
-1.924298
2.020513
0.481074
-3.271306
-2.309158
-3.463736
-1.347009
-4.906960
-10.776068
-6.927473
-2.020513
-2.501587
0.288645
1.058364
3.559951
2.212943
3.078877
4.618315
2.790232
3.656166
2.597802
2.597802
2.597802
5.099389
7.600977
9.332845
7.504762
5.676679
4.041026
-0.769719
-3.559951
-4.714530
-2.212943
0.769719
4.041026
5.388034
5.676679
5.772894
0.865934
-3.944811
-4.522100
-4.906960
-2.694017
-2.405372
-3.752381
-4.233455
-0.769719
-0.384860
1.058364
-0.481074
-5.580464
-7.600977
-11.738217
-11.353358
-13.566300
-10.487424
-14.720879
-5.676679
-2.790232
2.405372
-2.212943
-0.577289
-4.714530
-4.137241
-4.714530
-3.175092
-6.542613
-9.140415
-9.044200
-4.618315
-1.731868
-4.425885
-1.924298
-2.694017
-1.635653
-0.384860
-1.250794
-5.676679
-10.006349
-10.102564
-10.679853
-11.834432
-10.583639
-8.466911
-8.082051
-4.329670
-1.154579
0.384860
-3.559951
-5.195604
-10.102564
-11.642002
-8.755556
-8.755556
-8.659341
-10.294994
-5.580464
-1.731868
-1.635653
-4.329670
-2.212943
-6.157753
-10.198779
-12.604151
-12.315507
-10.968498
-9.621490
-7.985836
-4.425885
-6.350183
-0.673504
-2.597802
-0.769719
-2.501587
-2.694017
-4.233455
-3.559951
-1.058364
4.137241
13.181441
10.102564
10.102564
4.522100
2.501587
-3.848596
-7.697192
-2.982662
-1.154579
3.656166
5.388034
9.621490
10.487424
-0.481074
9.236630
12.507937
7.985836
4.618315
-0.865934
-6.735043
-6.350183
-4.041026
3.656166
4.906960
7.697192
8.370696
6.061538
4.810745
0.096215
-2.405372
-4.233455
-11.642002
-2.116728
1.443223
1.539438
2.790232
-0.769719
-5.003175
-9.525275
1.828083
3.367521
5.772894
1.154579
-6.253968
-6.927473
-4.618315
-2.982662
-4.618315
-6.061538
-2.886447
2.501587
1.924298
3.367521
-1.154579
0.000000
-1.539438
1.924298
2.982662
2.212943
-0.481074
-1.924298
1.443223
0.384860
3.656166
5.003175
4.906960
6.061538
4.618315
4.041026
7.023687
8.082051
4.041026
4.425885
2.020513
2.116728
-5.965324
0.962149
0.962149
4.714530
7.504762
5.869109
5.676679
3.559951
2.790232
3.944811
-2.694017
2.501587
3.559951
2.405372
1.058364
4.425885
2.694017
6.157753
3.463736
2.212943
5.580464
4.233455
4.041026
-0.192430
2.790232
5.676679
5.388034
3.656166
-2.212943
4.041026
2.694017
4.041026
3.559951
5.099389
6.061538
5.388034
4.137241
1.539438
-2.501587
-1.828083
2.982662
5.580464
4.906960
3.078877
-0.384860
1.731868
3.078877
4.714530
5.388034
4.233455
5.676679
4.714530
-1.154579
-1.154579
-2.309158
-2.309158
-1.828083
-1.635653
-3.463736
-4.522100
-2.116728
2.116728
-1.347009
-2.309158
-4.522100
-4.714530
-0.673504
-0.962149
-4.233455
-3.367521
-0.481074
-1.731868
1.250794
0.673504
1.828083
1.058364
7.697192
8.466911
8.947985
7.504762
3.463736
-1.347009
-3.752381
-8.659341
-10.583639
-5.965324
-6.542613
2.309158
1.154579
2.405372
2.020513
3.944811
-1.731868
-3.463736
-2.597802
-1.154579
-0.962149
-4.810745
-6.253968
-4.714530
1.539438
3.271306
6.446398
1.154579
-2.694017
-4.233455
-6.253968
-3.463736
-1.635653
0.288645
-1.731868
6.350183
9.429060
7.600977
6.350183
4.137241
2.020513
-1.154579
0.962149
-1.154579
-1.731868
-2.212943
0.673504
2.694017
1.924298
6.253968
4.618315
1.731868
-0.192430
0.577289
2.501587
4.137241
4.618315
5.195604
6.542613
7.793407
5.484249
-1.443223
-1.347009
-1.731868
-0.962149
2.212943
3.463736
4.618315
3.271306
-2.020513
-2.982662
-4.137241
-2.212943
0.577289
3.271306
3.656166
1.731868
1.250794
-1.828083
-0.865934
0.577289
-0.769719
-2.886447
-4.906960
-3.271306
-3.656166
-4.522100
-6.446398
-1.347009
-2.116728
-5.676679
-2.694017
0.673504
5.003175
6.157753
4.233455
1.154579
-0.962149
-2.212943
-1.731868
-3.656166
-4.906960
-2.405372
0.288645
1.635653
3.078877
6.446398
8.178266
7.216117
9.429060
2.790232
3.559951
1.347009
4.618315
4.810745
1.828083
3.078877
7.312332
7.889621
6.831258
3.848596
-0.673504
-1.731868
-2.116728
-3.463736
-4.714530
-2.116728
-2.020513
-0.288645
-2.597802
-2.020513
0.192430
2.886447
4.618315
1.635653
2.501587
2.116728
2.405372
-1.731868
-1.635653
-3.078877
-0.769719
-0.288645
-1.250794
1.731868
4.906960
4.906960
5.388034
5.869109
7.504762
7.697192
7.600977
6.157753
3.848596
3.656166
2.597802
4.137241
5.484249
2.694017
4.810745
5.388034
4.425885
-2.501587
-2.597802
-0.769719
1.250794
-1.828083
-8.563126
-6.542613
-5.195604
-6.446398
-7.408547
-7.023687
-4.329670
-0.481074
5.003175
4.329670
-0.481074
-4.906960
-5.869109
-4.810745
-2.116728
-1.828083
-6.350183
-8.178266
-6.927473
-7.023687
-5.003175
-6.735043
-0.288645
-1.250794
3.367521
0.962149
-1.154579
-3.944811
-4.522100
-5.003175
-7.697192
-7.023687
-8.659341
-5.869109
-6.350183
-4.810745
-3.656166
-5.676679
-0.577289
-2.309158
-5.869109
-7.697192
-6.446398
-5.676679
-5.388034
-3.463736
-4.714530
-5.388034
-3.559951
-3.559951
-10.679853
-7.697192
-5.580464
-5.580464
-5.484249
-5.291819
-4.137241
-2.020513
-8.466911
-1.539438
-1.250794
-0.865934
3.752381
2.790232
2.790232
1.347009
-0.288645
0.288645
-0.288645
-1.731868
-0.288645
0.096215
-3.367521
-3.463736
-6.831258
-2.982662
-1.347009
-1.635653
-3.559951
-3.078877
-2.212943
-2.982662
-5.869109
-3.175092
-0.769719
0.000000
1.154579
3.848596
5.676679
5.484249
4.714530
2.020513
0.769719
2.694017
0.481074
-1.635653
1.250794
2.694017
1.058364
3.559951
2.597802
-0.865934
-1.058364
0.769719
3.367521
3.752381
2.886447
4.618315
8.370696
5.003175
-2.116728
-3.848596
-0.962149
-0.384860
-3.559951
-3.078877
-2.597802
-2.020513
-2.886447
-1.058364
-2.309158
0.096215
-1.250794
0.288645
-0.673504
-0.096215
1.347009
2.597802
3.656166
0.481074
-0.865934
-1.731868
-1.154579
-0.192430
-0.769719
1.924298
-6.735043
0.865934
2.405372
0.962149
1.250794
4.233455
3.656166
0.962149
-2.790232
-3.271306
-1.924298
4.329670
6.446398
5.099389
5.195604
4.041026
5.291819
4.425885
2.309158
-0.865934
-2.597802
1.154579
0.000000
-0.962149
-1.828083
-0.096215
3.078877
5.484249
3.848596
3.656166
3.848596
2.694017
3.078877
4.233455
1.828083
0.192430
-0.384860
1.154579
1.539438
0.384860
-0.288645
-1.828083
-1.154579
0.481074
0.769719
-0.769719
-2.886447
-3.463736
-2.309158
-0.096215
2.790232
3.367521
4.906960
4.522100
4.522100
1.828083
0.096215
-0.865934
-1.250794
-1.924298
-3.559951
-3.656166
-0.192430
-1.347009
-0.096215
2.501587
3.559951
3.752381
1.539438
-0.769719
-0.288645
0.481074
3.752381
1.635653
-0.481074
-0.962149
-2.694017
-4.810745
-5.195604
-5.580464
-2.886447
-0.096215
2.212943
-1.731868
-4.425885
-3.656166
-0.384860
2.212943
2.405372
3.271306
1.635653
-0.481074
-5.003175
-10.294994
-20.397558
-8.947985
-2.694017
-0.577289
-1.635653
-0.962149
-0.096215
2.309158
0.577289
-1.250794
-7.504762
-12.989011
-11.738217
-10.679853
-7.504762
-3.944811
-2.597802
-1.731868
-5.003175
-2.886447
-0.096215
0.288645
0.962149
-0.384860
0.192430
0.673504
3.271306
3.078877
2.116728
1.731868
0.384860
0.481074
2.212943
-0.096215
-2.790232
-2.501587
0.000000
1.828083
1.539438
1.250794
4.041026
7.504762
5.965324
5.195604
-0.673504
-2.405372
-1.443223
-0.769719
0.865934
4.618315
6.253968
6.927473
4.618315
1.443223
-0.384860
-4.041026
-3.367521
-1.924298
0.673504
2.694017
1.924298
0.481074
0.288645
1.347009
0.769719
1.250794
0.481074
0.288645
-2.886447
-12.315507
-5.099389
-5.772894
-4.137241
-1.347009
1.924298
2.982662
4.618315
4.329670
2.501587
1.058364
2.309158
4.618315
2.116728
-2.405372
-5.580464
-7.793407
-14.239805
-2.790232
-3.463736
-1.539438
0.000000
4.041026
3.367521
5.195604
4.906960
3.175092
3.656166
5.772894
5.676679
6.350183
6.061538
5.869109
7.119902
5.965324
7.408547
6.446398
6.350183
5.099389
2.501587
-0.769719
-3.367521
-1.058364
-0.481074
-0.288645
-1.154579
-0.769719
-0.096215
-0.673504
-0.673504
-1.539438
0.096215
1.924298
0.192430
-0.288645
-0.481074
5.580464
6.735043
2.309158
-2.790232
-6.253968
-7.985836
-4.329670
1.154579
4.137241
1.250794
-2.694017
-5.772894
-4.522100
0.000000
3.944811
6.061538
5.291819
3.848596
4.041026
4.041026
4.522100
2.020513
0.288645
-7.889621
5.388034
8.466911
6.735043
2.405372
0.577289
-1.058364
-2.886447
-3.175092
-2.116728
-1.250794
-0.577289
0.962149
2.694017
3.944811
2.886447
2.694017
4.137241
3.271306
2.982662
1.539438
1.924298
0.481074
-1.731868
-2.020513
-0.673504
1.058364
-8.370696
5.195604
5.388034
7.697192
7.408547
5.772894
5.291819
2.694017
3.559951
2.309158
1.250794
2.597802
3.559951
3.944811
3.175092
1.731868
2.501587
4.906960
3.752381
-0.192430
-3.944811
-5.003175
-3.367521
-2.405372
-1.250794
-2.790232
-2.694017
-4.618315
-4.810745
-3.944811
-8.466911
-11.545788
-12.411722
-11.545788
-7.793407
-6.350183
-4.810745
-3.944811
-2.116728
-1.731868
-2.982662
-1.539438
-0.384860
-3.752381
-5.676679
-2.405372
-1.539438
-1.058364
-2.501587
-0.865934
-4.906960
-7.600977
-9.525275
-13.758730
-21.552137
-23.187790
-21.071062
-18.954335
-12.604151
-9.044200
-2.886447
-7.793407
0.962149
1.635653
2.212943
3.559951
2.501587
-1.924298
-4.522100
-4.233455
-5.869109
-1.635653
-5.195604
-8.755556
-8.563126
-7.504762
-7.216117
-6.350183
-6.735043
-6.157753
-3.463736
-0.577289
1.154579
0.769719
-4.618315
-6.253968
-9.236630
-7.312332
-6.927473
-5.869109
-2.694017
-2.694017
-1.347009
-2.597802
-4.137241
-3.848596
-3.367521
-4.041026
-5.003175
-5.869109
-3.367521
1.250794
3.367521
2.212943
1.731868
-0.481074
-2.790232
-1.443223
3.078877
4.233455
3.175092
1.539438
2.982662
3.656166
7.793407
8.178266
5.580464
3.367521
0.384860
2.790232
5.484249
6.542613
7.312332
7.985836
6.157753
4.137241
-0.865934
0.000000
1.539438
1.443223
1.250794
0.962149
-0.577289
-1.250794
-0.769719
-0.096215
1.443223
1.924298
-6.350183
3.848596
3.463736
3.752381
4.618315
2.790232
4.810745
10.872283
12.989011
10.968498
-1.250794
3.175092
3.367521
4.329670
4.522100
7.600977
8.563126
7.216117
8.466911
8.082051
7.504762
6.831258
7.697192
3.367521
-2.886447
-1.058364
4.233455
3.367521
3.175092
4.137241
7.216117
7.312332
8.178266
10.391209
9.332845
6.350183
2.116728
-0.769719
-2.309158
-1.058364
-0.096215
-2.405372
-5.003175
-3.656166
-3.271306
-1.828083
-0.962149
-0.769719
0.096215
0.769719
0.000000
1.731868
0.577289
0.769719
0.577289
2.982662
3.848596
2.116728
2.212943
6.061538
4.522100
4.137241
5.676679
2.982662
-2.116728
-5.869109
-6.350183
-5.580464
-5.003175
-3.656166
0.192430
3.367521
4.810745
4.618315
4.041026
4.137241
2.790232
1.250794
-2.597802
-3.944811
-4.425885
-6.061538
-5.484249
-5.099389
-4.810745
-5.676679
-4.425885
-5.099389
-5.388034
-2.212943
-1.154579
-3.944811
-4.714530
-1.443223
-0.769719
-5.484249
-7.119902
-7.023687
-3.848596
-1.154579
0.384860
-0.673504
-3.656166
-6.831258
-7.697192
-7.216117
-5.965324
-4.714530
-3.463736
-2.790232
-3.656166
-3.848596
-4.233455
-4.810745
-4.233455
-4.329670
-6.927473
-9.332845
-6.927473
-2.501587
0.288645
2.020513
-1.154579
-3.656166
-1.635653
-0.096215
-2.597802
-4.041026
-8.466911
-5.580464
-7.600977
2.116728
7.793407
6.253968
6.253968
5.003175
5.772894
4.810745
1.443223
0.288645
-1.250794
-2.405372
-3.367521
-3.559951
0.481074
5.291819
7.985836
8.082051
8.370696
7.889621
5.869109
2.212943
-1.828083
-2.501587
-2.116728
0.000000
2.116728
4.425885
7.600977
-2.597802
6.253968
4.618315
2.405372
-5.869109
-6.542613
-1.443223
0.288645
0.769719
3.463736
5.388034
5.772894
5.484249
5.676679
5.195604
0.962149
-1.250794
-3.175092
-4.329670
-7.504762
-5.003175
0.384860
2.501587
1.058364
-2.886447
0.000000
0.865934
1.154579
-1.347009
-3.175092
-2.309158
2.212943
4.425885
0.096215
-0.096215
2.020513
4.906960
2.694017
-0.769719
-3.367521
-2.886447
-3.078877
-2.694017
-1.443223
0.000000
2.501587
3.175092
2.212943
0.962149
1.635653
2.405372
2.886447
3.078877
2.116728
2.116728
0.673504
0.673504
0.769719
-0.096215
0.000000
1.058364
0.769719
1.250794
-3.559951
-1.828083
-0.865934
-1.347009
-5.291819
-4.618315
-3.367521
2.212943
4.233455
3.175092
6.542613
5.388034
3.078877
2.694017
-0.577289
-4.329670
-6.735043
-7.216117
-4.233455
-1.635653
3.463736
3.271306
0.192430
2.309158
3.752381
3.944811
1.443223
-3.463736
-7.312332
-9.140415
-6.927473
-2.597802
-0.673504
2.982662
2.405372
1.154579
-0.288645
-1.924298
-2.116728
-1.058364
-0.769719
-4.714530
-4.810745
-1.539438
0.000000
0.481074
1.635653
0.962149
