8.295482
5.594628
3.954823
3.279609
3.568987
3.472527
6.076923
4.822955
3.761905
5.787546
6.752137
6.076923
4.822955
4.244200
7.137973
6.752137
5.208791
4.147741
2.507937
0.000000
-0.482295
-1.736264
-2.893773
-2.893773
-6.366300
-5.594628
-6.559219
-6.076923
-3.954823
-0.482295
0.000000
0.192918
-2.604396
-0.482295
-0.578755
3.183150
7.041514
5.015873
0.578755
3.954823
2.797314
3.086691
0.289377
0.385836
1.929182
0.868132
0.192918
5.401709
4.919414
5.015873
3.472527
3.086691
1.929182
0.000000
-2.122100
-0.385836
-6.366300
-3.665446
-3.279609
-3.376068
-4.437118
-2.893773
-2.025641
-1.350427
-5.401709
-2.700855
-6.173382
-8.199023
-10.417582
-11.382173
-11.671551
-13.697192
-11.092796
-8.777778
-9.452991
-8.777778
-10.417582
-9.935287
-7.813187
-5.208791
-2.893773
-4.919414
-4.437118
-2.315018
-0.289377
3.665446
5.208791
7.716728
11.092796
13.890110
13.600733
14.275946
13.214896
12.057387
8.777778
11.478632
11.092796
6.848596
6.076923
5.498168
9.163614
5.208791
6.752137
4.630037
-0.289377
-2.122100
-2.893773
-1.929182
0.675214
2.122100
3.183150
-0.096459
-4.147741
-2.797314
1.253968
1.446886
3.183150
0.096459
2.990232
1.832723
1.253968
1.157509
0.964591
-3.472527
-2.025641
-6.173382
-6.269841
-9.935287
-5.691087
-6.366300
-8.102564
-11.092796
-11.768010
-14.275946
-9.549451
-9.260073
-9.645910
-6.366300
-4.630037
-2.700855
0.192918
3.761905
7.813187
4.822955
6.366300
6.462759
10.321123
8.777778
10.224664
5.787546
8.295482
6.559219
8.006105
2.700855
6.848596
7.234432
7.523810
3.279609
-0.096459
-4.147741
-4.630037
-4.244200
-1.639805
-3.279609
-4.244200
-5.498168
-1.639805
1.253968
8.777778
7.137973
5.691087
-2.218559
2.990232
0.578755
-1.543346
-4.630037
-3.376068
-4.147741
-6.752137
-11.092796
-7.620269
-12.153846
-10.128205
-11.092796
-3.086691
-3.086691
-0.289377
5.498168
5.112332
7.716728
9.645910
9.742369
13.214896
13.021978
16.398046
13.504274
12.732601
10.031746
11.285714
6.173382
8.874237
8.006105
7.716728
5.787546
7.909646
7.041514
8.874237
7.620269
7.041514
1.832723
1.446886
0.000000
-0.868132
0.675214
4.919414
-3.183150
-0.096459
0.192918
-0.192918
-6.076923
-3.954823
-3.472527
-6.076923
-8.102564
-7.523810
-10.996337
-8.681319
-12.539683
-12.829060
-10.803419
-12.636142
-12.443223
-9.163614
-5.691087
-2.893773
-6.655678
-3.568987
0.964591
2.122100
2.411477
2.990232
4.244200
5.884005
1.832723
-0.482295
4.822955
9.163614
9.838828
4.051282
2.507937
7.234432
9.935287
7.813187
2.218559
-1.157509
1.061050
1.832723
5.498168
6.462759
7.041514
2.315018
1.736264
4.147741
4.051282
1.929182
-1.253968
-1.253968
-1.639805
-5.594628
-4.533578
-6.173382
-1.446886
-2.315018
-1.253968
1.350427
1.543346
0.289377
-1.832723
-6.366300
-6.848596
-11.671551
-5.015873
-5.112332
0.385836
1.832723
6.366300
8.584860
11.864469
8.584860
6.269841
3.279609
7.330891
3.858364
3.376068
0.675214
4.533578
4.147741
3.183150
1.736264
8.488400
8.970696
6.559219
8.199023
11.671551
7.909646
8.777778
6.655678
3.472527
0.675214
-5.015873
-7.523810
-8.391941
-7.330891
-4.244200
-5.112332
-7.041514
-8.102564
-6.848596
-6.559219
-2.893773
-7.234432
-5.980464
-10.031746
-11.768010
-13.600733
-11.768010
-10.803419
-7.909646
-9.452991
-6.559219
-6.559219
-1.061050
1.157509
4.437118
1.350427
3.761905
4.919414
6.076923
0.385836
1.929182
-2.122100
-0.385836
-3.568987
-2.507937
-2.893773
-2.315018
-3.183150
1.061050
1.639805
5.112332
3.086691
3.376068
0.192918
-1.061050
-3.086691
-3.665446
-7.523810
-5.691087
-6.945055
-1.832723
-3.376068
-0.096459
-2.218559
-4.437118
-6.559219
-3.183150
0.000000
-1.350427
-7.137973
-8.970696
-5.015873
0.771673
-2.700855
-1.446886
-2.893773
-1.350427
-3.279609
-1.061050
-2.507937
-3.279609
-5.208791
-4.340659
-5.112332
-0.385836
2.507937
5.208791
6.462759
5.305250
4.147741
4.051282
-0.675214
-1.157509
-4.630037
-0.964591
-2.025641
7.041514
5.787546
4.919414
1.736264
6.752137
4.726496
3.761905
-0.868132
-3.376068
-7.716728
-9.163614
-13.118437
-9.935287
-11.478632
-8.199023
-7.909646
-7.330891
-2.990232
2.315018
-1.543346
0.000000
2.122100
4.437118
0.385836
0.675214
3.472527
9.935287
5.112332
8.681319
5.980464
9.838828
8.970696
7.909646
2.604396
0.578755
2.411477
9.452991
9.356532
12.539683
10.514042
14.083028
16.012210
17.459096
10.321123
8.970696
6.945055
4.533578
1.639805
2.218559
1.929182
5.208791
9.742369
9.163614
5.208791
4.147741
-0.578755
0.675214
2.604396
4.147741
2.025641
2.893773
4.630037
8.874237
5.401709
5.594628
2.315018
4.051282
2.411477
1.157509
-1.061050
0.000000
-2.025641
-0.192918
-3.568987
-3.858364
-2.315018
3.472527
-1.736264
-0.482295
3.086691
5.980464
5.401709
6.559219
6.848596
7.137973
-1.350427
0.385836
-1.736264
2.025641
-2.315018
-5.208791
-6.173382
-2.315018
-0.289377
-2.025641
-0.578755
3.086691
2.797314
9.838828
9.067155
6.848596
3.086691
3.568987
2.315018
2.893773
1.253968
-0.096459
0.385836
4.244200
4.051282
5.112332
-0.578755
1.253968
1.253968
1.253968
3.086691
5.401709
2.990232
8.391941
7.523810
5.112332
2.411477
1.639805
0.771673
-0.675214
-6.655678
-7.620269
-9.356532
-7.523810
-10.706960
-7.234432
-8.006105
-3.183150
0.385836
6.848596
5.498168
9.838828
8.488400
6.076923
-3.086691
-8.970696
-14.275946
-13.697192
-11.189255
-4.919414
-1.543346
-3.568987
-8.970696
-12.057387
-16.976801
-17.459096
-18.423687
-17.073260
-16.590965
-10.996337
-9.838828
-9.452991
-5.884005
-2.122100
-6.559219
-7.716728
-6.173382
-2.315018
3.086691
3.954823
2.025641
3.472527
4.340659
0.385836
-4.919414
-7.523810
-7.620269
-9.452991
-7.813187
-7.041514
-6.752137
-4.340659
0.385836
6.173382
9.935287
10.031746
9.260073
4.919414
1.446886
-3.376068
-9.067155
-13.214896
-13.890110
-16.301587
-13.793651
-13.986569
-8.777778
-7.716728
-6.366300
-10.224664
-7.523810
-4.533578
-4.919414
-9.356532
-10.417582
-10.128205
-8.874237
-7.330891
-2.025641
0.192918
2.122100
2.604396
6.173382
4.533578
4.726496
-0.096459
-2.122100
-8.970696
-13.021978
-14.951160
-9.549451
-7.813187
-3.086691
0.192918
6.173382
8.295482
8.777778
10.321123
13.214896
10.224664
10.514042
8.295482
5.305250
1.446886
3.183150
0.385836
0.385836
-1.639805
-2.507937
-2.218559
-0.675214
-4.147741
-4.437118
-5.015873
-0.964591
-1.736264
1.350427
4.340659
8.488400
7.137973
7.041514
1.929182
0.578755
-4.147741
-6.173382
-5.401709
-5.980464
-6.366300
-1.639805
0.385836
3.376068
4.340659
6.559219
7.234432
5.015873
0.964591
3.376068
4.051282
5.208791
2.797314
4.533578
5.498168
5.594628
6.655678
5.980464
3.376068
-2.315018
-3.858364
-1.639805
-0.771673
-0.578755
-1.446886
-1.639805
-2.025641
-3.183150
0.385836
4.726496
6.559219
7.137973
7.234432
8.681319
9.163614
3.858364
-0.482295
-5.305250
-6.366300
-2.025641
2.218559
3.183150
0.578755
1.736264
-0.385836
-0.482295
0.868132
-0.192918
-0.868132
-1.736264
-0.578755
0.385836
3.568987
5.015873
4.147741
3.858364
3.279609
4.822955
3.954823
1.929182
0.578755
2.411477
1.543346
4.437118
5.980464
2.025641
2.797314
2.990232
4.533578
7.813187
6.269841
7.620269
8.681319
10.031746
10.610501
6.655678
4.533578
5.884005
6.269841
2.990232
1.446886
-2.122100
-3.279609
-3.954823
-0.385836
-1.832723
-2.893773
-4.051282
-1.736264
-2.122100
-1.446886
-3.279609
-1.736264
1.446886
1.350427
2.411477
2.218559
1.929182
2.604396
3.279609
-0.578755
-3.376068
-5.691087
-5.594628
-3.279609
-8.681319
-5.498168
-4.919414
2.893773
2.990232
1.446886
-2.893773
-2.218559
-5.787546
-4.726496
-5.305250
0.964591
3.472527
-0.096459
-2.893773
-5.884005
-7.909646
-6.945055
-7.813187
-3.761905
-4.244200
-2.507937
-1.736264
1.446886
-0.578755
1.543346
-1.350427
-2.507937
-7.041514
-5.305250
-5.208791
-1.253968
1.157509
1.446886
0.385836
2.218559
1.350427
1.543346
0.096459
4.437118
5.112332
3.086691
-1.446886
0.964591
-0.675214
-3.086691
-2.025641
4.051282
3.761905
2.990232
0.771673
1.543346
-0.964591
-1.929182
-3.279609
0.868132
0.771673
2.218559
2.411477
5.498168
2.700855
1.157509
-2.315018
0.289377
0.096459
0.675214
-1.157509
-1.736264
-1.639805
-0.578755
-1.446886
-1.929182
-4.437118
-4.051282
-3.279609
-3.376068
-3.279609
0.385836
-0.482295
0.771673
-1.061050
-0.964591
-1.929182
-1.157509
-6.366300
-3.376068
-6.076923
-6.173382
-8.488400
-4.822955
-3.665446
-1.446886
-2.411477
1.832723
1.929182
-0.675214
-5.208791
-3.858364
-8.102564
-8.488400
-10.417582
-3.376068
-4.147741
-4.244200
-3.376068
1.736264
-0.771673
-5.208791
-11.864469
-7.427350
-4.340659
-4.051282
-7.427350
-3.665446
-0.868132
-0.482295
-5.691087
-5.980464
-7.234432
-2.315018
-1.157509
0.096459
-0.964591
0.385836
-0.289377
0.385836
-0.096459
3.665446
4.147741
5.691087
0.868132
-1.061050
-0.675214
0.289377
-0.771673
1.832723
1.253968
2.025641
-1.157509
-0.771673
-0.385836
1.736264
-0.675214
-2.797314
-5.594628
-5.787546
-4.630037
-0.289377
-4.340659
-1.832723
-3.761905
-0.289377
-1.929182
-1.253968
-3.279609
-2.411477
-2.122100
2.411477
2.990232
4.437118
4.919414
6.848596
2.700855
3.183150
2.411477
0.675214
-0.385836
1.157509
2.797314
6.366300
4.822955
8.777778
6.366300
3.954823
3.279609
0.385836
-6.076923
-5.980464
-9.838828
-7.330891
-4.822955
0.096459
-1.350427
1.929182
2.893773
7.716728
5.112332
3.279609
0.385836
0.385836
-4.533578
-4.437118
-7.234432
-4.822955
-8.391941
-6.655678
-5.884005
-1.157509
-5.015873
-5.112332
-7.041514
-5.305250
-7.813187
-8.295482
-6.366300
-2.604396
-1.736264
2.025641
1.253968
2.604396
-3.376068
-2.122100
-5.015873
-5.787546
-6.366300
-6.655678
-7.523810
-2.797314
-5.787546
-0.771673
-0.192918
-0.192918
0.385836
2.025641
0.289377
5.112332
1.929182
3.472527
0.385836
2.700855
2.797314
5.015873
4.051282
4.437118
0.868132
1.929182
0.385836
4.822955
5.498168
6.752137
4.244200
5.112332
5.594628
6.366300
2.700855
3.376068
3.183150
7.330891
6.462759
5.691087
1.929182
0.868132
0.192918
0.578755
-0.482295
3.954823
3.183150
4.919414
5.401709
7.523810
7.620269
6.076923
1.157509
-0.385836
-2.315018
-0.192918
0.192918
4.340659
1.157509
3.183150
1.736264
3.954823
4.630037
4.051282
0.385836
-2.700855
-5.015873
-1.061050
-1.350427
0.096459
-0.675214
3.858364
4.726496
9.935287
6.269841
9.838828
3.568987
1.736264
-0.289377
0.578755
-2.507937
0.192918
-2.122100
-1.446886
-1.832723
-1.929182
-0.289377
3.086691
1.061050
1.832723
-2.700855
0.964591
2.990232
2.507937
-1.543346
-1.929182
-3.761905
-4.630037
-7.041514
-2.893773
-5.401709
-7.330891
-7.427350
-8.777778
-7.041514
-4.630037
-9.549451
-4.726496
-9.260073
-6.269841
-2.893773
1.157509
-1.061050
8.584860
13.021978
16.205128
14.372405
10.996337
6.269841
2.122100
0.868132
0.385836
0.385836
4.822955
5.884005
11.671551
13.214896
14.179487
11.478632
10.610501
8.102564
9.935287
7.620269
6.752137
8.295482
11.478632
6.655678
6.559219
6.462759
8.681319
3.279609
1.446886
1.157509
4.340659
1.736264
5.112332
1.157509
2.411477
0.868132
2.218559
3.858364
6.848596
3.665446
5.594628
4.437118
2.122100
2.507937
1.446886
0.868132
5.498168
4.340659
4.533578
3.472527
2.893773
7.234432
5.691087
0.385836
3.568987
3.568987
3.761905
5.787546
4.244200
2.797314
2.507937
1.929182
0.000000
0.385836
0.868132
3.568987
5.691087
7.620269
7.234432
6.559219
5.305250
6.559219
2.604396
5.884005
5.787546
3.086691
-1.639805
-0.771673
1.832723
4.630037
5.015873
5.884005
1.736264
0.771673
0.964591
1.929182
0.868132
5.498168
4.244200
3.954823
0.964591
3.183150
-1.061050
-4.533578
-6.366300
-3.761905
-2.797314
2.990232
0.868132
4.533578
3.086691
3.858364
5.691087
5.691087
3.472527
7.137973
3.568987
7.330891
2.797314
3.279609
3.376068
3.183150
0.385836
0.771673
-2.990232
-0.868132
-3.279609
0.192918
-1.832723
2.893773
3.954823
4.340659
0.385836
0.868132
-1.446886
-3.086691
-7.234432
-6.366300
-8.584860
-6.366300
-4.919414
0.000000
2.218559
2.797314
1.639805
2.507937
-0.482295
-1.832723
-5.208791
-3.183150
-0.771673
-0.289377
-1.736264
-0.964591
-4.051282
-2.315018
-5.112332
-4.051282
-5.112332
-2.990232
-1.929182
-2.315018
-5.401709
-4.822955
-6.462759
-5.208791
-7.427350
-3.183150
-2.507937
-2.797314
-5.594628
-0.578755
-3.665446
-2.797314
-1.446886
-0.868132
-3.665446
-2.315018
-5.498168
-4.919414
-5.787546
-4.051282
-8.295482
-8.777778
-5.787546
-4.919414
-8.006105
-4.630037
-4.244200
-2.411477
-5.594628
-4.051282
-3.183150
-0.675214
-1.929182
-0.868132
-2.604396
-4.051282
-7.620269
-8.295482
-6.848596
-2.797314
-0.964591
-2.411477
-3.954823
-0.868132
-2.507937
-1.543346
-1.543346
0.964591
-2.990232
-4.630037
-3.472527
-3.858364
-2.604396
-0.964591
-1.639805
-2.122100
-2.315018
3.568987
-3.086691
-5.015873
-5.787546
-5.015873
-4.147741
-1.929182
-2.797314
-0.482295
-2.122100
-0.192918
-3.665446
1.157509
0.385836
1.639805
-2.700855
-1.061050
1.253968
4.340659
1.350427
1.543346
-3.665446
-0.482295
-4.630037
-1.832723
-6.848596
-5.980464
-7.427350
-4.051282
-3.472527
-1.446886
-5.112332
-3.665446
-4.919414
-2.604396
-2.990232
-0.192918
-3.376068
-4.822955
-4.340659
-1.061050
-3.376068
-1.446886
-1.350427
2.507937
1.543346
-0.385836
-3.858364
-0.675214
-2.893773
-2.218559
-6.559219
-5.594628
-5.015873
-5.401709
-2.025641
-1.350427
-2.411477
-0.868132
-2.122100
0.964591
-0.289377
0.964591
1.157509
0.096459
-0.964591
4.051282
1.929182
3.279609
-2.893773
0.385836
-1.253968
-0.289377
1.350427
5.594628
2.990232
1.736264
2.122100
4.630037
1.157509
3.858364
2.893773
3.086691
-4.051282
-2.990232
-3.568987
-0.868132
-2.990232
-2.218559
-1.736264
0.096459
-2.507937
-1.253968
-1.061050
1.253968
0.964591
5.498168
6.462759
7.620269
9.645910
10.031746
7.909646
5.787546
4.340659
5.787546
0.964591
4.340659
4.822955
6.269841
2.122100
5.112332
2.218559
1.157509
-0.482295
2.797314
5.112332
3.665446
3.472527
8.102564
9.163614
7.330891
4.244200
5.980464
1.832723
1.061050
-2.893773
-0.289377
0.675214
2.122100
2.218559
4.726496
0.385836
2.797314
-2.218559
0.964591
-0.289377
0.289377
-1.061050
0.771673
1.253968
3.761905
2.025641
5.015873
1.639805
4.244200
2.315018
2.700855
1.639805
3.376068
5.401709
6.848596
3.086691
6.366300
5.980464
5.884005
2.315018
3.568987
3.858364
3.376068
2.797314
3.183150
0.964591
5.015873
1.736264
2.893773
-2.218559
0.771673
-1.446886
-5.112332
-7.523810
-2.025641
-2.893773
-2.797314
-4.244200
0.192918
-1.832723
-1.350427
-2.604396
-1.253968
-3.568987
-2.025641
-5.980464
-3.472527
-4.437118
-3.761905
-2.604396
0.868132
-0.868132
1.832723
-0.482295
-0.675214
0.385836
5.208791
5.015873
1.929182
2.797314
5.208791
4.437118
3.761905
1.253968
1.061050
-0.482295
2.122100
0.771673
3.279609
5.594628
4.919414
0.096459
1.253968
-0.096459
2.700855
4.533578
4.533578
2.990232
4.726496
3.376068
1.832723
-3.183150
-4.340659
-4.340659
-1.929182
-2.507937
0.675214
-1.061050
-0.096459
-0.192918
3.376068
0.000000
-0.771673
0.385836
1.061050
-2.604396
-0.964591
-0.771673
0.385836
-7.716728
0.096459
3.376068
1.929182
-3.376068
-1.736264
3.086691
1.736264
0.578755
6.076923
4.244200
3.376068
-2.990232
-1.736264
-5.112332
-6.462759
-8.006105
-6.848596
-6.173382
-3.279609
-7.716728
-7.041514
-7.523810
-2.797314
-5.691087
-3.954823
-5.015873
-3.183150
-0.289377
-0.096459
-2.604396
-0.868132
-3.665446
-4.051282
-9.452991
-7.909646
-11.960928
-9.645910
-10.514042
-9.549451
-11.575092
-6.945055
-4.822955
-3.472527
-1.929182
0.385836
-1.061050
-1.446886
-5.691087
-8.102564
-11.960928
-14.275946
-15.722833
-13.311355
-14.179487
-6.269841
-2.122100
2.990232
2.218559
1.929182
2.700855
3.761905
2.797314
-0.771673
1.157509
0.385836
-1.253968
-0.771673
-0.482295
1.639805
-1.157509
1.543346
1.543346
4.726496
2.507937
4.051282
4.726496
7.909646
3.761905
4.630037
5.112332
10.514042
14.372405
12.250305
8.006105
5.691087
5.980464
1.253968
-2.893773
-4.340659
-1.543346
0.289377
2.700855
4.437118
4.147741
8.777778
10.224664
8.681319
5.980464
0.096459
-1.350427
0.385836
3.376068
3.279609
1.543346
2.218559
2.025641
2.507937
-0.964591
-2.700855
-0.385836
2.025641
3.954823
4.147741
3.665446
3.279609
2.700855
5.305250
4.340659
5.594628
4.822955
7.330891
5.498168
2.990232
2.700855
0.675214
1.253968
-0.578755
0.771673
-1.350427
-1.832723
-2.700855
-5.015873
-2.218559
-4.147741
-0.868132
0.289377
1.350427
1.157509
2.700855
3.376068
3.279609
0.964591
0.675214
1.929182
0.964591
1.446886
2.700855
2.990232
0.868132
2.990232
3.183150
2.122100
2.893773
2.315018
5.015873
4.533578
4.147741
6.269841
8.102564
8.681319
5.594628
8.391941
9.163614
12.057387
12.153846
12.732601
12.057387
11.285714
8.199023
6.848596
3.279609
5.498168
3.954823
6.076923
8.006105
11.382173
11.285714
9.935287
7.909646
6.945055
8.199023
8.874237
4.822955
5.305250
4.437118
4.630037
2.315018
2.893773
-0.675214
3.761905
5.594628
6.945055
3.472527
5.401709
1.736264
0.192918
1.736264
3.665446
0.578755
2.604396
1.157509
4.533578
0.289377
4.340659
5.980464
6.173382
5.691087
4.437118
2.990232
4.340659
1.157509
1.061050
-0.192918
2.218559
-1.446886
2.604396
3.472527
6.462759
4.244200
6.076923
5.112332
7.330891
5.208791
5.980464
6.655678
5.305250
0.385836
1.736264
-0.289377
3.279609
0.192918
4.147741
3.858364
6.366300
4.822955
6.269841
2.604396
-0.675214
-0.868132
-1.061050
-0.289377
0.289377
1.157509
2.411477
2.507937
3.086691
-0.868132
-2.893773
-0.192918
4.244200
0.868132
-1.061050
-4.051282
-4.726496
-5.305250
-5.980464
-2.990232
1.736264
3.183150
2.507937
1.446886
-0.482295
0.385836
1.639805
-0.289377
1.929182
7.523810
9.067155
7.909646
8.681319
11.285714
8.488400
5.594628
6.269841
2.507937
-1.639805
1.446886
8.295482
6.173382
-2.315018
-4.726496
2.315018
5.980464
-0.964591
-0.578755
2.218559
6.366300
5.787546
9.549451
8.488400
6.366300
3.858364
3.665446
-0.578755
-3.472527
-4.533578
4.147741
3.086691
5.401709
5.305250
7.041514
2.990232
-0.289377
-2.507937
-2.604396
-6.848596
-7.234432
-4.533578
0.771673
1.061050
5.208791
5.884005
10.321123
7.620269
6.752137
5.980464
4.822955
-0.578755
-3.568987
-3.568987
-1.543346
-2.315018
-1.639805
-5.980464
-5.112332
-5.112332
-5.498168
-6.462759
-5.884005
-6.945055
-7.523810
-6.269841
0.000000
-2.604396
-4.630037
-5.691087
-3.858364
-4.051282
-3.279609
-4.340659
0.385836
-3.954823
-4.147741
-8.488400
-6.945055
-8.488400
-7.909646
-8.006105
-7.523810
-7.909646
-7.137973
-6.559219
-0.964591
-3.761905
-1.736264
1.543346
3.279609
-3.954823
-2.893773
-6.269841
-3.858364
-4.051282
-1.543346
0.385836
3.376068
5.594628
6.076923
5.498168
1.736264
-4.630037
-0.771673
-0.964591
3.183150
2.893773
5.401709
6.269841
6.848596
1.350427
-3.086691
-8.681319
-9.067155
-6.848596
-2.025641
-2.122100
-4.533578
-2.218559
1.253968
-0.192918
0.000000
-1.543346
0.289377
-4.051282
-1.639805
-4.147741
-4.822955
-7.041514
-3.954823
-1.832723
-6.848596
-8.777778
-5.112332
-2.507937
-5.594628
-5.594628
-5.015873
-2.122100
-3.086691
0.096459
1.446886
3.472527
4.533578
2.893773
6.366300
1.253968
-3.568987
-6.366300
-3.858364
-3.858364
-1.061050
-0.192918
1.832723
4.630037
9.935287
9.645910
9.452991
9.356532
4.726496
-0.964591
0.385836
-7.909646
-2.893773
-0.289377
0.771673
-1.253968
2.990232
10.321123
13.504274
9.935287
8.006105
11.092796
9.935287
2.893773
1.446886
2.507937
5.015873
-0.192918
3.568987
10.321123
14.854701
10.417582
11.189255
9.260073
6.848596
6.173382
8.488400
9.645910
8.391941
7.041514
12.829060
12.732601
13.600733
5.691087
6.945055
18.905983
3.954823
16.976801
9.742369
15.722833
3.858364
0.868132
8.391941
7.330891
5.401709
4.147741
6.269841
1.253968
2.893773
3.665446
6.945055
7.041514
