-0.819780
3.552381
6.284982
8.653236
2.277167
4.827595
5.556288
10.566056
8.835409
6.649328
6.649328
6.740415
6.011722
7.469109
9.928449
10.019536
7.560195
3.552381
2.550427
-1.548474
1.457387
0.819780
-1.730647
-1.821734
2.823687
8.288889
6.922589
5.374115
1.639560
1.912821
3.188034
-1.548474
-5.009768
0.273260
-0.273260
1.821734
3.279121
4.098901
10.383883
9.290842
10.110623
7.924542
3.916728
2.914774
1.184127
-0.819780
-1.548474
-0.546520
-1.366300
0.546520
0.819780
2.186081
5.191941
6.740415
4.554335
-2.277167
-2.823687
2.459341
-1.093040
-7.833455
-7.651282
-1.457387
4.372161
3.825641
2.550427
-3.643468
-0.637607
-1.821734
-6.376068
-6.831502
-3.916728
-8.288889
-10.019536
-9.199756
-4.098901
-2.459341
-1.821734
-1.548474
0.091087
-3.734554
-5.283028
-5.283028
-2.823687
-2.914774
-0.637607
2.823687
7.195849
9.746276
6.740415
3.370208
0.910867
-2.277167
-2.641514
2.368254
0.364347
0.000000
1.548474
4.372161
6.284982
1.457387
-0.273260
3.552381
1.366300
-2.641514
-4.554335
-0.910867
4.007814
0.273260
-1.001954
0.910867
4.281074
4.281074
1.366300
-3.279121
-7.195849
-5.738462
-3.825641
-6.740415
-4.372161
-1.457387
2.459341
3.461294
-1.639560
2.550427
0.455433
-1.548474
-2.003907
2.094994
1.366300
2.732601
0.364347
-1.639560
-0.910867
-3.552381
-7.560195
-0.182173
-3.188034
-2.823687
-5.465201
-3.279121
-4.554335
-3.461294
1.548474
-2.186081
-1.548474
-3.005861
-3.096947
-3.461294
-4.645421
-4.918681
-6.649328
-5.829548
-9.381929
-11.932357
-7.833455
0.182173
1.639560
-4.098901
-5.009768
-0.091087
4.007814
1.457387
-4.098901
-3.279121
-2.914774
-4.918681
-4.372161
-4.918681
-4.372161
-0.637607
3.188034
6.284982
7.469109
1.184127
-4.098901
-5.920635
-1.912821
-2.550427
-5.100855
-2.459341
-2.641514
-0.819780
-2.732601
4.463248
5.465201
5.738462
4.736508
3.916728
2.277167
-3.279121
-2.459341
-1.912821
-2.186081
1.275214
0.000000
0.546520
0.728694
0.910867
0.546520
2.186081
0.182173
-0.910867
-0.091087
6.558242
5.465201
1.912821
0.910867
0.364347
-2.459341
-7.560195
-7.195849
-2.003907
-4.645421
-6.193895
-7.286935
-2.277167
-4.098901
-1.730647
-3.734554
-4.098901
-6.193895
-8.106716
-4.463248
-4.189988
-7.286935
-5.556288
-6.284982
-5.374115
-4.007814
-1.912821
-2.823687
-2.459341
-1.366300
-0.455433
2.003907
-0.364347
-1.912821
-2.641514
-4.281074
-3.279121
-4.736508
-9.108669
-8.562149
-6.467155
-1.639560
2.641514
1.639560
-1.366300
-4.098901
-1.730647
-4.736508
-8.379976
-4.098901
-2.368254
1.093040
0.819780
-0.091087
5.647375
4.554335
1.548474
-2.094994
0.273260
-4.827595
-1.275214
-0.728694
4.281074
6.740415
3.188034
2.368254
0.728694
3.096947
3.005861
2.003907
2.094994
2.914774
3.916728
5.009768
1.821734
3.279121
4.098901
2.094994
-2.641514
-2.277167
-2.003907
-7.195849
-4.281074
-3.005861
1.366300
8.744322
9.381929
10.383883
10.110623
6.102808
1.093040
1.457387
-1.275214
-2.823687
-3.279121
-0.182173
5.100855
3.370208
4.918681
7.286935
6.011722
4.189988
1.548474
-1.001954
2.732601
5.647375
4.645421
5.283028
3.825641
2.641514
2.914774
1.366300
1.821734
3.005861
7.924542
11.294750
11.021490
9.017582
3.005861
0.728694
1.366300
0.728694
1.093040
3.096947
9.746276
15.666911
13.025397
4.372161
4.189988
0.637607
1.548474
1.730647
-0.273260
-0.546520
1.184127
12.296703
14.847131
11.932357
10.474969
4.918681
1.093040
2.186081
3.734554
1.639560
4.098901
8.744322
11.841270
12.661050
8.744322
9.108669
10.566056
8.015629
4.007814
-0.182173
-1.457387
3.188034
3.005861
7.104762
5.920635
8.471062
9.290842
6.740415
6.649328
3.279121
1.093040
2.368254
-1.457387
2.003907
1.184127
2.550427
5.009768
11.750183
11.203663
4.736508
2.368254
5.374115
4.007814
3.552381
3.461294
3.005861
9.928449
12.752137
15.484737
14.118437
11.385836
11.476923
7.013675
6.467155
8.197802
4.645421
5.283028
5.283028
8.288889
8.106716
12.569963
11.112576
5.191941
5.647375
8.835409
11.659096
10.110623
8.835409
4.918681
6.011722
8.744322
8.106716
4.918681
3.643468
2.277167
3.552381
1.366300
4.189988
7.560195
9.381929
3.734554
5.465201
4.463248
4.736508
5.374115
2.459341
2.368254
3.461294
5.647375
6.376068
2.368254
5.100855
3.643468
6.831502
6.193895
3.188034
4.645421
5.100855
4.281074
6.558242
3.825641
-3.461294
-4.736508
-3.916728
-4.281074
-3.916728
-0.910867
-5.100855
-4.007814
-0.819780
2.550427
-2.550427
-0.364347
-1.001954
2.641514
1.275214
-5.100855
-11.112576
-7.286935
1.730647
0.819780
-0.728694
-4.827595
-5.465201
-0.637607
1.093040
-3.734554
-7.195849
-6.922589
-7.469109
-7.651282
-8.197802
-4.918681
-1.457387
0.546520
2.914774
2.003907
-2.368254
-5.465201
-2.823687
-3.188034
-2.641514
-0.637607
-0.728694
-1.548474
-1.001954
-0.910867
-3.279121
-3.096947
-1.001954
-1.639560
-0.273260
0.091087
0.910867
2.550427
-1.093040
0.182173
-4.098901
-0.182173
-5.647375
-2.914774
-3.279121
-5.283028
-3.279121
0.728694
-4.827595
-11.476923
-10.019536
-4.554335
2.094994
2.368254
-3.461294
0.182173
-7.833455
-4.918681
-8.106716
-3.096947
-4.736508
-6.102808
-8.562149
-5.100855
-0.728694
0.910867
-3.279121
-8.106716
-9.564103
-5.738462
-2.914774
-1.184127
-3.916728
-4.736508
-5.738462
-4.645421
-4.554335
0.091087
-0.728694
-1.730647
4.372161
6.467155
5.191941
-0.273260
-4.645421
-8.015629
-4.463248
-0.728694
-1.457387
-3.916728
-1.093040
2.368254
3.005861
0.819780
-3.096947
-2.823687
-0.819780
-0.273260
2.459341
6.284982
6.193895
4.007814
4.007814
-2.823687
-6.376068
-7.013675
1.093040
8.926496
6.284982
11.568010
9.108669
8.288889
4.372161
4.372161
3.461294
2.914774
3.005861
8.926496
17.124298
19.219292
15.575824
12.569963
3.005861
-3.188034
-5.556288
1.457387
1.912821
5.283028
6.649328
7.833455
8.562149
3.096947
0.728694
-1.275214
-0.364347
2.368254
2.459341
6.558242
8.653236
6.284982
7.378022
6.649328
6.193895
2.641514
2.732601
1.912821
1.001954
2.094994
9.655189
10.657143
8.106716
4.554335
3.552381
2.732601
0.182173
-2.277167
3.279121
4.554335
6.558242
4.189988
3.643468
1.184127
-1.639560
-3.096947
-0.910867
1.457387
2.914774
7.378022
2.550427
4.098901
4.554335
3.370208
1.730647
0.000000
-6.284982
-11.659096
-12.661050
-9.017582
-2.003907
0.728694
0.910867
1.457387
-3.552381
-5.556288
2.459341
4.463248
-1.821734
-6.467155
-7.195849
-5.556288
0.000000
2.641514
4.372161
7.104762
8.744322
8.835409
6.740415
0.273260
-7.104762
-8.379976
-7.286935
-6.011722
-1.275214
4.007814
1.366300
-2.186081
-5.100855
0.182173
1.093040
-2.186081
-11.021490
-13.116484
-16.851038
-18.763858
-9.655189
-10.201709
-9.199756
-6.649328
-9.017582
-7.013675
-6.102808
-6.193895
-9.108669
-14.482784
-14.482784
-12.114530
-10.292796
-9.746276
-5.556288
-3.734554
-1.093040
0.455433
0.182173
-3.916728
-5.738462
-7.742369
-5.283028
-2.186081
-4.098901
-1.001954
1.639560
3.552381
-0.182173
0.910867
2.823687
6.922589
3.005861
1.001954
-1.184127
-4.372161
-5.283028
-6.649328
-2.732601
-4.189988
-5.738462
-3.643468
-0.910867
-1.001954
1.821734
-1.639560
3.916728
0.546520
-0.273260
-4.554335
-5.647375
0.728694
2.641514
2.003907
4.007814
3.825641
3.916728
0.728694
-3.552381
-6.011722
-4.281074
-1.275214
-1.912821
2.550427
3.643468
3.643468
2.641514
4.098901
5.647375
7.104762
4.372161
1.093040
-1.457387
-3.188034
-5.374115
-11.568010
-9.381929
-7.286935
-4.281074
0.819780
1.275214
7.560195
4.098901
3.643468
3.096947
-0.455433
-1.821734
-1.639560
-3.461294
-5.738462
-3.916728
-1.184127
0.273260
-1.548474
2.914774
6.831502
5.374115
1.001954
-1.548474
-4.189988
-5.100855
-8.835409
-9.655189
-9.290842
-4.827595
-2.277167
1.548474
2.914774
5.283028
7.469109
5.920635
3.279121
-1.366300
-1.639560
0.000000
0.364347
-1.001954
-2.003907
0.728694
1.639560
0.273260
5.100855
3.825641
0.910867
-1.366300
-3.734554
-5.100855
-4.827595
-1.457387
0.273260
-1.912821
2.277167
7.651282
9.290842
6.011722
4.189988
2.823687
1.366300
-2.277167
-0.728694
1.366300
2.823687
6.102808
7.104762
10.110623
5.283028
1.548474
3.005861
3.279121
0.000000
-3.005861
-2.277167
2.094994
4.281074
1.184127
-2.732601
-4.007814
-9.381929
-8.471062
-10.930403
-9.108669
-10.110623
-8.926496
-6.922589
-5.556288
-4.007814
0.182173
0.000000
-2.550427
-6.102808
-3.552381
-5.738462
-5.829548
-10.930403
-9.290842
-6.102808
-2.641514
-5.647375
-8.015629
-4.372161
-3.825641
-2.094994
-5.283028
-8.288889
-6.102808
-2.732601
-0.182173
-2.186081
-7.195849
-8.015629
-7.924542
-10.292796
-11.021490
-3.370208
-5.100855
-2.823687
-0.182173
4.918681
1.821734
0.273260
-1.548474
-2.186081
-1.548474
-1.912821
-3.005861
-6.284982
-5.829548
-6.102808
-3.825641
-1.366300
1.093040
3.279121
1.093040
-1.366300
0.182173
2.094994
-1.548474
-2.550427
2.732601
5.738462
1.639560
0.091087
4.463248
7.560195
6.649328
3.916728
2.003907
-3.552381
-2.732601
0.000000
2.368254
4.554335
5.829548
3.096947
6.467155
6.011722
1.093040
2.459341
1.001954
-4.189988
-5.920635
-0.910867
-1.912821
3.279121
5.009768
5.374115
4.918681
5.556288
3.916728
-2.732601
-5.374115
-4.463248
-1.639560
3.461294
4.736508
4.827595
2.368254
8.471062
5.374115
4.007814
-0.091087
-2.550427
-6.102808
-6.649328
-6.740415
-3.916728
1.001954
1.457387
3.734554
4.281074
-0.637607
-6.284982
-8.197802
-6.740415
-0.182173
0.910867
1.548474
2.459341
2.277167
-1.184127
-1.730647
-3.370208
-3.734554
2.277167
2.186081
-0.637607
-1.366300
-1.821734
2.641514
1.093040
4.007814
2.914774
-0.728694
1.548474
5.009768
6.376068
-0.910867
5.374115
4.281074
6.011722
11.021490
9.746276
7.469109
2.550427
-0.637607
4.463248
10.839316
10.657143
9.473016
7.560195
8.379976
9.381929
13.025397
11.568010
7.560195
6.922589
9.199756
10.201709
5.556288
6.467155
12.387790
12.569963
15.666911
19.674725
17.124298
17.852991
11.750183
6.922589
6.649328
4.007814
6.922589
6.922589
15.757998
19.492552
18.126252
17.488645
17.670818
19.128205
12.661050
9.837363
4.281074
7.013675
12.661050
16.486691
15.575824
14.209524
9.928449
9.108669
8.106716
1.366300
0.364347
1.275214
4.463248
3.643468
1.093040
-1.912821
-3.552381
-4.645421
-0.637607
-0.546520
-2.368254
-2.550427
-0.910867
0.455433
4.736508
7.104762
4.463248
-0.273260
-3.825641
-7.560195
-12.569963
-10.748230
-8.379976
-7.924542
-7.560195
-3.188034
-1.457387
-4.736508
-5.556288
-0.546520
-0.182173
-5.374115
-8.197802
-13.571917
-13.663004
-8.653236
-4.645421
-2.459341
-0.819780
1.548474
3.005861
-1.548474
-0.728694
-1.912821
-7.378022
-7.013675
-4.189988
-6.467155
-8.015629
-6.376068
-3.096947
-0.819780
-0.091087
-3.005861
-5.009768
-1.457387
-5.009768
-7.560195
-6.649328
-2.368254
-2.732601
-3.096947
2.277167
3.643468
6.649328
7.924542
5.009768
1.366300
-3.552381
-7.469109
-3.188034
-0.182173
-3.096947
-5.556288
-1.184127
0.546520
2.823687
0.819780
-3.005861
-3.734554
-4.645421
-2.823687
-4.736508
-8.562149
-7.013675
-4.098901
-5.829548
-1.821734
0.546520
-5.009768
-9.928449
-10.839316
-7.013675
-7.195849
-7.651282
-6.376068
-8.926496
-6.376068
-2.914774
-1.912821
-4.281074
-4.554335
-3.825641
-7.742369
-7.651282
-5.283028
-0.273260
2.094994
3.188034
-0.728694
-3.552381
-2.914774
-2.641514
-3.370208
-4.918681
-2.094994
-3.461294
-4.736508
-1.548474
-0.091087
0.182173
2.732601
0.364347
-2.094994
0.091087
-1.821734
-4.189988
-5.920635
-3.005861
1.730647
2.186081
-0.728694
0.000000
-2.368254
-2.368254
-4.372161
-4.007814
0.728694
3.734554
3.461294
7.104762
3.825641
-0.182173
-2.368254
-3.096947
-0.364347
2.003907
-0.182173
-1.001954
0.364347
0.637607
0.728694
3.370208
0.728694
-2.368254
-3.734554
-2.186081
-2.641514
-3.734554
-1.093040
-1.093040
-1.730647
-3.734554
-2.368254
-2.186081
-4.007814
-3.461294
-1.730647
-3.734554
-2.641514
-2.003907
-0.546520
-2.003907
-2.094994
-1.821734
0.091087
1.275214
1.457387
3.461294
3.825641
2.277167
5.465201
5.829548
2.914774
4.098901
4.189988
4.372161
1.366300
0.910867
2.641514
2.277167
-0.728694
1.366300
3.370208
-0.819780
-1.184127
-2.368254
-1.093040
0.910867
-1.093040
-2.277167
-0.182173
1.912821
3.552381
-0.182173
-1.001954
4.189988
2.823687
-0.637607
-2.550427
-0.819780
-1.184127
0.364347
1.184127
2.914774
2.914774
2.277167
0.637607
-0.728694
1.093040
0.000000
-0.728694
1.730647
1.639560
1.730647
-2.459341
0.182173
1.730647
2.003907
4.098901
5.920635
3.188034
-1.184127
2.914774
4.007814
-1.730647
-5.009768
-1.184127
1.457387
0.546520
2.732601
-0.455433
-0.637607
0.819780
1.275214
-1.821734
-2.641514
-3.370208
1.093040
-1.366300
-0.364347
0.728694
0.273260
3.643468
7.378022
7.651282
4.645421
3.643468
2.459341
1.001954
0.000000
-3.916728
1.001954
3.188034
2.914774
5.191941
5.283028
4.827595
6.284982
3.370208
-0.728694
-1.639560
-1.457387
0.910867
2.186081
3.279121
0.910867
1.821734
1.366300
-1.001954
-0.364347
3.005861
0.728694
-3.096947
-2.823687
-0.910867
1.366300
0.910867
-2.094994
-2.277167
0.546520
4.736508
4.554335
4.645421
1.730647
3.825641
4.007814
6.284982
7.833455
6.011722
7.378022
3.188034
6.467155
6.831502
7.378022
4.736508
0.091087
0.819780
3.188034
-0.182173
3.825641
8.835409
6.558242
8.197802
10.292796
5.009768
4.372161
5.829548
3.916728
6.558242
5.920635
2.732601
4.827595
5.009768
4.554335
6.284982
4.189988
4.372161
5.100855
0.182173
1.366300
2.459341
1.730647
0.182173
-1.730647
-1.001954
-0.273260
-1.275214
1.821734
3.461294
6.558242
5.647375
5.100855
-0.728694
-2.823687
-2.003907
-0.910867
3.734554
4.007814
5.009768
8.562149
7.560195
5.374115
4.189988
5.556288
3.461294
7.013675
4.098901
3.552381
4.007814
1.093040
-2.094994
0.455433
1.821734
4.372161
6.376068
4.189988
2.641514
9.199756
9.564103
9.199756
10.566056
8.926496
5.191941
8.471062
3.552381
-0.728694
1.001954
0.000000
3.370208
-0.819780
1.548474
3.096947
4.098901
8.197802
10.292796
8.926496
4.463248
2.641514
2.186081
5.191941
6.649328
8.106716
9.017582
7.378022
7.742369
8.471062
3.916728
1.093040
1.457387
-1.730647
-3.005861
1.821734
4.189988
4.645421
3.916728
5.738462
2.732601
3.188034
3.461294
-0.182173
0.637607
-2.914774
-6.467155
-7.378022
-5.374115
-4.918681
-4.463248
-0.546520
0.728694
-1.548474
-3.461294
-3.916728
-6.467155
-12.387790
-14.756044
-13.025397
-12.478877
-14.300611
-11.112576
-10.748230
-10.839316
-10.930403
-13.389744
-14.209524
-14.847131
-11.112576
-8.197802
-2.914774
0.637607
1.730647
-1.366300
-1.639560
-3.188034
-6.011722
-8.926496
-8.197802
-0.546520
-5.465201
-5.556288
-1.001954
-0.364347
0.000000
3.461294
-0.364347
-0.637607
-4.281074
2.003907
3.279121
3.188034
-1.275214
-7.833455
-7.651282
1.275214
4.281074
1.275214
1.912821
-0.273260
0.273260
3.825641
3.916728
-1.001954
-1.184127
-1.184127
1.639560
7.469109
8.835409
7.378022
7.286935
6.102808
7.104762
13.389744
13.754090
11.021490
7.560195
7.560195
6.922589
6.831502
5.647375
7.104762
10.839316
8.379976
2.368254
0.091087
2.277167
0.728694
-3.005861
-9.837363
-5.738462
-2.459341
1.548474
4.736508
2.914774
-5.829548
-9.837363
-7.924542
-9.108669
-12.661050
-13.663004
-8.106716
-9.564103
-5.465201
-10.930403
-11.112576
-9.290842
-7.924542
-8.379976
-7.833455
-5.829548
-6.102808
-5.374115
-5.009768
-3.096947
0.819780
0.455433
0.273260
-0.546520
2.368254
2.641514
0.455433
-0.819780
1.548474
0.455433
-0.546520
1.639560
2.641514
6.193895
8.926496
8.926496
6.922589
7.378022
8.288889
6.740415
6.922589
8.471062
8.744322
5.647375
7.378022
10.839316
12.752137
8.835409
7.833455
9.928449
6.922589
4.918681
5.283028
5.920635
4.281074
4.007814
6.011722
7.560195
7.742369
9.290842
7.469109
4.554335
7.286935
5.829548
2.914774
3.734554
3.461294
6.193895
9.746276
9.017582
3.370208
1.001954
6.922589
3.188034
2.368254
5.556288
3.734554
4.736508
3.279121
4.554335
4.189988
5.556288
3.734554
1.457387
3.279121
0.819780
0.728694
3.279121
2.641514
4.554335
0.819780
3.461294
-0.273260
-1.093040
-0.910867
-3.370208
-0.091087
-0.364347
1.639560
-4.827595
1.639560
-1.730647
-3.461294
-0.728694
-2.186081
-3.370208
-3.005861
-3.552381
2.094994
1.548474
-0.182173
1.366300
3.461294
0.910867
-2.823687
-1.093040
-2.732601
-0.455433
-1.457387
1.001954
-0.364347
-0.819780
-1.275214
-1.639560
0.000000
4.463248
2.641514
-2.094994
-1.821734
-2.914774
0.091087
2.094994
3.370208
-0.637607
-1.548474
-0.273260
-2.914774
-4.645421
-1.639560
-2.732601
1.457387
-1.275214
-2.186081
-2.459341
0.455433
5.100855
5.738462
5.009768
4.189988
4.918681
5.829548
5.647375
7.469109
6.376068
2.732601
2.186081
6.193895
3.916728
4.098901
6.193895
2.277167
1.366300
0.637607
0.819780
0.091087
1.275214
1.912821
3.005861
2.186081
0.728694
2.277167
0.546520
2.550427
0.455433
2.094994
-1.730647
-2.823687
-0.819780
1.001954
2.641514
-0.819780
-2.277167
1.275214
5.738462
6.922589
0.364347
-3.461294
-3.734554
0.091087
1.548474
-0.455433
-0.819780
-1.730647
-1.093040
-2.003907
0.364347
-1.275214
-1.821734
-0.091087
-1.730647
-4.463248
-1.548474
-2.914774
-4.007814
-4.372161
-2.003907
-2.732601
-1.001954
-2.003907
-4.007814
-2.368254
-3.916728
-4.645421
-5.829548
-2.823687
-2.277167
-1.548474
-6.011722
-10.383883
-7.833455
-5.100855
-3.552381
-4.827595
-4.736508
-3.096947
-3.734554
-2.823687
-3.734554
-2.823687
1.730647
2.094994
1.912821
-0.455433
-2.641514
-2.732601
0.637607
5.100855
1.548474
-4.554335
-6.284982
0.000000
-0.637607
-2.094994
0.000000
0.728694
2.368254
1.730647
-3.005861
-3.461294
1.457387
6.831502
5.374115
1.093040
0.000000
-0.364347
5.283028
6.467155
5.829548
1.730647
-2.641514
1.001954
2.550427
3.643468
2.823687
2.732601
-1.275214
-3.279121
-1.548474
1.912821
0.182173
0.182173
0.546520
0.637607
-1.912821
-2.550427
-0.091087
1.730647
-2.277167
0.273260
0.455433
2.277167
-0.910867
-0.091087
2.368254
3.096947
2.003907
1.457387
1.275214
1.184127
-1.548474
-2.732601
-0.910867
0.728694
-0.546520
-3.825641
-3.825641
-2.641514
-2.003907
-3.916728
-5.191941
-5.009768
-1.821734
-2.459341
-0.091087
-2.641514
-4.189988
-4.281074
-4.098901
-4.007814
-3.552381
-3.461294
-3.643468
-3.005861
-1.821734
-0.546520
0.182173
1.275214
-1.001954
1.001954
1.821734
1.275214
3.096947
3.825641
1.548474
-0.091087
-1.093040
2.459341
-0.091087
0.091087
1.457387
2.914774
5.647375
1.093040
2.186081
0.273260
3.916728
6.102808
5.465201
6.193895
3.825641
2.186081
3.734554
0.364347
-0.273260
1.457387
4.645421
5.465201
5.920635
3.643468
1.184127
5.191941
7.560195
5.829548
4.554335
1.093040
0.910867
0.728694
2.277167
0.273260
2.186081
4.007814
5.009768
1.548474
0.000000
0.455433
3.370208
-0.637607
5.191941
5.556288
3.734554
1.457387
1.821734
3.916728
2.732601
0.819780
0.182173
2.914774
5.009768
6.102808
2.641514
4.463248
4.645421
4.007814
2.641514
2.094994
4.372161
3.552381
4.281074
0.546520
-0.182173
-2.094994
-0.273260
-0.910867
0.637607
1.001954
1.457387
-0.546520
-1.457387
-3.005861
-1.093040
-4.918681
-1.184127
1.001954
-0.819780
1.001954
0.455433
3.188034
0.546520
-3.370208
-2.641514
0.364347
2.277167
0.819780
0.000000
-0.273260
-0.364347
-1.184127
-1.730647
-0.546520
2.277167
-1.001954
-1.912821
-3.005861
-1.912821
0.091087
0.000000
-0.273260
-1.821734
1.457387
2.914774
4.007814
3.552381
6.011722
3.370208
2.094994
3.005861
4.372161
2.914774
4.645421
5.920635
5.920635
3.916728
7.469109
7.378022
5.738462
7.104762
5.556288
5.829548
4.281074
6.649328
6.284982
4.098901
6.831502
13.025397
20.312332
18.763858
5.829548
-0.273260
0.000000
1.821734
1.548474
4.189988
11.659096
9.381929
10.839316
15.484737
14.664957
14.573871
8.197802
1.457387
-0.091087
-1.639560
1.366300
4.736508
5.283028
8.197802
7.742369
3.279121
-1.001954
