3.252747
-0.813187
-1.445665
-2.529915
-5.963370
-6.053724
-6.505495
-5.692308
-3.614164
-1.716728
-4.065934
-0.180708
-0.542125
-0.993895
-3.614164
-5.059829
-6.053724
-5.240537
-5.330891
-5.692308
-3.794872
-0.993895
2.891331
4.608059
4.427350
3.885226
4.608059
4.427350
6.686203
4.427350
2.891331
2.078144
-3.614164
-2.529915
-0.271062
-1.355311
0.903541
0.090354
-0.090354
2.710623
1.716728
0.090354
-0.361416
-1.897436
-1.445665
0.632479
0.180708
2.891331
-0.090354
0.180708
-1.536020
-3.794872
-4.427350
-1.174603
-0.903541
-1.355311
-2.258852
-2.710623
-1.626374
0.180708
-0.722833
0.090354
-2.710623
-1.355311
-0.722833
-2.078144
-2.981685
-2.620269
-1.174603
2.078144
2.891331
0.632479
0.993895
-0.451770
2.439560
3.252747
1.807082
2.981685
7.770452
6.505495
3.885226
2.078144
0.993895
1.355311
1.264957
3.885226
3.885226
3.072039
3.794872
2.981685
4.517705
3.162393
4.427350
3.885226
1.716728
3.072039
2.620269
-1.536020
-2.349206
-4.156288
-9.938950
-7.318681
-8.222222
-7.137973
-7.860806
-4.517705
-1.174603
4.246642
8.131868
6.957265
7.499389
9.396825
5.963370
3.343101
-0.090354
1.716728
-0.180708
-1.174603
-1.084249
-1.536020
-1.716728
-3.343101
-1.445665
-1.987790
-1.174603
-2.168498
-0.451770
1.987790
0.180708
3.162393
6.415140
3.704518
2.620269
0.722833
0.632479
1.445665
1.987790
-0.542125
1.626374
2.891331
2.078144
3.885226
3.614164
2.168498
0.090354
-2.529915
-3.343101
-2.168498
-3.523810
-4.608059
-2.800977
1.626374
0.451770
-0.903541
-0.180708
-2.349206
-3.162393
-0.180708
1.807082
1.626374
1.716728
-1.084249
0.090354
1.084249
-0.722833
-4.246642
-3.704518
-2.710623
-0.271062
1.536020
-0.271062
-3.343101
-4.065934
-0.722833
2.800977
2.078144
-1.536020
-3.794872
-6.957265
-0.813187
3.794872
1.536020
-0.180708
0.722833
1.897436
2.258852
-1.355311
-3.162393
-3.072039
-2.620269
-1.084249
2.349206
3.975580
4.608059
1.897436
-0.361416
-0.271062
2.891331
3.433455
4.065934
2.078144
1.987790
1.897436
0.813187
-3.975580
-3.885226
1.987790
3.885226
4.698413
3.162393
0.542125
-2.529915
-1.626374
0.903541
-0.090354
-2.439560
-0.451770
-0.903541
0.361416
2.710623
4.336996
3.614164
1.174603
-1.536020
-3.523810
-2.168498
0.722833
0.632479
1.355311
2.349206
0.090354
-0.180708
-1.264957
-1.264957
1.084249
-0.632479
-3.433455
-7.589744
-8.764347
-4.698413
-3.794872
-3.794872
-0.451770
1.084249
-2.710623
-5.150183
-2.258852
-0.090354
-1.264957
-3.614164
-6.144078
-5.421245
-3.704518
-3.794872
-3.614164
-3.614164
-4.608059
-3.794872
-2.710623
-2.710623
-2.529915
-5.421245
-5.150183
-3.704518
-3.794872
-3.252747
-3.523810
-4.156288
-3.072039
-1.807082
-0.451770
0.180708
2.349206
2.891331
1.536020
0.271062
-3.975580
-0.271062
0.180708
1.174603
5.240537
2.891331
0.361416
0.000000
0.542125
-1.445665
0.903541
1.536020
2.168498
-0.903541
0.000000
2.168498
0.180708
2.620269
1.264957
0.903541
-0.180708
-0.542125
-0.722833
-2.439560
-5.150183
-5.873016
-2.981685
-1.626374
-1.807082
1.897436
2.349206
2.529915
4.788767
1.084249
1.445665
1.987790
0.993895
1.897436
1.897436
-0.361416
-3.162393
-0.903541
1.897436
0.361416
-0.090354
-2.168498
-3.343101
-3.885226
-1.174603
-1.174603
-0.361416
-2.620269
-4.698413
-4.788767
-3.433455
-2.439560
-3.433455
-1.987790
-1.626374
-2.891331
-2.710623
-2.258852
-0.361416
0.361416
-0.090354
1.084249
-0.271062
-1.445665
0.000000
0.000000
1.445665
-0.090354
0.090354
0.993895
2.710623
3.614164
1.264957
-0.722833
-0.722833
-0.090354
-0.542125
-0.993895
-1.355311
-0.632479
-2.078144
-0.451770
-3.343101
-4.517705
-4.698413
-3.523810
-3.975580
-4.517705
-3.433455
-4.336996
-5.782662
-5.963370
-6.686203
-5.330891
-6.234432
-5.150183
-3.252747
-0.722833
-2.620269
-2.439560
-3.252747
-3.343101
-3.614164
-1.084249
2.800977
3.343101
6.595849
3.252747
2.168498
0.632479
0.090354
1.716728
-1.626374
-2.078144
0.180708
4.969475
7.409035
4.517705
1.987790
3.975580
6.415140
6.957265
5.692308
0.361416
-2.078144
-2.620269
-1.445665
-3.885226
-4.246642
-2.349206
-3.794872
-0.903541
0.271062
-2.891331
-4.788767
-3.252747
1.536020
1.445665
-0.813187
-2.349206
-1.987790
2.439560
3.704518
2.620269
-1.445665
-0.361416
2.439560
1.445665
1.897436
-1.807082
0.361416
-0.271062
-1.174603
0.813187
1.897436
-0.542125
-5.240537
-3.614164
-1.084249
-3.252747
-3.162393
-3.975580
-1.264957
1.264957
-0.903541
-2.800977
-1.987790
-1.536020
-2.168498
-1.987790
-1.445665
0.632479
2.529915
6.234432
6.324786
1.897436
1.264957
-1.716728
-2.439560
-3.162393
-2.168498
2.439560
8.493284
7.860806
4.427350
4.427350
2.710623
1.807082
-2.258852
-0.090354
4.246642
2.891331
-0.090354
-3.252747
-0.722833
1.716728
0.632479
-0.993895
-1.355311
-1.536020
-0.722833
1.626374
1.264957
0.993895
2.258852
2.800977
-1.536020
-3.523810
-2.078144
-2.258852
0.813187
5.511600
9.396825
10.661783
12.107448
10.210012
7.589744
8.222222
7.318681
7.047619
1.626374
2.349206
1.807082
3.072039
5.421245
5.692308
1.355311
1.355311
3.433455
1.716728
2.168498
-1.174603
-4.246642
-4.156288
-2.168498
1.807082
0.090354
-0.903541
1.807082
3.252747
4.065934
1.807082
1.355311
-1.174603
-2.800977
-3.072039
-3.343101
-5.511600
-6.324786
-5.782662
-3.433455
-1.174603
1.264957
2.168498
0.361416
2.258852
2.529915
0.993895
-2.168498
-1.536020
-1.536020
-2.168498
-2.529915
-4.788767
-7.680098
-7.318681
-0.180708
-0.271062
-5.150183
-5.150183
-0.903541
-0.542125
-6.595849
-8.764347
-8.673993
-2.891331
-1.445665
-2.439560
-6.957265
-12.830281
-12.288156
-3.072039
0.361416
-3.252747
-9.848596
-7.951160
-2.078144
-0.180708
-4.336996
-6.505495
-8.854701
-4.246642
-0.722833
3.072039
1.807082
-1.626374
-1.987790
0.361416
-1.174603
0.813187
2.800977
4.427350
7.228327
6.776557
4.879121
5.150183
1.626374
-0.090354
-0.813187
-2.439560
-4.156288
-0.361416
3.162393
10.300366
8.493284
5.421245
1.264957
-0.813187
-2.981685
-3.162393
-2.078144
1.897436
0.813187
2.891331
4.788767
5.150183
2.981685
3.072039
1.264957
0.180708
1.626374
3.433455
1.987790
3.162393
3.614164
5.421245
7.228327
9.125763
5.601954
2.078144
-1.897436
-0.271062
2.349206
1.807082
0.632479
0.993895
2.800977
7.318681
7.589744
8.945055
7.770452
1.536020
-0.180708
-1.355311
-1.355311
2.168498
2.891331
3.252747
1.807082
2.168498
3.614164
3.343101
0.813187
-3.072039
-3.523810
-1.355311
-0.813187
1.626374
2.349206
3.162393
5.511600
1.626374
-1.084249
0.271062
0.271062
0.451770
0.722833
-0.722833
2.439560
3.343101
0.903541
0.813187
-4.336996
-2.349206
0.271062
-0.451770
-1.987790
-4.246642
-3.885226
-1.626374
-2.710623
-0.180708
-1.084249
-1.807082
-0.632479
-0.813187
1.626374
3.072039
0.361416
2.168498
2.891331
4.608059
3.975580
0.542125
-0.271062
2.529915
4.336996
4.427350
0.451770
-2.078144
-1.174603
0.993895
2.710623
0.813187
3.252747
3.614164
1.626374
3.343101
3.072039
1.536020
1.807082
2.349206
4.336996
5.511600
4.879121
6.686203
8.402930
8.312576
4.788767
-0.632479
-0.361416
-0.090354
1.716728
0.451770
2.891331
6.866911
5.601954
4.065934
1.987790
2.168498
1.536020
1.264957
3.162393
5.059829
4.788767
2.258852
1.897436
5.963370
9.216117
8.673993
2.800977
-1.264957
-0.361416
3.162393
1.807082
0.542125
1.626374
4.698413
1.355311
-0.451770
-0.722833
-1.264957
-0.993895
-1.536020
1.174603
0.542125
-0.542125
1.536020
4.065934
1.264957
-3.072039
-5.421245
-1.987790
4.969475
6.053724
3.975580
1.536020
0.813187
0.271062
0.271062
-2.891331
-6.686203
-8.312576
-6.776557
1.626374
6.686203
5.059829
3.885226
-0.361416
-1.897436
-6.776557
-4.336996
0.542125
-3.072039
-3.704518
1.445665
2.800977
3.523810
-0.180708
-5.963370
-7.318681
-4.065934
-3.523810
-8.673993
-10.571429
-6.053724
-2.349206
2.349206
6.144078
6.415140
9.667888
7.409035
3.343101
-4.246642
-9.938950
-10.842491
-5.601954
2.168498
2.620269
2.981685
1.355311
2.078144
1.084249
-0.271062
-4.427350
-11.203907
-14.908425
-15.811966
-5.692308
2.168498
3.343101
2.710623
4.788767
4.246642
-0.903541
-7.770452
-15.360195
-19.426129
-15.631258
-6.505495
4.427350
11.113553
12.468864
7.409035
0.993895
-5.782662
-6.957265
-11.926740
-11.836386
-6.234432
0.632479
4.788767
7.499389
6.234432
-0.722833
-5.240537
-6.866911
-6.595849
-4.788767
-2.800977
-3.252747
-3.704518
-2.981685
3.433455
2.800977
-3.162393
-12.197802
-13.191697
-8.493284
-3.523810
-1.174603
-4.698413
-6.595849
-4.698413
0.632479
-4.156288
-7.228327
-9.306471
-5.873016
-3.343101
2.258852
0.993895
-2.529915
-5.692308
-2.439560
0.090354
-0.542125
-5.601954
-7.589744
-2.349206
0.722833
2.168498
4.336996
-0.090354
-4.156288
-0.451770
5.782662
6.866911
3.885226
0.993895
0.271062
3.885226
5.421245
4.246642
0.271062
0.090354
2.800977
4.065934
6.957265
6.866911
8.222222
5.240537
-3.433455
-10.029304
-7.770452
0.722833
9.758242
13.733822
9.216117
4.246642
4.517705
5.601954
1.897436
-5.059829
-7.770452
-6.866911
-1.897436
4.427350
9.396825
12.197802
10.300366
3.885226
1.987790
0.542125
-0.271062
-5.511600
-6.505495
1.174603
9.216117
9.758242
7.589744
3.704518
3.794872
1.987790
-0.722833
-5.601954
-9.848596
-8.854701
-1.987790
3.162393
6.686203
6.866911
4.517705
2.258852
-1.807082
-7.499389
-9.667888
-11.203907
-9.306471
-5.059829
0.542125
5.240537
7.228327
10.661783
6.866911
2.800977
-1.807082
-0.903541
-2.349206
-0.903541
2.710623
5.150183
3.162393
1.084249
1.445665
2.710623
2.529915
0.632479
-1.174603
-3.072039
-2.529915
0.090354
0.271062
3.072039
6.866911
5.692308
2.891331
0.632479
0.993895
-1.445665
-2.168498
-0.632479
2.168498
7.680098
9.306471
6.144078
3.433455
-0.361416
0.813187
3.885226
4.065934
-0.090354
-0.361416
0.090354
5.421245
8.583639
6.866911
2.439560
-4.156288
-3.162393
3.975580
7.047619
2.529915
0.090354
2.620269
4.879121
4.336996
-0.993895
-4.156288
-4.427350
0.000000
1.536020
-0.993895
-1.445665
3.614164
5.601954
0.993895
-1.536020
-2.981685
-0.813187
-1.084249
-1.355311
-4.879121
-2.981685
-0.180708
0.813187
1.174603
-1.174603
-0.813187
1.626374
3.794872
-0.451770
-3.343101
-3.343101
-1.807082
1.445665
5.601954
2.710623
-0.993895
-2.439560
1.084249
7.770452
8.945055
3.343101
-1.355311
-2.710623
-1.174603
0.361416
-0.361416
-1.445665
-3.885226
-2.620269
1.355311
2.258852
3.614164
2.078144
-1.084249
-4.065934
-4.156288
-0.271062
0.993895
-0.361416
-3.162393
-3.975580
1.355311
4.427350
3.523810
-4.156288
-4.788767
0.090354
2.800977
1.626374
1.174603
-4.788767
-3.523810
1.445665
6.957265
4.156288
-3.433455
-8.402930
-4.246642
1.807082
5.963370
5.692308
0.632479
-1.897436
-4.427350
-7.680098
-10.210012
-7.499389
-3.162393
-0.271062
3.343101
6.144078
6.053724
6.324786
4.788767
1.807082
-3.885226
-6.144078
-6.505495
-4.517705
-1.174603
3.252747
6.505495
5.330891
5.421245
5.240537
2.981685
0.903541
-2.620269
-3.523810
-0.180708
6.505495
9.216117
7.499389
3.885226
5.150183
4.427350
3.614164
2.078144
-0.722833
0.813187
1.264957
2.168498
7.409035
10.932845
9.848596
7.228327
7.680098
7.860806
8.402930
5.240537
0.451770
0.090354
-0.542125
0.361416
3.433455
4.246642
4.879121
3.343101
2.710623
-0.993895
-1.807082
-5.511600
-6.686203
-1.536020
1.987790
2.078144
0.000000
-0.361416
-4.336996
-7.137973
-6.505495
-3.523810
-5.330891
-3.162393
-0.542125
-1.445665
-0.361416
0.451770
-3.252747
-5.059829
-2.891331
-4.969475
-8.402930
-5.601954
0.090354
-1.174603
-5.240537
-9.396825
-12.378510
-9.306471
-2.710623
-3.162393
-4.246642
-2.078144
0.451770
-0.542125
-0.451770
0.271062
-3.614164
-6.324786
-4.788767
-2.078144
-1.355311
0.813187
0.722833
2.349206
1.084249
2.800977
-0.813187
-1.897436
-2.529915
-4.608059
-4.246642
-0.451770
2.258852
4.065934
2.981685
0.451770
0.903541
-0.090354
0.632479
-1.174603
0.542125
-0.451770
0.903541
2.078144
1.807082
2.349206
1.264957
3.433455
3.162393
-0.180708
-1.355311
0.000000
3.794872
7.228327
8.041514
5.240537
-1.264957
-2.078144
-0.903541
-2.258852
-4.517705
-0.993895
0.180708
-3.433455
-4.698413
-4.065934
-6.776557
-7.409035
-7.589744
-7.951160
-11.023199
-8.673993
-7.409035
-4.517705
-4.698413
-6.505495
-9.216117
-6.957265
-3.975580
-3.704518
-6.866911
-8.583639
-5.873016
-2.439560
-1.174603
0.000000
-2.710623
-7.860806
-3.885226
-3.794872
-6.505495
-8.493284
-7.047619
-5.601954
-0.542125
-4.246642
-4.427350
-7.409035
-5.782662
-2.891331
-5.601954
-5.963370
-6.866911
-5.511600
-4.608059
-3.975580
-5.059829
-3.975580
-2.620269
-1.264957
-1.355311
-2.529915
-3.885226
-1.716728
-1.626374
0.000000
-1.174603
-0.180708
-1.084249
0.903541
3.885226
5.150183
5.601954
3.433455
-0.451770
-1.084249
4.065934
8.131868
9.216117
7.951160
9.667888
7.047619
3.704518
3.252747
0.813187
-0.542125
-0.180708
3.614164
5.150183
4.608059
4.788767
4.608059
2.710623
1.536020
-0.271062
-1.897436
-4.517705
-0.722833
1.716728
4.608059
4.427350
3.433455
5.150183
3.252747
1.174603
-1.084249
-4.698413
-2.620269
0.271062
2.800977
5.059829
8.583639
7.228327
7.318681
3.885226
-3.072039
-4.698413
-2.529915
-2.258852
-0.813187
0.903541
2.529915
4.698413
4.156288
1.987790
-0.090354
-1.264957
-3.523810
-2.529915
-2.349206
-0.993895
3.614164
5.150183
7.409035
6.505495
9.216117
7.499389
6.415140
1.355311
-1.807082
-3.885226
-0.903541
2.349206
2.168498
4.969475
8.764347
9.487179
7.318681
7.047619
3.885226
-0.090354
-3.252747
-3.614164
0.813187
3.433455
5.150183
5.692308
7.951160
8.131868
4.246642
3.704518
2.258852
-2.529915
-3.975580
-4.517705
-0.903541
1.807082
5.782662
6.866911
6.234432
6.505495
7.047619
5.963370
2.349206
0.271062
-3.252747
-0.090354
4.427350
9.035409
13.462759
12.378510
7.951160
5.421245
2.891331
-1.807082
-4.246642
-3.523810
-0.903541
2.620269
1.987790
1.626374
0.180708
-1.445665
-2.078144
-2.800977
-4.879121
-4.788767
-4.969475
2.529915
7.770452
7.589744
1.536020
0.813187
-1.264957
-2.078144
-0.993895
-1.355311
0.090354
4.065934
5.873016
6.505495
7.409035
1.716728
0.361416
-0.542125
-4.608059
-6.144078
-3.975580
0.993895
4.608059
6.686203
3.252747
-0.361416
-4.246642
-2.349206
-3.072039
-6.595849
-1.355311
6.324786
10.571429
6.144078
-2.891331
-4.969475
-2.800977
-1.987790
-1.716728
-7.228327
-6.957265
1.626374
8.131868
8.131868
4.156288
-4.517705
-6.144078
-3.343101
-3.794872
-9.035409
-4.336996
3.162393
7.318681
11.384615
8.222222
3.523810
0.180708
-1.897436
-7.137973
-11.294261
-10.661783
-4.065934
3.162393
6.505495
5.059829
2.078144
0.813187
-2.349206
-9.758242
-14.908425
-16.173382
-12.197802
-4.788767
5.330891
9.577534
10.210012
7.860806
9.125763
9.938950
7.680098
2.800977
-2.168498
-2.891331
-0.271062
2.981685
2.800977
3.704518
2.439560
3.523810
5.421245
7.680098
2.800977
-1.987790
-1.084249
0.542125
4.336996
4.156288
7.318681
9.216117
11.294261
9.216117
4.427350
-0.903541
-3.885226
0.361416
7.680098
10.481074
9.577534
7.589744
7.499389
2.800977
-1.174603
-11.655678
-13.462759
-8.583639
-2.258852
0.993895
1.626374
0.090354
-1.897436
0.090354
-1.807082
-2.439560
-6.324786
-7.589744
-2.529915
4.969475
9.216117
8.583639
4.969475
-0.903541
-1.987790
-5.240537
-9.125763
-15.631258
-20.600733
-8.222222
-9.758242
12.017094
17.347985
-29.365079
20.871795
-3.072039
-6.957265
-22.769231
-15.360195
-27.286935
6.957265
10.661783
1.897436
6.144078
0.361416
5.330891
2.168498
-4.156288
5.240537
-19.245421
-16.715507
-4.698413
-6.595849
9.758242
9.216117
0.451770
1.264957
9.125763
-6.866911
-5.963370
-2.981685
-5.421245
4.065934
-2.981685
-5.782662
10.390720
13.462759
2.529915
7.589744
7.680098
8.312576
0.451770
2.710623
8.854701
0.271062
17.167277
9.848596
6.505495
11.926740
14.095238
9.758242
7.409035
-2.710623
-3.433455
3.975580
12.288156
8.764347
21.052503
2.710623
0.361416
10.661783
5.330891
-3.704518
-2.891331
11.926740
3.252747
21.233211
18.522589
-3.433455
13.191697
14.908425
7.137973
38.039072
-15.721612
-11.384615
-11.023199
23.582418
9.938950
32.798535
-11.203907
2.168498
-7.770452
-9.216117
-7.499389
-28.009768
-11.655678
2.168498
11.746032
17.076923
-2.349206
-5.330891
-45.357753
-20.962149
-34.334554
-19.697192
-16.354090
0.090354
8.493284
39.304029
5.330891
-18.793651
-20.420024
-19.968254
-7.409035
-11.655678
-11.113553
5.059829
16.534799
6.595849
-13.191697
9.848596
-4.427350
-15.721612
-13.101343
-23.582418
-22.769231
-14.004884
-4.698413
-7.951160
9.216117
-18.341880
2.710623
-13.101343
-26.112332
-17.257631
-13.462759
-9.848596
-3.072039
1.355311
5.601954
6.415140
0.000000
-1.264957
-6.053724
-7.860806
-12.468864
-0.632479
-0.451770
-1.355311
5.963370
14.095238
-0.632479
1.807082
-2.981685
-7.318681
-2.078144
5.782662
9.667888
6.053724
4.698413
5.059829
-5.511600
-2.258852
-6.866911
1.807082
-1.897436
6.234432
7.589744
11.926740
1.084249
-1.897436
0.813187
-2.529915
-3.523810
-5.873016
2.439560
6.866911
8.041514
5.330891
-1.987790
-4.427350
-12.559219
-4.608059
-12.288156
-10.390720
-6.505495
-0.722833
7.137973
5.601954
7.951160
-0.451770
-12.017094
-4.969475
-2.710623
-2.349206
-0.993895
-0.903541
2.258852
4.427350
-11.023199
-9.667888
-12.920635
-15.360195
-9.848596
0.993895
4.879121
-1.084249
-2.800977
-5.692308
-10.390720
-11.565324
-21.865690
-8.131868
-6.866911
6.595849
1.716728
-1.084249
-6.053724
-4.608059
-7.770452
-9.125763
-1.897436
8.673993
14.547009
-26.654457
-13.372405
2.168498
2.710623
0.993895
1.174603
-24.757021
3.975580
6.776557
19.516484
-3.704518
26.383394
-11.384615
-3.614164
7.318681
-2.349206
-2.891331
8.764347
-14.908425
-6.686203
-4.698413
6.415140
4.065934
3.704518
3.614164
0.271062
-0.180708
5.782662
-1.987790
2.981685
0.903541
10.932845
3.343101
4.427350
-1.626374
3.614164
6.053724
14.275946
12.920635
0.993895
8.222222
8.945055
2.620269
14.547009
2.981685
2.168498
5.692308
5.601954
3.162393
5.421245
8.041514
9.306471
0.993895
6.144078
6.957265
6.324786
12.107448
5.511600
9.216117
8.131868
6.324786
5.330891
4.698413
1.716728
-0.271062
-0.180708
-1.355311
2.710623
6.234432
4.788767
-7.499389
4.336996
2.800977
2.981685
8.041514
2.529915
1.807082
2.529915
6.595849
1.987790
3.072039
1.445665
0.451770
-0.271062
5.782662
-0.903541
0.632479
2.891331
3.072039
3.704518
1.174603
4.336996
6.324786
-3.072039
5.782662
-1.084249
2.981685
1.084249
2.620269
4.879121
2.710623
4.517705
8.041514
0.361416
1.174603
1.987790
3.252747
-0.722833
5.240537
2.168498
2.800977
5.421245
3.252747
3.072039
-0.632479
-0.361416
0.722833
0.542125
5.150183
-0.180708
4.879121
-6.324786
0.271062
2.891331
2.800977
3.523810
3.162393
3.704518
-1.536020
4.156288
4.517705
9.577534
10.390720
4.788767
6.957265
7.680098
8.583639
7.770452
8.945055
7.860806
3.433455
12.197802
4.608059
2.439560
2.710623
2.349206
-0.180708
0.722833
3.523810
1.445665
0.993895
0.361416
3.252747
4.608059
2.349206
0.000000
0.722833
0.180708
-1.807082
-2.529915
-2.168498
-0.632479
-0.632479
-1.445665
-2.981685
-3.072039
-3.794872
-3.794872
-2.800977
-0.993895
-3.343101
-0.451770
-1.536020
-3.343101
-3.162393
-7.770452
-0.271062
-6.866911
-4.517705
-0.090354
-1.445665
-0.361416
-4.788767
-2.349206
5.150183
-3.794872
1.084249
-4.879121
-3.162393
-1.445665
-3.343101
-1.897436
-1.987790
-0.361416
-3.885226
-4.698413
-5.692308
-4.336996
-4.698413
-7.047619
-6.505495
-9.667888
-4.788767
-14.547009
-7.228327
-11.113553
-9.667888
-8.583639
-8.854701
-7.589744
-9.125763
-2.529915
-2.800977
-7.047619
-8.764347
-6.595849
-4.698413
-6.144078
-6.415140
-6.324786
-2.168498
-6.053724
2.078144
-4.969475
0.180708
-3.523810
1.355311
0.722833
2.439560
-5.692308
-1.174603
7.589744
-2.078144
-1.626374
-2.529915
-2.529915
4.246642
1.987790
5.421245
2.620269
2.439560
6.776557
5.782662
0.090354
2.168498
1.084249
-3.885226
