-5.208791
-0.192918
-0.385836
2.990232
0.000000
0.675214
-1.061050
1.736264
0.385836
7.330891
4.147741
7.620269
6.945055
8.584860
2.507937
2.025641
-2.604396
-2.507937
-6.366300
-4.051282
-3.761905
-4.244200
-6.366300
1.061050
-3.761905
-3.279609
-6.269841
-5.691087
-7.813187
-8.006105
-9.067155
-6.269841
-10.224664
-7.427350
-7.716728
-8.006105
-8.391941
-3.376068
-4.147741
-2.604396
-3.761905
-2.604396
-8.777778
-10.128205
-12.443223
-7.909646
-10.321123
-5.594628
-2.025641
1.639805
-0.096459
-1.543346
-1.446886
-1.929182
-4.630037
-3.761905
-9.356532
-7.234432
-9.067155
-6.269841
-6.752137
-5.305250
-4.822955
-3.665446
-4.630037
-5.594628
-6.462759
-3.665446
-3.183150
-1.253968
-2.411477
-2.797314
-2.990232
-2.700855
-3.954823
-4.244200
-3.665446
-2.797314
-0.192918
1.446886
3.376068
3.665446
4.051282
4.051282
6.269841
6.462759
8.006105
5.594628
6.559219
3.376068
1.832723
0.192918
3.086691
0.675214
4.051282
3.183150
3.858364
2.507937
3.279609
3.954823
5.015873
7.716728
8.199023
10.610501
10.031746
8.488400
8.295482
8.391941
7.523810
4.822955
4.630037
1.446886
2.411477
2.411477
4.726496
4.630037
5.787546
3.858364
0.385836
-0.771673
-2.315018
-1.543346
-0.096459
-3.568987
-1.253968
-0.868132
0.385836
1.061050
0.289377
1.446886
1.350427
-0.771673
1.350427
1.639805
0.096459
-0.964591
-0.964591
-3.472527
-3.183150
-5.112332
-2.604396
-2.315018
-0.289377
-1.350427
-0.578755
1.929182
2.990232
2.893773
2.507937
0.675214
-0.578755
-2.218559
-0.964591
-1.543346
0.192918
-1.832723
-4.147741
-6.945055
-7.041514
-7.041514
-2.315018
0.868132
2.218559
3.183150
2.025641
-0.482295
1.061050
0.771673
2.797314
5.305250
4.919414
1.350427
0.964591
0.192918
-0.385836
-0.482295
0.000000
1.061050
2.315018
0.385836
3.858364
5.787546
8.102564
10.417582
13.214896
10.706960
7.041514
5.015873
0.385836
-2.797314
0.964591
0.289377
0.385836
2.025641
6.655678
8.391941
9.838828
11.575092
12.732601
12.057387
11.575092
11.285714
5.691087
4.244200
-1.446886
-4.051282
-5.305250
-4.147741
-5.305250
-3.472527
-3.472527
-0.289377
0.868132
-1.253968
-3.472527
-2.990232
-5.015873
-1.061050
-1.736264
-0.964591
2.507937
4.822955
7.716728
6.848596
6.848596
3.858364
0.675214
-0.192918
0.096459
0.868132
2.700855
3.376068
4.437118
5.112332
3.472527
3.954823
5.305250
5.594628
7.330891
2.990232
1.543346
0.385836
-0.096459
-2.604396
-1.832723
-1.736264
0.096459
-2.893773
-3.568987
-7.813187
-5.305250
-5.015873
-4.147741
-6.752137
-5.112332
-6.752137
-4.919414
-9.067155
-8.102564
-13.407814
-12.925519
-17.748474
-15.047619
-15.722833
-13.793651
-13.118437
-10.417582
-9.838828
-6.655678
-6.848596
-3.472527
-5.787546
-5.787546
-6.462759
-8.006105
-11.478632
-8.970696
-8.584860
-4.822955
-6.269841
-3.665446
-2.411477
2.025641
0.675214
1.157509
-1.736264
0.385836
-0.289377
3.568987
-0.482295
3.183150
1.350427
5.305250
-1.253968
0.868132
1.639805
5.980464
1.253968
2.797314
-0.385836
0.096459
-1.350427
-5.980464
-7.523810
-4.340659
-8.102564
-6.945055
-10.996337
-6.945055
-8.199023
-5.787546
-4.726496
-3.472527
-1.061050
4.051282
0.385836
2.315018
-1.061050
0.385836
-1.929182
-0.964591
-2.315018
-3.665446
-3.472527
-0.868132
-5.787546
-3.665446
2.604396
5.787546
5.208791
6.945055
7.234432
8.102564
9.067155
11.768010
10.706960
11.382173
11.960928
13.118437
13.311355
11.189255
9.645910
12.925519
9.645910
9.645910
6.076923
5.208791
4.437118
5.305250
3.279609
4.822955
4.919414
7.137973
2.700855
3.086691
-1.929182
-3.665446
-8.488400
-10.128205
-9.163614
-7.523810
-5.691087
-4.533578
-2.507937
0.096459
-2.893773
-2.604396
-4.630037
-8.199023
-11.478632
-9.260073
-11.382173
-7.523810
-7.234432
-6.848596
-10.899878
-7.427350
-11.768010
-10.224664
-10.610501
-4.822955
-1.253968
4.340659
8.874237
12.057387
5.305250
9.742369
6.655678
7.523810
5.112332
8.006105
8.874237
9.935287
1.543346
3.954823
3.665446
6.462759
6.076923
6.655678
4.051282
6.076923
1.639805
3.472527
5.305250
9.742369
8.102564
11.960928
4.437118
3.086691
-5.594628
-6.559219
-2.893773
2.700855
6.173382
7.716728
6.173382
12.925519
10.996337
13.118437
10.514042
9.067155
6.269841
8.681319
7.330891
10.031746
9.452991
13.021978
6.945055
8.391941
6.076923
8.681319
7.523810
10.899878
7.716728
10.706960
5.401709
8.006105
5.691087
12.539683
10.514042
13.793651
13.407814
13.311355
10.128205
9.935287
5.884005
8.874237
5.691087
4.147741
-2.218559
-2.604396
-6.269841
-3.279609
-7.330891
-7.716728
-7.716728
-3.761905
-5.015873
-0.868132
-2.025641
0.385836
-1.061050
3.376068
2.315018
7.427350
7.427350
10.224664
8.584860
11.478632
10.128205
11.478632
9.645910
10.031746
3.761905
4.051282
-2.604396
-4.340659
-8.777778
-8.102564
-8.199023
-5.015873
-3.279609
1.157509
-8.584860
-6.076923
-9.260073
-9.356532
-12.443223
-6.752137
-5.691087
1.350427
0.096459
2.604396
0.385836
2.122100
3.472527
9.356532
7.234432
6.848596
3.376068
1.832723
-4.051282
-0.675214
-6.848596
-9.356532
-13.214896
-8.199023
-9.838828
-7.137973
-8.391941
-1.639805
-4.051282
2.315018
-2.025641
-2.893773
-7.813187
-7.234432
-7.523810
-5.305250
-10.031746
-6.559219
-7.427350
-3.665446
-4.244200
2.507937
1.157509
2.507937
-0.578755
0.578755
-0.385836
0.289377
-2.700855
-4.051282
-9.742369
-8.295482
-13.504274
-8.006105
-14.372405
-15.336996
-20.738706
-22.474969
-23.246642
-17.555556
-21.510379
-20.449328
-19.677656
-17.941392
-20.835165
-16.976801
-21.799756
-23.343101
-27.394383
-24.789988
-27.201465
-23.439560
-24.500611
-22.764347
-21.510379
-19.774115
-19.098901
-11.960928
-4.822955
-0.675214
-0.868132
-2.122100
-8.102564
-11.382173
-15.144078
-13.697192
-14.468864
-11.092796
-13.021978
-11.864469
-12.925519
-12.829060
-14.951160
-11.768010
-9.935287
-5.401709
-2.700855
0.000000
0.675214
1.639805
0.385836
0.868132
1.446886
1.736264
3.568987
3.568987
1.253968
-1.929182
-4.822955
-2.507937
-2.797314
-1.253968
-1.639805
-1.639805
-1.157509
0.192918
-0.482295
0.000000
2.990232
0.771673
-1.639805
-3.665446
-1.253968
-2.797314
1.061050
1.061050
1.639805
-0.675214
4.340659
0.675214
6.559219
7.620269
4.630037
1.350427
4.726496
7.137973
6.752137
4.726496
9.356532
5.208791
8.391941
6.752137
9.067155
5.401709
5.401709
2.797314
3.954823
0.675214
-1.157509
-2.507937
-2.025641
-5.884005
-2.411477
-1.157509
4.051282
6.559219
10.803419
6.559219
6.752137
5.305250
5.305250
3.183150
5.498168
3.665446
5.884005
3.183150
4.533578
3.665446
7.137973
2.604396
7.427350
4.147741
6.173382
5.015873
12.732601
11.092796
16.108669
12.250305
15.626374
12.153846
16.301587
13.311355
17.169719
12.732601
12.925519
11.478632
10.514042
7.620269
7.523810
4.340659
9.452991
8.681319
11.285714
6.076923
10.610501
8.295482
12.346764
10.610501
12.925519
11.092796
17.555556
14.275946
17.941392
17.073260
21.799756
18.327228
19.774115
17.169719
19.002442
13.793651
16.205128
11.285714
12.732601
8.102564
13.311355
9.742369
10.031746
7.427350
6.076923
2.604396
-0.675214
-2.315018
-1.832723
-3.761905
-0.964591
-2.507937
-0.482295
-4.147741
1.350427
-1.350427
0.964591
1.543346
2.700855
1.639805
4.630037
3.183150
5.884005
2.893773
6.462759
4.919414
9.549451
7.716728
10.514042
5.305250
6.173382
2.797314
4.726496
3.568987
4.437118
1.736264
3.376068
0.675214
0.868132
-1.446886
4.147741
-1.832723
0.385836
-3.376068
-0.578755
-5.594628
-0.578755
-2.893773
-0.385836
-1.350427
2.797314
0.289377
2.411477
1.061050
1.832723
-1.061050
0.000000
-3.761905
-0.192918
-6.269841
-1.253968
-4.147741
-2.315018
-1.350427
3.568987
1.446886
0.771673
-0.289377
2.604396
4.244200
4.437118
3.376068
5.884005
1.639805
5.498168
3.761905
4.051282
0.385836
8.102564
1.061050
3.183150
0.964591
4.919414
5.594628
8.199023
3.472527
8.584860
5.015873
5.594628
2.315018
5.015873
2.507937
3.954823
1.736264
6.848596
9.838828
15.047619
12.346764
9.452991
5.208791
9.163614
5.594628
1.253968
0.868132
0.096459
2.315018
2.218559
1.929182
-0.482295
-2.315018
-4.822955
-7.523810
-7.427350
-7.427350
-5.305250
-4.244200
-5.884005
-8.006105
-7.909646
-8.199023
-9.645910
-5.787546
-5.015873
-6.173382
-3.954823
-4.147741
-6.462759
-6.462759
-5.498168
-3.568987
-0.964591
-0.192918
0.385836
4.244200
2.797314
2.507937
0.771673
1.350427
3.183150
2.700855
2.411477
3.954823
5.208791
-1.350427
-6.559219
-6.559219
-10.031746
-5.787546
-5.015873
1.157509
3.376068
3.954823
4.919414
5.498168
4.437118
6.173382
6.848596
3.954823
3.954823
4.533578
0.868132
-0.096459
-1.639805
0.192918
-1.929182
-1.446886
-2.893773
-0.192918
-0.868132
0.289377
-5.401709
-6.752137
-4.630037
-1.157509
-3.183150
-5.498168
-8.874237
-10.417582
-10.706960
-9.452991
-9.838828
-5.208791
-4.919414
1.157509
-2.507937
0.385836
-4.630037
0.578755
-5.305250
-1.929182
-7.234432
-2.411477
-2.411477
0.289377
-1.446886
2.122100
0.675214
9.260073
6.945055
11.478632
7.813187
8.681319
3.183150
5.884005
0.385836
0.578755
-1.543346
2.700855
-2.893773
-1.350427
-7.523810
-7.330891
-14.854701
-13.311355
-12.829060
-9.838828
-8.874237
-4.919414
-9.452991
-5.884005
-7.234432
-1.929182
-10.031746
-10.514042
-11.671551
-8.970696
-13.407814
-9.645910
-10.899878
-6.752137
-6.076923
2.122100
0.868132
4.147741
-1.253968
3.183150
0.289377
1.061050
-7.234432
-4.340659
-8.970696
-8.874237
-4.919414
1.929182
-1.736264
5.401709
2.990232
4.919414
0.964591
3.279609
1.061050
3.376068
6.752137
6.945055
1.157509
3.568987
1.350427
2.604396
-1.639805
1.253968
0.289377
6.462759
6.366300
8.199023
1.543346
4.051282
1.736264
1.350427
2.218559
4.051282
4.726496
7.620269
5.112332
5.498168
2.411477
6.752137
8.006105
11.768010
10.996337
9.645910
7.427350
10.224664
3.761905
4.340659
5.401709
6.076923
5.980464
4.533578
2.797314
0.385836
-1.446886
2.797314
1.736264
6.366300
3.954823
4.919414
4.437118
4.147741
1.157509
0.000000
-3.761905
-6.752137
-5.498168
-5.594628
-2.700855
-1.157509
0.192918
0.385836
1.157509
0.964591
2.315018
0.385836
-0.096459
1.543346
4.437118
-0.771673
-1.061050
-0.192918
-0.096459
-0.964591
0.385836
-2.411477
-2.797314
-4.919414
-6.366300
-6.269841
-4.630037
-7.716728
-4.147741
-3.472527
-5.980464
-6.366300
-5.305250
-5.498168
-1.350427
-1.061050
-0.289377
-4.533578
-6.076923
-6.752137
-5.594628
-4.919414
-4.147741
-5.498168
-0.771673
1.639805
2.025641
0.385836
-1.832723
-2.990232
-5.498168
-7.909646
-7.234432
-4.726496
-2.604396
-3.665446
-1.446886
-2.122100
1.929182
0.868132
1.253968
0.771673
0.964591
-1.157509
0.675214
-2.507937
0.675214
1.350427
-0.385836
-8.970696
-5.884005
-9.549451
-5.112332
-6.559219
-2.604396
-1.446886
-0.675214
-4.340659
-2.122100
-8.970696
-6.559219
-9.935287
-6.752137
-4.533578
3.376068
0.385836
3.086691
1.253968
4.822955
5.980464
11.382173
12.539683
12.057387
7.137973
7.909646
4.919414
4.244200
1.736264
2.604396
-3.568987
-8.102564
-13.793651
-14.661783
-15.915751
-13.890110
-16.590965
-15.722833
-11.671551
-4.533578
-2.122100
-1.929182
-3.568987
-2.893773
-4.437118
0.385836
0.675214
1.253968
-1.736264
-1.061050
-3.568987
-1.061050
3.086691
6.559219
4.340659
1.061050
-3.376068
0.964591
0.289377
1.253968
0.385836
0.675214
-3.183150
-2.604396
-7.813187
-5.787546
-10.706960
-9.067155
-8.874237
-4.630037
-5.305250
-2.218559
-2.411477
2.411477
1.832723
3.568987
2.411477
5.594628
-0.675214
-2.990232
-6.366300
-2.122100
-1.350427
-3.279609
-4.533578
-2.315018
-3.858364
-0.096459
-0.771673
4.051282
3.376068
6.559219
2.797314
4.437118
1.929182
2.797314
4.630037
4.919414
1.543346
4.340659
1.929182
3.568987
0.385836
-1.543346
0.385836
2.218559
2.122100
2.411477
0.964591
5.015873
6.655678
8.584860
9.935287
7.523810
6.366300
3.568987
2.990232
0.385836
1.253968
5.305250
6.076923
5.787546
5.305250
3.761905
6.173382
7.716728
7.234432
7.041514
6.945055
5.015873
2.411477
2.315018
-0.578755
1.253968
-4.630037
-0.868132
3.954823
5.401709
0.771673
2.893773
2.025641
3.183150
0.868132
-2.700855
-2.218559
0.000000
-0.675214
2.797314
3.183150
3.376068
5.980464
6.462759
3.376068
7.330891
8.199023
8.295482
7.909646
5.401709
4.340659
3.568987
2.218559
1.253968
3.376068
3.954823
2.893773
1.061050
0.771673
-0.096459
2.700855
3.279609
5.787546
4.437118
5.305250
2.218559
3.183150
3.954823
4.630037
0.289377
-2.025641
-5.691087
-2.218559
-6.559219
-6.752137
-8.006105
-3.086691
-6.559219
-2.893773
-5.691087
-1.446886
0.771673
0.385836
-1.639805
5.305250
5.305250
6.752137
7.909646
10.996337
8.777778
8.874237
7.427350
9.452991
4.051282
3.761905
1.446886
3.568987
2.122100
3.472527
0.385836
1.736264
-0.675214
1.061050
0.000000
2.315018
-0.385836
0.289377
-0.096459
2.893773
-1.061050
1.639805
-1.832723
-0.289377
-1.061050
-4.533578
-7.716728
-9.260073
-11.478632
-12.732601
-11.092796
-10.031746
-8.391941
-4.437118
-5.305250
-5.401709
-3.665446
-2.700855
2.507937
7.427350
5.208791
7.620269
5.691087
5.787546
5.112332
7.330891
9.067155
8.391941
1.736264
-0.964591
-8.874237
-11.189255
-13.214896
-9.260073
-8.681319
-7.137973
-8.295482
-3.376068
-6.366300
-6.462759
-9.935287
-10.514042
-11.960928
-8.102564
-8.006105
-4.919414
-6.559219
-2.604396
-2.797314
-3.086691
-5.884005
-1.832723
-4.340659
-2.797314
-2.700855
1.350427
0.096459
1.157509
-4.340659
-2.315018
-4.630037
-1.929182
-1.543346
4.630037
9.838828
12.539683
3.183150
5.208791
2.025641
1.350427
-2.122100
-2.122100
-7.813187
-3.568987
-1.253968
4.051282
0.675214
6.269841
8.295482
13.793651
9.742369
11.092796
4.822955
0.771673
-4.244200
-1.061050
-4.244200
-2.411477
-2.700855
-0.385836
-1.446886
6.462759
3.954823
7.137973
3.568987
5.691087
4.919414
6.559219
3.376068
6.173382
0.096459
4.147741
2.025641
2.315018
0.675214
4.533578
2.604396
5.787546
1.350427
2.990232
2.604396
7.427350
7.137973
6.559219
6.173382
8.970696
6.559219
5.691087
2.218559
4.630037
3.472527
4.533578
7.137973
10.803419
9.260073
7.909646
11.189255
12.539683
7.137973
9.356532
8.488400
3.472527
3.954823
4.244200
5.015873
5.594628
3.568987
4.244200
3.376068
-0.289377
1.061050
2.218559
4.533578
1.061050
3.954823
2.411477
4.630037
1.543346
5.498168
4.051282
5.112332
5.112332
8.391941
7.427350
11.382173
8.681319
9.742369
5.980464
8.874237
5.305250
8.488400
4.822955
8.584860
9.935287
10.706960
2.797314
5.691087
3.376068
4.437118
4.630037
6.655678
3.761905
8.584860
5.980464
7.330891
3.086691
5.208791
4.244200
9.356532
9.067155
11.189255
10.514042
9.356532
8.777778
10.321123
6.173382
8.295482
1.543346
2.218559
2.604396
3.086691
0.289377
-0.578755
-2.797314
1.543346
3.183150
3.183150
5.112332
8.777778
6.269841
5.980464
4.244200
2.893773
2.218559
1.157509
1.446886
2.122100
4.051282
4.630037
3.472527
1.736264
3.761905
3.183150
2.507937
-0.482295
0.385836
4.244200
2.797314
4.051282
7.234432
8.874237
9.163614
8.391941
5.884005
4.822955
4.726496
2.700855
2.507937
1.832723
0.385836
0.675214
1.253968
1.253968
2.700855
-2.122100
-2.122100
0.385836
1.929182
-0.289377
1.253968
-0.482295
-0.578755
-2.604396
-0.675214
-1.639805
-0.482295
-0.192918
-1.832723
-6.655678
-4.437118
-8.295482
-6.076923
-4.533578
-0.578755
-3.376068
0.964591
1.543346
-0.192918
0.096459
1.736264
-1.543346
2.122100
-0.482295
1.446886
-3.954823
-1.157509
-2.218559
0.289377
-3.568987
0.771673
0.096459
-0.771673
-3.086691
1.350427
-2.411477
1.350427
1.543346
4.147741
3.086691
4.919414
1.157509
3.761905
1.253968
5.594628
0.675214
4.437118
-1.061050
-2.797314
-4.437118
-0.482295
-4.822955
-3.858364
-5.112332
0.771673
0.385836
6.366300
5.208791
8.488400
5.015873
5.015873
-0.289377
0.385836
-5.208791
-2.797314
-5.208791
-4.822955
-6.173382
-2.507937
-4.822955
-5.691087
-6.076923
-4.437118
-7.427350
-6.269841
-3.761905
-1.832723
0.000000
4.147741
-0.868132
4.630037
2.990232
1.639805
1.446886
1.832723
-1.929182
-1.350427
-5.305250
-3.858364
-4.051282
-5.787546
-7.716728
-8.006105
-11.960928
-12.346764
-12.057387
-12.057387
-9.260073
-8.488400
-8.006105
-4.147741
-3.858364
-3.376068
-1.639805
-2.315018
-1.061050
-2.990232
-2.797314
-5.884005
-5.208791
-7.234432
-7.523810
-5.884005
-4.822955
-3.665446
0.000000
-0.771673
-3.279609
-3.568987
-5.594628
-10.803419
-9.742369
-7.041514
-5.787546
-5.208791
-3.183150
-5.594628
-3.279609
-2.797314
3.472527
4.919414
7.330891
4.051282
3.376068
1.639805
2.990232
-2.797314
-0.675214
-0.771673
-0.482295
-5.594628
-3.954823
-6.945055
-5.787546
-8.970696
-7.427350
-9.645910
-7.137973
-5.401709
-6.559219
-6.752137
-4.822955
-5.305250
-3.665446
-4.919414
-1.832723
-4.533578
-2.700855
-3.183150
-2.604396
-3.183150
-2.411477
-3.761905
-2.797314
-3.376068
-2.218559
-1.446886
3.568987
-2.025641
2.604396
1.253968
2.411477
0.385836
2.411477
0.385836
3.858364
-1.061050
2.700855
-0.771673
3.954823
3.279609
5.980464
2.411477
2.507937
0.385836
3.086691
-1.736264
-0.578755
-3.279609
-2.604396
-7.523810
-5.112332
-10.031746
-6.173382
-7.234432
-2.315018
-2.025641
2.218559
-1.832723
1.736264
-3.472527
-0.868132
-2.507937
-2.122100
-5.208791
-2.122100
-3.954823
0.578755
-3.279609
-2.411477
-7.137973
-5.980464
-5.498168
-2.604396
-5.980464
-1.832723
-3.376068
-0.096459
-0.096459
1.639805
-0.289377
5.980464
4.051282
6.366300
5.401709
5.787546
2.604396
1.929182
1.736264
2.122100
0.000000
-1.350427
-1.157509
-2.218559
-2.893773
-2.218559
-5.208791
-0.385836
-1.061050
-0.289377
0.385836
3.858364
3.761905
5.015873
3.279609
2.218559
-1.253968
-2.218559
-3.761905
-7.137973
-6.655678
-5.401709
-3.086691
-0.578755
-1.350427
1.832723
2.218559
2.218559
6.559219
8.102564
8.199023
12.443223
11.768010
10.321123
7.813187
6.752137
4.630037
2.025641
-0.385836
-1.061050
-1.929182
-0.192918
-2.507937
-0.675214
-2.604396
-1.350427
-0.771673
3.761905
4.437118
7.716728
3.858364
3.568987
0.675214
-1.157509
-4.147741
-3.761905
-7.620269
-4.437118
-4.340659
-3.183150
-2.893773
-1.350427
-1.736264
1.061050
-1.736264
2.797314
2.025641
0.771673
-0.096459
-1.736264
-3.086691
1.350427
1.543346
0.192918
-0.964591
2.604396
-1.543346
-5.884005
-8.006105
-6.366300
-7.716728
-6.848596
-4.340659
-2.411477
-3.279609
-3.954823
-5.112332
-7.620269
-9.356532
-9.452991
-6.655678
-6.462759
-7.716728
-9.067155
-8.102564
-11.960928
-9.067155
-7.620269
-2.893773
-2.315018
-3.376068
-0.771673
-2.411477
-2.025641
4.147741
4.244200
2.604396
2.122100
6.752137
8.777778
6.752137
3.665446
2.218559
3.279609
2.893773
-1.543346
-0.578755
0.000000
2.990232
3.472527
3.376068
2.122100
1.061050
1.929182
6.848596
6.462759
10.996337
9.452991
11.864469
7.137973
8.295482
10.706960
12.443223
13.118437
14.179487
11.864469
10.417582
10.224664
12.636142
15.240537
16.880342
11.382173
10.128205
9.067155
9.645910
11.575092
13.600733
11.189255
4.822955
1.157509
-0.192918
-0.192918
2.411477
0.771673
-0.868132
-9.838828
-9.838828
-9.742369
-2.604396
0.385836
3.858364
3.761905
1.736264
-5.884005
-6.269841
-10.996337
-5.208791
-1.157509
-2.218559
-10.031746
-13.793651
-15.433455
-10.031746
-7.427350
-3.376068
-7.234432
-8.970696
-6.848596
-0.289377
1.736264
7.523810
7.813187
9.163614
1.929182
5.112332
1.157509
6.848596
5.208791
5.305250
2.990232
3.665446
4.340659
7.909646
11.864469
15.047619
9.935287
11.189255
9.356532
12.346764
17.266178
21.413919
18.423687
18.423687
12.250305
12.057387
8.970696
12.153846
10.996337
11.189255
5.691087
2.411477
-2.604396
-2.218559
-1.639805
1.736264
-0.675214
3.568987
1.832723
8.102564
8.488400
7.234432
2.411477
2.700855
-0.868132
-2.893773
0.868132
5.015873
4.822955
8.102564
11.382173
14.661783
12.539683
15.336996
14.275946
14.179487
12.346764
6.752137
-1.253968
-0.096459
3.761905
3.761905
4.726496
5.305250
5.498168
2.315018
2.604396
3.761905
7.427350
