-13.214896
-13.407814
-12.636142
-11.189255
-9.742369
-6.366300
-5.112332
-7.041514
-8.006105
-11.864469
-12.443223
-12.732601
-15.626374
-12.443223
-12.250305
-12.732601
-13.311355
-12.057387
-12.732601
-14.083028
-13.600733
-13.407814
-13.118437
-10.803419
-9.067155
-8.777778
-5.980464
-4.340659
-2.315018
2.411477
1.157509
3.279609
1.736264
0.868132
-1.929182
-5.208791
-6.559219
-7.523810
-9.549451
-10.514042
-12.925519
-15.336996
-22.764347
-24.789988
-24.789988
-19.484737
-15.240537
-10.224664
-8.681319
-8.777778
-8.681319
-2.700855
-1.253968
1.446886
1.253968
0.578755
0.096459
1.061050
3.472527
4.919414
2.893773
7.137973
8.295482
9.742369
7.716728
9.356532
5.305250
6.462759
5.884005
8.777778
3.954823
3.665446
2.315018
1.446886
-1.736264
-3.954823
-5.884005
-5.112332
-6.559219
-3.183150
-2.893773
-5.112332
-8.295482
-5.305250
-3.472527
3.665446
7.137973
11.478632
7.909646
6.366300
4.437118
8.295482
11.671551
17.266178
17.266178
13.504274
7.330891
3.954823
0.289377
5.787546
5.112332
4.533578
0.385836
-2.893773
-4.630037
0.578755
7.234432
5.691087
-1.446886
-5.498168
-6.752137
-1.350427
4.051282
10.803419
2.797314
-6.269841
-12.443223
-10.031746
-3.376068
11.092796
18.327228
6.848596
-7.041514
-11.768010
-9.645910
-1.157509
7.813187
14.661783
8.199023
3.086691
-4.340659
-3.472527
2.700855
11.671551
15.336996
13.407814
6.076923
3.472527
0.675214
5.208791
8.777778
13.986569
14.372405
15.336996
16.590965
15.915751
11.382173
10.706960
10.224664
12.539683
15.240537
12.539683
15.144078
18.423687
18.520147
15.240537
11.575092
13.793651
15.144078
15.144078
12.539683
12.346764
10.031746
11.671551
12.443223
12.057387
11.092796
9.742369
8.584860
4.822955
5.015873
4.244200
5.787546
3.183150
1.736264
0.675214
-0.289377
-3.376068
-3.954823
-2.797314
-2.990232
-2.122100
0.192918
-0.964591
-2.990232
-4.340659
-2.797314
-0.385836
2.411477
0.000000
1.157509
1.061050
2.797314
0.385836
0.675214
-0.482295
-1.639805
-4.726496
-0.578755
2.893773
4.437118
4.340659
7.620269
6.752137
7.330891
6.945055
4.147741
4.726496
6.269841
6.269841
10.514042
9.935287
8.006105
6.366300
4.340659
3.376068
4.244200
4.147741
5.208791
7.330891
9.260073
10.224664
10.128205
5.015873
2.411477
-2.797314
-3.472527
-6.173382
-2.893773
-1.832723
-1.253968
1.543346
2.122100
0.385836
-2.218559
-4.533578
-6.945055
-8.777778
-10.610501
-10.610501
-12.153846
-11.960928
-11.285714
-11.671551
-13.600733
-13.407814
-16.398046
-13.793651
-10.514042
-9.067155
-11.285714
-12.829060
-10.899878
-9.838828
-7.813187
-5.594628
-0.964591
-1.253968
-1.446886
-0.482295
0.385836
1.253968
0.771673
0.385836
-1.736264
-3.472527
-4.147741
-5.208791
-5.208791
-4.340659
-3.954823
-4.051282
0.000000
-3.954823
-2.700855
-3.472527
-4.437118
-3.472527
-1.929182
-1.832723
-4.051282
-4.533578
-1.446886
-0.385836
-1.639805
-4.051282
-2.797314
0.096459
3.568987
4.051282
4.340659
3.086691
4.919414
3.954823
1.061050
-0.385836
1.350427
-0.482295
-0.192918
-2.411477
-2.025641
-2.218559
-2.025641
-0.868132
-1.350427
-0.868132
0.192918
-1.543346
-3.183150
-4.726496
-3.568987
-0.289377
3.376068
2.797314
4.822955
1.543346
0.385836
-0.192918
-1.253968
-3.954823
-4.437118
0.675214
1.446886
2.315018
7.427350
9.356532
11.960928
12.925519
14.758242
13.504274
12.636142
11.478632
9.260073
4.822955
5.980464
2.218559
2.025641
0.385836
0.964591
2.122100
3.376068
2.604396
2.122100
1.543346
2.411477
-0.385836
0.675214
-0.868132
0.096459
-3.472527
-1.929182
-0.192918
4.051282
7.041514
7.813187
8.391941
9.067155
8.006105
5.015873
4.726496
5.980464
8.102564
9.452991
10.128205
10.706960
10.031746
15.529915
12.346764
8.391941
6.269841
6.462759
6.366300
7.909646
4.726496
6.173382
4.051282
4.051282
-0.675214
0.385836
-2.797314
-2.025641
-1.253968
3.086691
2.507937
7.137973
8.199023
6.076923
6.655678
6.752137
4.340659
7.427350
8.584860
10.224664
12.732601
12.829060
9.742369
7.909646
6.462759
3.376068
2.604396
2.893773
0.385836
2.122100
1.446886
2.411477
-1.350427
-5.884005
-10.514042
-11.189255
-10.224664
-8.681319
-7.716728
-2.507937
1.639805
4.051282
1.061050
1.061050
-2.025641
-0.964591
-0.675214
0.675214
1.446886
2.797314
0.385836
4.051282
2.700855
8.874237
8.584860
7.813187
7.234432
6.462759
5.498168
3.665446
0.289377
1.832723
-0.868132
1.446886
2.507937
1.157509
1.350427
2.700855
2.025641
3.954823
1.446886
1.350427
-3.183150
-2.315018
-0.289377
-1.061050
0.385836
1.446886
2.122100
3.665446
6.655678
9.935287
6.462759
8.488400
8.006105
10.706960
10.128205
8.102564
6.173382
6.559219
1.929182
-2.025641
-3.858364
-2.411477
0.385836
1.832723
4.244200
4.340659
2.218559
0.868132
0.675214
1.639805
3.472527
4.822955
4.822955
4.051282
2.122100
-0.771673
2.025641
2.604396
1.543346
5.112332
7.620269
9.452991
8.199023
7.716728
2.025641
2.025641
2.604396
2.507937
3.472527
1.446886
-0.578755
-0.578755
-1.157509
-4.340659
-3.086691
-3.472527
-2.700855
-5.401709
-4.147741
-4.340659
-3.086691
1.061050
3.279609
5.498168
6.462759
6.559219
4.822955
5.208791
4.051282
2.025641
4.051282
4.147741
2.893773
1.350427
-1.061050
-0.868132
1.157509
-0.578755
2.700855
8.488400
8.874237
10.128205
8.199023
4.147741
2.797314
0.868132
3.086691
-0.192918
-1.253968
-1.350427
-1.253968
-2.507937
-2.122100
-0.192918
-0.771673
-1.736264
-2.700855
-4.147741
-2.700855
-2.893773
-0.385836
-1.446886
-0.675214
-2.025641
0.385836
0.096459
3.279609
-0.578755
-0.192918
-3.279609
-3.279609
-6.462759
-6.945055
-11.189255
-14.468864
-16.012210
-16.108669
-15.144078
-11.382173
-10.128205
-2.797314
0.192918
5.691087
0.385836
0.964591
-0.868132
-1.253968
0.385836
1.446886
-0.192918
-0.771673
-5.112332
-2.604396
-2.315018
-0.964591
-2.315018
0.385836
-0.868132
3.568987
2.893773
3.954823
2.700855
3.086691
-0.482295
-3.858364
-5.980464
-4.822955
-4.533578
-4.244200
-8.102564
-11.382173
-10.706960
-9.838828
-9.163614
-5.112332
-1.832723
2.893773
2.893773
-1.061050
-3.858364
-1.350427
-1.157509
-0.096459
-3.376068
1.832723
6.752137
11.671551
10.417582
9.356532
4.147741
4.147741
4.147741
4.533578
2.507937
-0.385836
-3.858364
-6.462759
-7.234432
-4.919414
-7.716728
-2.700855
-0.771673
2.411477
3.761905
3.761905
6.076923
7.716728
5.691087
6.366300
5.884005
6.559219
6.462759
6.655678
8.681319
11.092796
8.488400
5.498168
1.543346
-0.482295
-4.147741
-2.218559
-3.183150
-2.604396
-3.568987
-4.919414
-12.153846
-9.838828
-9.356532
-2.797314
0.000000
-0.289377
0.385836
4.726496
6.945055
8.391941
4.822955
1.832723
-1.543346
0.964591
-2.411477
-5.498168
-8.199023
-8.006105
-7.234432
-4.533578
-6.269841
-3.472527
-5.112332
-1.639805
-2.315018
0.096459
-1.543346
1.639805
2.315018
3.761905
3.376068
6.269841
4.919414
6.462759
5.498168
6.269841
4.726496
5.691087
5.980464
7.427350
8.391941
5.980464
5.401709
4.630037
1.639805
2.893773
2.604396
5.594628
3.954823
3.086691
2.990232
4.726496
2.990232
3.086691
1.929182
2.315018
-1.061050
0.964591
0.289377
0.000000
-0.675214
-0.192918
-4.437118
-4.147741
-4.437118
-2.315018
-1.157509
1.157509
1.639805
5.112332
6.945055
10.514042
9.452991
6.848596
4.244200
3.472527
2.507937
0.096459
-4.822955
-8.391941
-6.173382
-4.919414
-4.919414
-0.964591
-1.639805
0.289377
0.289377
-1.929182
-1.639805
-3.665446
-2.990232
0.771673
2.411477
5.594628
3.568987
2.507937
1.832723
3.472527
4.726496
10.224664
10.803419
13.504274
8.970696
8.777778
7.523810
5.691087
5.015873
5.401709
1.929182
0.385836
-5.015873
-5.691087
-8.295482
-8.777778
-7.909646
-8.391941
-8.970696
-9.260073
-9.742369
-3.665446
-4.437118
-5.787546
-4.726496
-6.559219
-6.173382
-2.893773
-2.990232
-3.472527
-2.797314
-3.568987
-2.411477
-3.279609
-4.919414
-2.604396
-2.122100
0.675214
4.244200
8.295482
9.645910
9.742369
8.391941
7.041514
4.822955
2.893773
0.385836
-1.350427
-3.665446
1.061050
2.700855
1.543346
3.472527
2.893773
1.061050
-0.771673
-3.858364
0.096459
-0.192918
-6.173382
-5.208791
-0.675214
-2.507937
-5.305250
-4.726496
-4.822955
-4.147741
-5.015873
-8.584860
-5.691087
-5.594628
-7.330891
-8.391941
-10.706960
-11.864469
-11.864469
-13.311355
-11.092796
-14.951160
-13.407814
-8.777778
-4.051282
-5.112332
-3.665446
-2.604396
0.771673
3.086691
2.025641
0.385836
-0.771673
-1.446886
-4.051282
-2.893773
-4.533578
-6.173382
-8.006105
-9.549451
-9.742369
-8.006105
-7.909646
-4.822955
-1.543346
-1.639805
0.385836
-1.157509
-2.797314
-4.437118
-4.822955
-2.893773
-3.376068
-4.919414
-6.462759
-8.295482
-5.787546
-5.015873
-6.945055
-7.137973
-4.822955
-9.549451
-7.620269
-5.208791
-6.269841
-4.533578
-4.340659
-4.533578
-5.208791
-4.437118
-4.919414
-7.716728
-8.681319
-7.137973
-4.726496
-4.919414
-5.015873
-6.945055
-5.208791
-5.594628
-5.498168
-4.822955
-1.350427
2.604396
6.752137
6.462759
6.462759
7.041514
6.752137
7.813187
4.244200
2.893773
-0.964591
-1.929182
-2.025641
-3.665446
-2.893773
-2.990232
-2.990232
-2.411477
-3.954823
-7.041514
-9.356532
-6.848596
-6.559219
-2.315018
1.350427
2.122100
2.990232
1.736264
0.385836
0.000000
-3.954823
-3.183150
-4.051282
-1.543346
-1.736264
2.411477
3.183150
3.761905
2.604396
1.157509
3.954823
7.427350
6.655678
7.813187
8.102564
8.295482
2.797314
1.832723
2.122100
2.700855
-0.868132
-1.157509
-7.813187
-9.645910
-9.549451
-4.533578
-5.401709
-8.874237
-11.382173
-9.356532
-8.006105
-2.990232
-4.726496
-6.173382
-7.523810
-4.340659
-3.183150
2.507937
2.507937
5.305250
3.858364
3.472527
2.122100
3.279609
0.385836
3.665446
3.858364
6.173382
6.366300
6.076923
6.462759
10.224664
7.041514
12.057387
11.768010
6.752137
6.173382
6.752137
2.315018
3.279609
5.594628
5.691087
2.218559
2.990232
2.218559
4.822955
5.594628
7.909646
6.752137
3.858364
2.411477
1.639805
0.096459
-1.543346
-2.893773
-1.253968
-1.350427
1.350427
1.736264
3.183150
3.858364
7.427350
3.568987
3.568987
1.157509
0.000000
-0.096459
1.446886
1.157509
2.507937
0.192918
3.761905
4.244200
2.893773
2.507937
1.157509
0.385836
1.832723
4.630037
6.848596
7.523810
8.777778
5.594628
3.183150
1.832723
1.446886
0.771673
3.376068
1.157509
2.507937
0.192918
-1.832723
-3.568987
-5.401709
-9.935287
-7.716728
-6.076923
-7.041514
-6.366300
-3.858364
-3.279609
-3.858364
-5.498168
-7.620269
-8.295482
-10.610501
-13.793651
-15.722833
-15.433455
-18.423687
-16.783883
-13.890110
-12.636142
-8.391941
-7.137973
-7.234432
-0.675214
2.025641
1.157509
2.797314
3.858364
4.630037
5.884005
2.797314
6.173382
7.041514
4.340659
3.183150
3.858364
4.244200
5.594628
7.330891
7.330891
8.102564
5.498168
2.990232
7.427350
7.330891
9.356532
12.636142
10.899878
8.874237
9.356532
8.970696
7.427350
3.858364
3.665446
0.964591
0.385836
-0.964591
-0.096459
-0.385836
-0.192918
-0.385836
0.675214
0.964591
1.543346
4.340659
3.858364
5.498168
7.909646
3.954823
6.559219
6.559219
3.279609
1.832723
3.761905
3.472527
1.543346
-0.385836
0.096459
-3.183150
-3.376068
-4.340659
-0.964591
-2.700855
-1.253968
-2.315018
-2.797314
-2.122100
1.929182
0.771673
2.797314
1.543346
2.218559
-0.675214
-0.868132
-3.858364
0.192918
-0.578755
-3.472527
-3.858364
-2.700855
-5.401709
-1.253968
-1.061050
-0.192918
-1.639805
0.385836
0.385836
4.147741
3.183150
2.315018
2.700855
4.822955
1.929182
2.315018
-0.675214
0.192918
-2.797314
0.096459
-2.893773
-5.594628
-8.777778
-8.488400
-8.295482
-4.051282
-4.630037
-3.761905
-5.884005
-2.411477
-0.289377
2.411477
5.884005
9.163614
5.208791
5.015873
1.253968
2.122100
0.385836
-0.675214
-0.289377
3.472527
1.350427
1.543346
0.096459
-1.350427
-4.244200
-3.183150
-3.376068
-2.411477
-6.173382
-1.253968
-1.446886
-2.315018
-0.192918
3.376068
0.385836
0.868132
2.797314
7.234432
5.594628
3.761905
4.244200
4.051282
3.086691
1.446886
-1.350427
1.061050
-2.411477
-4.630037
-4.726496
-6.076923
-7.620269
-5.112332
-5.884005
-3.472527
-3.954823
-6.655678
-6.269841
-5.208791
-7.620269
-5.594628
-4.630037
-3.472527
-3.086691
-1.350427
-3.954823
-3.954823
-4.244200
-3.086691
-3.183150
-0.964591
-1.929182
-1.061050
-1.736264
-1.253968
-0.385836
0.964591
-2.025641
-1.736264
-1.929182
0.096459
-4.630037
-1.929182
-0.964591
-3.858364
-3.568987
3.086691
2.990232
5.594628
5.594628
8.777778
3.472527
3.086691
-0.771673
-5.401709
-9.935287
-10.996337
-11.189255
-9.452991
-10.224664
-6.945055
-5.112332
-5.498168
-5.208791
-4.244200
-6.559219
-2.893773
-3.086691
-1.736264
0.000000
2.507937
0.964591
2.218559
2.604396
2.122100
1.446886
0.868132
-1.350427
6.269841
10.996337
15.047619
13.021978
11.575092
8.102564
6.462759
4.051282
4.051282
1.446886
4.437118
1.929182
3.279609
2.122100
4.147741
2.411477
3.472527
0.771673
2.411477
3.279609
5.980464
5.691087
5.498168
5.401709
6.076923
3.376068
4.051282
3.472527
5.787546
5.305250
4.051282
4.051282
2.797314
1.157509
1.253968
-2.990232
-3.183150
-6.173382
-6.559219
-8.488400
-7.909646
-7.716728
-2.700855
-6.269841
-5.305250
-5.691087
-4.147741
-2.122100
-0.289377
-0.771673
1.253968
-1.350427
-1.157509
0.771673
2.122100
-0.096459
2.990232
5.015873
5.691087
4.244200
6.173382
8.199023
8.102564
4.630037
5.112332
1.639805
1.736264
0.385836
0.096459
-2.122100
2.315018
1.543346
2.122100
2.218559
3.376068
-0.096459
1.446886
1.639805
1.253968
0.771673
4.533578
2.797314
6.173382
5.498168
5.305250
1.543346
-3.279609
-6.559219
-5.980464
-7.909646
-3.279609
-5.691087
-4.147741
-3.954823
-4.533578
-2.507937
-0.964591
-4.822955
-5.691087
-8.102564
-5.112332
-3.279609
-2.218559
-1.736264
2.604396
-0.289377
-0.192918
-4.630037
-7.330891
-9.067155
-9.838828
-8.391941
-6.462759
-6.173382
-5.980464
-0.482295
3.954823
5.980464
4.533578
8.488400
10.899878
13.214896
10.610501
8.199023
2.218559
1.929182
1.253968
-1.061050
-2.411477
-2.797314
-4.244200
-5.208791
-2.893773
-3.858364
-3.665446
-5.691087
-6.848596
-2.990232
-1.446886
0.675214
1.543346
1.253968
1.446886
-1.832723
-5.208791
-2.507937
3.086691
4.340659
2.700855
-0.868132
-0.868132
-0.385836
2.797314
8.681319
16.108669
14.179487
11.382173
5.401709
-0.868132
-2.797314
3.279609
4.919414
1.350427
-5.980464
-9.838828
-6.655678
-6.559219
2.893773
13.697192
18.809524
18.713065
14.758242
9.356532
10.128205
6.752137
9.163614
8.777778
4.147741
1.157509
0.964591
-1.253968
5.787546
13.311355
13.407814
2.700855
-3.665446
-0.578755
3.568987
3.761905
6.752137
6.173382
4.244200
0.771673
-4.147741
-1.061050
6.076923
8.199023
5.691087
1.350427
1.446886
-1.543346
0.675214
4.051282
7.041514
4.244200
2.893773
2.025641
4.437118
5.691087
10.031746
11.575092
11.285714
10.706960
8.681319
6.366300
9.067155
8.488400
11.478632
9.742369
8.777778
7.137973
6.269841
2.507937
1.157509
-2.700855
-1.253968
-1.157509
2.604396
-1.736264
0.771673
1.157509
6.366300
7.909646
5.112332
6.848596
9.067155
6.076923
7.041514
7.330891
7.137973
6.076923
7.330891
7.041514
3.472527
4.919414
5.498168
5.208791
7.234432
8.970696
10.321123
11.478632
9.935287
6.655678
4.437118
2.315018
0.675214
0.868132
1.157509
2.218559
5.691087
9.452991
8.874237
9.356532
9.260073
4.244200
4.051282
2.411477
-1.929182
-3.086691
-4.244200
-5.498168
-4.919414
-3.086691
-4.630037
-6.269841
-6.462759
-3.954823
-5.208791
-6.945055
-5.401709
-5.305250
-3.954823
-1.832723
1.253968
5.594628
4.147741
3.086691
1.350427
0.385836
1.543346
1.061050
2.507937
2.315018
6.173382
6.655678
4.919414
7.427350
6.173382
6.655678
6.945055
6.173382
3.954823
2.025641
0.385836
0.771673
2.700855
7.813187
7.813187
6.366300
2.797314
-1.157509
-4.630037
-7.041514
-5.884005
-5.208791
-7.234432
-10.321123
-12.732601
-11.768010
-10.514042
-6.076923
-3.472527
-0.578755
2.604396
5.015873
6.462759
8.970696
9.067155
5.305250
0.192918
-4.630037
-7.620269
-7.041514
-5.594628
-4.244200
-5.015873
-3.279609
-6.945055
-8.006105
-8.199023
-6.366300
-2.411477
0.385836
-1.350427
-3.568987
-10.417582
-11.768010
-11.864469
-11.382173
-9.549451
-11.960928
-13.890110
-16.494505
-18.134310
-13.986569
-11.960928
-9.935287
-12.153846
-13.021978
-12.153846
-10.128205
-5.884005
1.350427
2.700855
-0.578755
-7.137973
-8.102564
-8.584860
-7.427350
-2.122100
-1.157509
-4.726496
-5.208791
-7.813187
-3.376068
-1.061050
2.507937
2.990232
3.183150
1.157509
2.122100
1.157509
3.761905
3.568987
5.112332
1.832723
0.289377
-0.482295
1.253968
1.639805
3.954823
1.736264
1.061050
-1.929182
-2.218559
-5.401709
-2.700855
-3.568987
-0.675214
1.543346
2.025641
5.980464
6.366300
5.208791
6.269841
4.630037
6.269841
4.533578
5.305250
4.726496
2.604396
1.350427
1.350427
1.832723
1.350427
0.868132
3.086691
0.000000
0.868132
-1.832723
1.350427
-0.192918
2.990232
3.568987
2.218559
1.446886
3.183150
3.086691
0.964591
-2.025641
-1.157509
1.253968
1.061050
1.446886
3.858364
1.446886
1.543346
0.385836
1.929182
0.192918
0.771673
-1.157509
-1.061050
-1.061050
0.868132
-0.192918
2.990232
3.183150
6.848596
7.523810
9.452991
7.716728
6.848596
5.884005
5.787546
5.884005
8.391941
9.742369
6.559219
1.350427
2.411477
0.385836
-0.868132
-1.446886
3.665446
6.269841
7.716728
6.945055
6.173382
3.279609
4.147741
3.376068
4.051282
1.543346
2.990232
0.000000
0.289377
-0.868132
1.736264
-1.061050
1.446886
3.761905
9.452991
13.407814
16.880342
16.590965
14.854701
13.890110
12.443223
11.960928
12.925519
11.285714
10.899878
6.559219
8.970696
4.533578
4.919414
3.279609
4.630037
3.086691
4.147741
2.025641
1.253968
-0.868132
-0.771673
-0.771673
1.929182
0.385836
2.604396
1.253968
3.183150
0.385836
0.000000
-1.446886
-0.964591
0.192918
0.000000
0.868132
1.832723
1.157509
0.000000
-1.061050
-0.192918
-1.832723
-0.675214
-2.411477
-0.578755
-2.700855
-0.675214
-1.350427
0.096459
-1.639805
-0.096459
-2.315018
-1.929182
-1.157509
2.025641
2.218559
1.543346
-0.192918
-1.929182
-4.340659
-1.061050
-0.771673
4.340659
2.604396
3.568987
-0.096459
-0.289377
-1.736264
-0.289377
0.675214
2.315018
0.289377
1.157509
-3.761905
-2.122100
-1.543346
1.446886
0.385836
2.315018
-0.192918
-2.507937
-5.208791
-2.315018
-2.893773
-0.675214
-2.893773
0.192918
-5.691087
-4.822955
-5.884005
-2.604396
-2.893773
-3.665446
-4.244200
-2.604396
-5.498168
-4.051282
-4.919414
-4.147741
-7.813187
-4.437118
-5.401709
-1.543346
0.289377
3.279609
0.289377
-3.761905
-3.279609
-1.736264
-0.385836
2.025641
1.446886
-1.061050
-2.218559
2.507937
1.543346
2.507937
-0.096459
0.192918
-7.620269
-9.452991
-9.645910
-9.452991
-8.488400
-6.848596
-6.655678
-7.813187
-6.655678
-3.568987
-1.543346
-1.157509
1.446886
2.797314
0.000000
0.675214
3.279609
4.340659
2.315018
4.630037
3.376068
1.253968
0.192918
1.350427
-0.771673
-0.964591
1.350427
1.350427
-0.192918
-2.990232
-0.385836
0.000000
1.350427
0.000000
-0.964591
-4.630037
-3.376068
-3.183150
-2.507937
0.771673
3.086691
3.376068
2.507937
-0.289377
1.253968
0.096459
0.771673
-0.578755
1.350427
1.736264
2.893773
5.112332
7.909646
8.874237
10.996337
10.031746
9.260073
8.584860
6.945055
2.122100
0.385836
-2.315018
-2.893773
0.385836
3.954823
3.761905
3.183150
-1.350427
0.964591
-1.350427
1.832723
0.868132
0.385836
-2.700855
-4.147741
-4.533578
-3.665446
-6.269841
-8.199023
-13.504274
-10.706960
-13.407814
-10.610501
-10.996337
-9.356532
-10.224664
-11.382173
-9.260073
-6.945055
-5.691087
-4.919414
-4.340659
-3.568987
-1.446886
1.543346
0.675214
1.543346
-1.157509
-0.482295
-3.376068
-0.289377
-0.289377
2.507937
4.340659
9.452991
9.935287
7.137973
7.813187
11.478632
10.224664
11.189255
7.137973
6.269841
-0.289377
0.385836
-4.437118
-4.340659
-9.645910
-7.137973
-6.848596
-4.051282
-2.700855
0.964591
4.340659
8.295482
6.173382
10.417582
11.092796
10.224664
8.777778
12.539683
13.311355
