7.208791
7.298901
8.019780
2.793407
2.523077
4.415385
6.307692
3.964835
3.694505
4.054945
7.389011
8.109890
12.345055
12.795604
11.263736
5.857143
6.938462
1.982418
-0.630769
-3.243956
-3.514286
-5.586813
-3.874725
-2.342857
0.901099
0.270330
5.496703
-1.351648
9.461538
11.353846
10.092308
6.578022
6.938462
4.505495
4.505495
0.540659
-1.081319
-2.432967
-1.441758
-0.270330
0.000000
-1.351648
2.883516
4.865934
5.136264
7.028571
9.281319
9.371429
6.758242
2.252747
-0.991209
-4.325275
-9.731868
-13.156044
-10.993407
-10.272527
-7.028571
-4.415385
-2.072527
-2.523077
1.261538
2.613187
2.883516
0.991209
-1.261538
-9.461538
-7.839560
-11.714286
-16.400000
-17.210989
-15.589011
-15.318681
-14.597802
-12.254945
-7.839560
-2.793407
5.947253
8.109890
14.327473
16.219780
9.912088
0.000000
-11.714286
-17.481319
-19.914286
-21.806593
-23.158242
-21.986813
-21.896703
-18.562637
-15.498901
-8.650549
-1.351648
6.397802
10.092308
10.542857
5.046154
-0.450549
-4.054945
-9.191209
-15.589011
-18.112088
-21.356044
-18.742857
-13.967033
-8.019780
0.720879
8.740659
18.472527
25.320879
29.105495
29.556044
26.762637
21.896703
17.931868
13.336264
8.560440
4.235165
3.153846
3.784615
3.514286
3.604396
6.127473
11.534066
17.120879
22.978022
23.338462
19.103297
8.920879
-6.758242
-3.243956
-4.505495
-6.127473
-6.578022
-10.362637
-8.650549
-5.406593
0.450549
1.081319
0.991209
-1.441758
0.810989
1.351648
2.883516
1.892308
2.523077
-1.531868
-1.441758
-1.802198
-0.720879
0.991209
3.063736
7.569231
12.705495
14.507692
16.309890
16.039560
20.094505
18.382418
15.949451
8.830769
4.865934
0.810989
-0.540659
-2.432967
-0.630769
-0.270330
0.991209
-4.054945
7.118681
9.101099
12.345055
12.435165
12.074725
9.101099
5.406593
1.982418
0.360440
-2.703297
-2.342857
-3.424176
0.360440
-0.180220
2.342857
0.901099
9.641758
11.714286
11.984615
10.813187
8.290110
0.901099
-5.676923
-11.353846
-12.254945
-10.362637
-5.947253
-2.613187
-2.162637
0.270330
1.892308
4.956044
6.578022
6.397802
5.316484
-1.171429
-5.406593
-8.740659
-5.767033
-4.775824
-0.991209
0.720879
2.523077
3.514286
6.578022
7.298901
9.461538
7.479121
7.208791
6.127473
6.037363
2.883516
4.054945
3.153846
3.514286
3.784615
5.947253
7.118681
8.200000
5.226374
10.182418
3.514286
8.650549
5.857143
4.325275
0.270330
0.000000
0.540659
-2.613187
-3.334066
-1.802198
0.630769
1.621978
7.298901
8.200000
8.290110
7.929670
5.316484
-0.180220
-6.307692
-7.659341
-8.560440
-8.740659
-7.749451
-7.839560
-7.479121
-3.424176
-3.964835
-1.892308
-0.991209
1.081319
4.325275
4.685714
2.883516
0.630769
-1.531868
-0.720879
-0.450549
1.892308
7.298901
8.380220
5.406593
7.569231
13.967033
13.876923
8.740659
2.432967
-8.650549
-1.441758
-2.162637
0.180220
2.793407
6.487912
8.470330
9.371429
11.443956
15.408791
15.949451
14.507692
8.830769
4.054945
-2.342857
-6.578022
-6.758242
-8.740659
-10.542857
-9.101099
-4.145055
-4.595604
-5.226374
-2.793407
-3.694505
-4.865934
-8.920879
-11.804396
-14.958242
-15.679121
-16.850549
-16.129670
-15.679121
-16.219780
-11.624176
-6.848352
0.720879
2.973626
5.226374
7.929670
1.621978
-1.892308
-10.542857
-18.292308
-22.076923
-23.248352
-23.698901
-22.257143
-20.635165
-20.454945
-19.553846
-19.013187
-16.129670
-16.580220
-14.687912
-18.652747
-19.914286
-23.608791
-25.501099
-23.789011
-22.167033
-19.553846
-13.426374
-11.714286
-5.676923
-6.037363
-0.270330
1.621978
3.874725
1.531868
1.531868
2.883516
1.712088
-2.162637
-2.973626
-5.046154
-3.243956
-2.252747
1.081319
2.703297
4.325275
6.938462
6.487912
5.947253
8.019780
7.118681
5.857143
1.531868
1.171429
-0.270330
-0.991209
-2.342857
-0.360440
2.613187
4.865934
6.127473
7.298901
8.920879
12.254945
9.371429
9.101099
8.380220
6.217582
2.432967
1.351648
-1.261538
-0.901099
-1.712088
2.342857
1.712088
5.136264
3.063736
3.063736
4.325275
8.290110
7.839560
7.389011
3.424176
1.892308
-2.162637
-2.613187
-5.226374
-4.685714
-3.243956
1.351648
4.505495
5.767033
6.217582
1.171429
13.426374
14.778022
11.083516
6.487912
1.712088
-0.360440
2.252747
2.072527
4.956044
6.037363
7.118681
9.731868
11.804396
13.065934
9.912088
5.947253
4.145055
3.604396
-0.180220
-1.531868
-1.712088
-4.595604
-2.072527
-2.432967
3.153846
4.775824
7.298901
7.389011
4.775824
1.081319
1.531868
-0.810989
-1.081319
-5.046154
-2.703297
-4.956044
-3.153846
-1.531868
3.694505
6.758242
9.010989
11.353846
12.975824
10.723077
8.740659
4.054945
4.235165
1.261538
-1.261538
-3.784615
-6.578022
-6.487912
-4.325275
-2.973626
-3.153846
-1.621978
0.720879
1.441758
1.171429
0.360440
-1.261538
-3.784615
-3.243956
-1.441758
0.810989
-1.171429
-2.883516
-3.784615
-2.613187
-1.802198
2.252747
3.243956
2.973626
4.865934
5.316484
7.028571
13.336264
13.786813
15.498901
14.237363
14.327473
9.551648
5.676923
0.450549
-0.270330
0.540659
5.226374
7.389011
9.010989
9.731868
11.804396
8.470330
3.874725
0.270330
-0.450549
-1.712088
-4.415385
-4.505495
-3.964835
-0.901099
-0.270330
-2.252747
-0.630769
1.441758
7.929670
9.010989
8.200000
8.920879
9.281319
4.235165
-2.342857
-6.127473
-7.028571
-8.200000
-12.795604
-10.452747
-9.101099
-3.784615
-0.090110
4.775824
7.118681
9.281319
8.290110
6.578022
4.775824
1.171429
-2.162637
-1.531868
-2.973626
-3.243956
-4.685714
-3.514286
-6.578022
-8.019780
-8.380220
-5.406593
-5.676923
-6.758242
-5.767033
-10.632967
-5.136264
-1.982418
-2.162637
-1.712088
-2.883516
1.261538
6.127473
6.397802
4.685714
2.973626
1.261538
1.261538
0.720879
5.046154
6.487912
9.461538
10.272527
10.002198
11.534066
11.984615
11.984615
11.624176
11.263736
15.138462
18.472527
22.617582
21.265934
19.193407
17.391209
11.804396
11.804396
7.298901
7.298901
3.694505
5.406593
6.397802
8.920879
13.065934
12.525275
13.246154
13.876923
12.525275
9.191209
2.973626
-2.072527
-6.487912
-11.624176
-17.120879
-18.472527
-19.734066
-14.597802
-13.426374
-11.624176
-8.470330
-4.685714
-4.685714
-3.694505
-6.668132
-11.804396
-16.490110
-20.454945
-23.158242
-25.320879
-28.384615
-26.131868
-22.887912
-19.734066
-18.832967
-16.039560
-15.228571
-16.580220
-16.400000
-14.597802
-17.391209
-19.914286
-24.690110
-25.681319
-27.123077
-25.951648
-22.167033
-15.498901
-8.560440
2.252747
6.848352
12.885714
10.903297
7.749451
6.037363
3.964835
2.342857
-0.540659
-6.397802
-8.920879
-6.668132
-3.243956
1.441758
5.857143
7.839560
7.389011
7.298901
7.479121
4.325275
-0.720879
-4.775824
-7.028571
-8.290110
-7.298901
-4.865934
-0.901099
6.758242
11.353846
12.254945
12.074725
11.894505
8.830769
8.290110
7.028571
5.496703
0.540659
-1.081319
-3.334066
-4.235165
-4.595604
-0.901099
5.586813
9.912088
10.002198
13.426374
15.498901
17.030769
14.327473
11.263736
6.217582
4.145055
2.162637
1.892308
0.630769
4.235165
4.145055
7.298901
10.993407
16.129670
17.841758
18.382418
19.824176
17.571429
11.624176
7.389011
2.973626
1.171429
-2.613187
-2.252747
-1.171429
-1.081319
0.810989
8.740659
12.705495
16.309890
18.021978
17.841758
14.778022
10.632967
-1.712088
-4.865934
-8.200000
-12.074725
-9.641758
-8.470330
-5.496703
-0.901099
5.406593
11.263736
13.246154
17.481319
17.481319
15.679121
11.714286
4.325275
1.712088
-2.793407
-7.298901
-9.461538
-8.380220
-4.865934
-4.054945
-2.703297
-1.982418
2.252747
6.938462
9.371429
10.362637
7.389011
5.226374
3.964835
0.270330
-2.703297
-2.703297
-1.712088
1.261538
2.703297
3.424176
3.334066
5.406593
7.749451
7.749451
9.281319
9.191209
8.920879
6.668132
3.694505
4.235165
0.090110
0.540659
0.000000
0.540659
0.630769
0.991209
2.703297
1.081319
-2.252747
3.784615
5.496703
5.947253
4.145055
1.531868
-1.531868
-1.261538
-4.415385
-6.848352
-5.496703
-0.540659
2.072527
4.685714
6.397802
8.290110
9.191209
10.542857
8.560440
5.046154
2.703297
-0.540659
-3.153846
-5.136264
-6.938462
-10.452747
-7.208791
-5.136264
-2.793407
-0.720879
5.496703
10.182418
12.435165
11.624176
6.668132
2.252747
-0.360440
-3.964835
-1.892308
-3.604396
-2.613187
-2.523077
-1.261538
0.000000
0.991209
2.523077
3.063736
6.758242
10.993407
10.903297
5.316484
-0.630769
-7.659341
-7.929670
-6.397802
-2.162637
-0.901099
-4.505495
-3.424176
-4.235165
-4.145055
-0.991209
2.072527
2.162637
1.441758
-1.712088
-4.775824
-4.956044
-6.758242
-8.200000
-8.740659
-8.290110
-7.118681
-4.595604
-2.703297
-2.793407
-1.712088
-1.261538
-2.523077
-4.685714
-5.226374
-5.226374
-5.676923
-8.740659
-9.371429
-4.415385
-4.325275
-4.956044
-2.613187
-2.342857
-0.810989
0.540659
4.325275
6.217582
6.578022
4.505495
4.145055
0.810989
1.621978
-1.081319
1.531868
-0.180220
-2.973626
-4.235165
-1.712088
-2.342857
-0.991209
-1.441758
-2.342857
-4.956044
-4.054945
-3.424176
0.720879
-0.450549
2.342857
3.063736
4.956044
3.964835
4.956044
6.037363
6.217582
4.145055
5.947253
6.668132
6.668132
4.685714
5.046154
4.235165
4.865934
4.145055
3.964835
3.243956
6.848352
6.758242
10.452747
7.298901
6.307692
3.514286
2.162637
0.630769
0.270330
-0.630769
-1.982418
-0.810989
1.621978
0.630769
2.883516
2.703297
2.703297
2.072527
1.621978
1.531868
1.621978
-1.531868
-3.243956
-4.505495
-2.162637
-2.342857
-0.450549
-0.991209
2.162637
2.072527
6.758242
5.406593
8.560440
9.281319
7.208791
6.037363
3.334066
1.621978
0.810989
-1.351648
0.000000
-0.540659
-0.090110
1.261538
2.703297
0.810989
3.063736
1.351648
2.432967
1.351648
0.901099
0.540659
-0.180220
-0.090110
-0.090110
3.063736
5.136264
5.496703
5.226374
7.298901
7.298901
6.037363
3.424176
1.531868
0.991209
-1.171429
-2.162637
-4.325275
-3.424176
-3.243956
-3.424176
-4.235165
-1.531868
1.171429
2.162637
3.424176
3.784615
2.432967
2.793407
0.630769
-4.595604
-6.127473
0.180220
0.540659
2.252747
1.081319
1.351648
5.046154
0.540659
9.821978
9.641758
5.586813
1.982418
-1.892308
-3.784615
-3.063736
-3.964835
-3.514286
-1.802198
1.171429
1.171429
2.523077
5.586813
6.578022
5.316484
0.630769
0.540659
1.531868
-0.540659
-4.145055
-2.973626
-4.775824
-5.947253
-6.758242
-5.586813
-6.127473
-6.578022
-2.523077
-5.947253
-3.424176
-5.857143
-7.659341
-6.487912
-7.298901
-5.046154
-4.325275
-5.767033
-3.243956
-1.531868
-0.991209
-2.072527
-2.703297
-5.496703
-4.775824
-5.136264
-2.703297
-0.991209
0.630769
-2.252747
0.991209
4.145055
3.243956
4.505495
3.604396
1.441758
1.892308
1.712088
-1.892308
-4.956044
-6.307692
-7.659341
-5.316484
-4.775824
-3.604396
-1.712088
-3.424176
-4.145055
-3.964835
-5.406593
-2.342857
-2.613187
-0.090110
0.450549
0.360440
0.540659
3.784615
2.072527
3.153846
1.081319
0.630769
-0.810989
-0.540659
0.720879
0.991209
0.270330
0.630769
-0.360440
-0.270330
-3.694505
-1.621978
-1.351648
0.180220
-1.802198
-0.450549
1.982418
-0.180220
0.720879
3.874725
2.252747
2.072527
-0.901099
0.540659
1.261538
2.703297
2.072527
4.505495
3.334066
2.162637
3.243956
1.531868
2.883516
0.630769
2.793407
3.153846
2.703297
0.450549
0.901099
1.171429
2.883516
3.153846
2.432967
3.153846
4.235165
1.982418
0.270330
2.613187
4.865934
3.334066
4.595604
0.090110
-0.540659
-0.720879
-1.802198
0.540659
1.441758
2.703297
4.145055
1.441758
-1.081319
-5.586813
-5.586813
-6.037363
-4.685714
-4.505495
-6.037363
-3.514286
2.703297
5.046154
4.235165
0.810989
2.973626
1.171429
-0.720879
-2.973626
-1.712088
-2.703297
-1.802198
-2.252747
-2.162637
-3.424176
-0.901099
0.540659
1.712088
1.351648
0.360440
1.351648
1.621978
4.145055
4.595604
6.938462
4.595604
8.380220
7.749451
7.659341
6.307692
4.595604
5.767033
4.775824
3.964835
5.857143
5.947253
7.389011
7.298901
6.758242
6.758242
3.784615
2.793407
6.127473
3.153846
2.613187
-0.090110
1.621978
-0.180220
1.171429
0.000000
1.802198
1.621978
2.162637
4.235165
6.758242
8.200000
5.586813
3.243956
4.505495
3.153846
2.252747
0.540659
0.270330
2.973626
1.621978
-1.261538
-0.810989
-3.153846
-2.973626
0.360440
2.883516
3.424176
2.342857
0.991209
0.270330
-3.874725
-4.505495
-9.281319
-10.002198
-9.912088
-6.307692
-3.334066
-2.252747
-0.090110
0.991209
2.432967
3.153846
1.802198
-1.802198
-4.775824
-5.676923
-4.325275
-3.874725
0.540659
1.892308
4.685714
4.775824
3.784615
0.810989
-7.298901
0.090110
0.180220
0.540659
0.000000
0.450549
-0.991209
-1.261538
-0.360440
0.090110
0.720879
2.613187
0.991209
-1.621978
-2.252747
-1.982418
0.090110
-1.621978
-0.270330
-0.720879
3.784615
4.054945
4.595604
3.694505
5.767033
5.316484
5.406593
1.351648
2.072527
3.334066
3.334066
3.153846
6.307692
7.298901
9.101099
8.830769
7.569231
5.406593
4.415385
5.406593
7.479121
3.243956
2.523077
0.360440
0.000000
-1.621978
1.531868
1.621978
1.351648
4.325275
5.226374
7.208791
7.749451
8.200000
7.028571
4.956044
0.270330
-3.424176
-2.252747
-4.505495
-5.586813
-3.964835
-2.793407
0.450549
1.531868
2.162637
3.243956
3.694505
2.973626
0.180220
-2.072527
-3.243956
-5.676923
-8.290110
-8.920879
-6.668132
-3.694505
-1.171429
2.162637
5.586813
3.514286
2.342857
-1.261538
-1.802198
-6.307692
-8.290110
-8.920879
-10.452747
-10.452747
-5.316484
-3.153846
0.630769
5.316484
9.371429
14.868132
20.094505
23.248352
24.059341
19.734066
13.876923
9.281319
7.659341
3.424176
1.171429
-2.703297
-1.441758
-0.810989
-2.342857
-4.505495
-3.874725
-7.028571
-6.397802
-9.371429
-8.380220
-8.380220
-6.217582
-8.920879
-6.668132
-7.028571
-0.991209
3.514286
6.758242
4.325275
3.874725
1.982418
-0.180220
-4.415385
-7.028571
-8.290110
-8.290110
-4.325275
-3.243956
-1.261538
1.081319
1.081319
5.586813
3.874725
-0.720879
-3.694505
-5.226374
-7.839560
-9.010989
-8.740659
-9.010989
-11.263736
-9.191209
-9.641758
-8.290110
-6.307692
-2.973626
-1.081319
-6.397802
-3.334066
-5.316484
-8.560440
-5.676923
-4.865934
-3.874725
-6.127473
-3.334066
0.540659
1.982418
4.054945
6.578022
6.217582
4.595604
2.703297
5.676923
4.235165
4.415385
0.720879
-0.630769
-2.523077
0.270330
3.153846
5.316484
6.307692
6.578022
4.054945
-1.712088
-4.415385
-4.325275
-4.054945
-7.118681
-7.749451
-8.830769
-7.118681
-5.767033
-1.081319
2.072527
3.604396
-0.540659
3.243956
7.389011
7.659341
8.109890
8.290110
5.316484
2.432967
2.973626
1.802198
1.351648
-0.360440
-1.171429
1.531868
3.424176
3.964835
4.145055
1.081319
-0.450549
-1.892308
-1.531868
-1.261538
-2.703297
-1.171429
-3.063736
-2.252747
-2.342857
-0.810989
-8.740659
0.360440
0.720879
2.973626
3.784615
1.892308
-0.360440
-0.810989
-0.180220
2.973626
3.784615
1.171429
-0.810989
-0.720879
-5.136264
-4.054945
-1.982418
0.090110
2.252747
0.720879
-0.630769
-2.342857
-0.720879
1.081319
3.334066
2.613187
1.351648
0.901099
0.540659
-0.540659
0.991209
3.424176
4.505495
9.641758
12.885714
16.309890
15.498901
18.382418
13.426374
12.435165
7.659341
5.857143
1.892308
0.090110
0.360440
2.613187
1.982418
2.072527
0.540659
-0.810989
-2.072527
-2.432967
-4.325275
-4.865934
-1.351648
-1.081319
0.000000
0.630769
-2.793407
-4.415385
-8.830769
-7.479121
-8.200000
-4.325275
-2.523077
-1.892308
-0.180220
0.450549
0.720879
-0.450549
-3.334066
-2.523077
-3.153846
-1.351648
3.243956
4.956044
3.243956
1.171429
0.090110
1.261538
2.072527
2.072527
1.171429
-0.540659
-2.613187
-2.703297
-5.586813
-5.226374
-3.334066
-1.621978
-1.441758
-1.261538
-1.802198
-1.802198
-1.261538
0.270330
-1.982418
-0.090110
1.531868
3.334066
2.613187
1.892308
1.171429
1.982418
1.171429
-4.054945
-5.767033
-5.496703
-4.415385
-1.171429
0.630769
0.540659
-5.226374
-6.938462
-8.560440
-6.578022
-6.938462
-5.136264
-2.973626
-2.342857
-0.450549
-2.342857
-2.793407
-1.081319
0.180220
-1.531868
-6.037363
-6.397802
-5.676923
-6.217582
-3.334066
0.901099
3.334066
2.523077
-0.090110
-3.424176
-4.145055
-1.802198
-0.720879
2.432967
-0.991209
-2.252747
-2.252747
3.424176
5.406593
9.191209
6.397802
5.676923
3.063736
1.441758
6.397802
8.650549
10.903297
13.426374
12.975824
10.362637
2.432967
0.180220
1.261538
1.441758
5.136264
10.542857
12.345055
10.993407
0.991209
0.000000
-1.802198
-1.081319
2.613187
4.865934
3.514286
0.810989
-0.360440
-0.360440
1.441758
3.604396
9.821978
9.010989
7.749451
6.037363
5.226374
5.226374
5.947253
13.156044
20.004396
21.356044
19.734066
15.048352
9.731868
5.046154
5.496703
6.397802
11.083516
10.452747
9.731868
7.028571
6.037363
7.208791
10.362637
11.894505
14.237363
11.624176
9.010989
7.389011
9.010989
7.749451
8.830769
10.272527
7.298901
7.118681
6.758242
2.342857
2.162637
3.514286
5.767033
9.191209
8.920879
11.083516
11.353846
7.208791
4.685714
1.621978
-0.630769
-3.514286
-3.424176
-5.226374
-3.604396
0.270330
3.514286
5.947253
7.118681
8.109890
14.507692
14.687912
15.498901
14.687912
11.534066
7.028571
2.523077
4.235165
5.406593
2.703297
0.901099
-3.694505
-4.145055
-6.307692
-4.595604
-4.775824
-3.874725
-1.441758
0.360440
1.712088
2.162637
6.127473
3.514286
0.810989
-4.415385
-6.307692
-9.821978
-7.929670
-6.758242
-7.118681
-5.857143
-5.046154
-4.235165
-2.883516
-2.703297
-4.685714
-4.685714
-2.342857
-7.208791
-10.723077
-12.885714
-14.327473
-10.903297
-9.641758
-4.054945
0.450549
1.531868
2.883516
0.270330
-2.793407
-7.118681
-9.101099
-12.254945
-13.426374
-16.129670
-19.824176
-19.193407
-18.021978
-17.030769
-11.534066
-10.272527
-7.479121
-8.920879
-9.731868
-12.525275
-13.336264
-10.993407
-7.479121
-7.028571
-7.659341
-12.164835
-12.074725
-10.813187
-6.578022
-5.857143
-2.252747
-0.270330
-8.650549
-4.505495
-3.784615
-2.793407
-4.145055
-5.767033
-4.865934
-5.676923
-4.775824
-4.685714
-1.261538
1.802198
4.685714
2.432967
0.180220
-1.441758
2.883516
4.505495
6.938462
5.046154
0.991209
-2.342857
-5.496703
-5.947253
-4.685714
-6.397802
-5.857143
-4.235165
-2.162637
-2.883516
-0.630769
-0.901099
-0.090110
-1.621978
-2.703297
-4.325275
-3.243956
-4.235165
-3.334066
-4.685714
-4.145055
-0.810989
2.973626
4.054945
1.351648
-0.270330
-3.694505
-5.586813
-5.767033
-6.307692
-5.226374
-8.200000
-8.109890
-7.839560
-4.865934
-3.694505
1.171429
3.604396
3.604396
0.540659
0.901099
-2.342857
-2.973626
-4.505495
-3.153846
-1.441758
0.991209
-0.630769
-2.973626
-4.595604
-4.235165
0.090110
3.604396
5.496703
9.641758
4.956044
3.153846
-1.081319
-3.784615
-3.874725
-3.694505
-1.802198
-0.540659
1.171429
2.072527
2.523077
4.956044
5.136264
6.578022
4.145055
3.063736
2.703297
0.090110
1.261538
-4.775824
0.991209
2.252747
2.072527
-0.090110
-0.450549
2.703297
3.334066
3.964835
8.380220
11.263736
12.345055
10.272527
6.487912
1.892308
-4.775824
-5.767033
-1.351648
5.586813
11.353846
10.993407
9.912088
5.947253
4.685714
3.604396
3.694505
3.063736
5.316484
4.865934
4.595604
6.127473
6.127473
7.839560
11.353846
17.120879
15.769231
14.868132
12.254945
6.668132
4.235165
-0.360440
8.470330
11.263736
11.984615
10.813187
7.028571
9.461538
10.813187
9.281319
10.723077
10.723077
11.353846
10.182418
6.217582
5.046154
2.523077
-0.810989
-3.424176
7.749451
8.470330
7.929670
5.046154
2.523077
3.243956
0.540659
2.162637
2.793407
2.613187
1.171429
2.523077
1.802198
4.235165
4.415385
5.857143
5.226374
5.316484
4.054945
3.153846
3.514286
2.072527
-0.810989
0.270330
-0.270330
-1.261538
0.810989
0.540659
0.901099
2.342857
-0.090110
-0.540659
-0.450549
0.180220
-0.270330
0.810989
0.270330
-1.531868
0.090110
-1.531868
-3.874725
-6.037363
-7.659341
-4.595604
-2.072527
-3.153846
-2.613187
-1.441758
0.540659
-0.810989
-0.450549
0.000000
-1.621978
0.000000
0.000000
3.153846
4.054945
3.063736
1.531868
2.613187
1.802198
3.964835
4.685714
6.487912
7.208791
9.731868
7.839560
4.595604
0.630769
3.424176
3.694505
3.334066
0.540659
-0.180220
-1.441758
0.540659
0.270330
0.450549
0.810989
-1.441758
-3.063736
0.720879
0.360440
0.450549
-4.685714
-5.406593
-7.569231
-4.415385
-5.226374
-3.153846
