3.183150
-2.700855
-2.797314
-0.096459
-2.315018
-4.437118
-4.051282
-1.157509
0.000000
-1.929182
-2.604396
-2.700855
-3.086691
-2.122100
-2.025641
-1.446886
-1.157509
-1.639805
-2.218559
-1.061050
-1.929182
-4.340659
-6.076923
-6.366300
-3.858364
-5.498168
-5.498168
-3.954823
-2.315018
-0.771673
-3.086691
-3.954823
-5.980464
-6.559219
-5.691087
-4.726496
-5.691087
-5.498168
-8.584860
-8.199023
-6.462759
-9.549451
-7.620269
-5.208791
-6.848596
-4.630037
-5.208791
-7.427350
-8.295482
-12.346764
-11.285714
-10.803419
-10.803419
-9.549451
-8.006105
-11.285714
-9.935287
-7.137973
-4.437118
-3.665446
-3.279609
-4.244200
-8.970696
-9.645910
-10.610501
-14.083028
-15.529915
-17.266178
-14.661783
-12.057387
-9.067155
-9.260073
-11.382173
-10.803419
-7.909646
-8.970696
-7.523810
-10.224664
-9.838828
-8.777778
-10.706960
-9.356532
-8.874237
-9.163614
-8.584860
-6.462759
-0.482295
-1.253968
0.192918
0.192918
3.472527
3.472527
0.771673
4.147741
2.507937
0.771673
-2.990232
-6.173382
-6.076923
-6.269841
-6.462759
-7.427350
-0.675214
0.675214
-2.700855
-1.929182
1.446886
-0.675214
-3.858364
-4.533578
-2.218559
-1.253968
-6.366300
-7.813187
-6.848596
-4.533578
-4.051282
-3.183150
-1.350427
0.192918
0.578755
2.122100
2.315018
1.832723
-1.061050
-2.218559
0.000000
0.096459
-0.868132
0.385836
-1.446886
-4.147741
-7.620269
-10.706960
-10.899878
-6.655678
-6.848596
-4.533578
-0.289377
2.604396
4.244200
4.437118
-0.482295
-0.482295
-2.025641
-0.868132
-5.208791
-4.919414
-4.147741
-5.208791
-3.472527
-3.858364
-0.578755
2.315018
0.868132
2.218559
2.507937
-1.446886
-4.726496
-8.295482
-11.768010
-10.803419
-6.173382
-4.726496
-5.305250
-4.437118
-5.884005
-3.183150
-2.025641
-3.954823
-3.086691
-4.340659
-2.797314
-1.157509
-2.507937
-4.822955
-8.488400
-5.980464
-0.868132
-4.919414
-6.945055
-6.366300
-1.639805
1.832723
-3.086691
-3.279609
-5.112332
-2.990232
-2.604396
-4.726496
-5.884005
0.868132
4.919414
4.630037
2.604396
0.771673
1.929182
2.411477
1.736264
5.594628
8.970696
11.960928
14.179487
16.398046
14.083028
14.372405
13.118437
13.021978
9.742369
10.031746
6.848596
8.874237
8.874237
7.137973
10.128205
12.250305
8.102564
6.559219
4.630037
6.076923
3.568987
0.385836
-4.822955
-7.330891
-8.681319
-8.777778
-8.970696
-8.006105
-6.173382
-4.822955
-4.244200
-3.761905
-2.218559
-2.700855
-3.761905
-3.568987
-7.523810
-8.295482
-7.716728
-5.401709
-3.376068
-2.122100
-2.893773
0.000000
0.289377
1.350427
1.929182
0.675214
-0.675214
-0.385836
-2.893773
-4.533578
-7.620269
-5.884005
-5.691087
-6.462759
-4.147741
-3.472527
-5.980464
-8.681319
-10.803419
-7.813187
-12.250305
-11.864469
-13.214896
-6.848596
-3.183150
-2.604396
0.289377
2.411477
2.700855
-0.771673
-2.025641
0.289377
1.446886
3.761905
4.726496
5.305250
2.411477
0.868132
-0.192918
-0.578755
-0.964591
4.533578
6.076923
7.137973
6.848596
7.909646
7.716728
4.919414
6.366300
7.620269
9.356532
12.250305
14.179487
13.021978
7.427350
10.514042
10.417582
10.899878
5.980464
-0.192918
-1.061050
-1.061050
-4.051282
-5.208791
-3.376068
-2.122100
0.289377
1.543346
2.411477
1.736264
0.289377
4.244200
6.076923
6.655678
7.716728
11.960928
11.575092
13.793651
13.311355
9.742369
2.700855
6.269841
5.980464
4.147741
4.051282
7.523810
7.234432
5.691087
4.822955
2.604396
2.218559
2.218559
-3.761905
-8.295482
-4.726496
0.964591
2.700855
3.279609
4.919414
6.559219
1.350427
-3.472527
-2.700855
-2.315018
-4.822955
-2.218559
-2.411477
-7.234432
-8.584860
-6.752137
-4.630037
-2.893773
-0.868132
-0.192918
0.096459
0.289377
-2.218559
-1.446886
-1.253968
0.675214
2.990232
6.559219
8.584860
10.031746
9.452991
11.285714
12.829060
13.311355
9.838828
9.356532
9.645910
8.006105
7.137973
5.594628
4.726496
6.173382
4.340659
3.665446
3.568987
5.498168
5.498168
4.630037
2.218559
6.076923
11.382173
10.899878
7.427350
5.498168
6.173382
9.067155
10.996337
14.275946
14.083028
15.047619
11.382173
9.645910
10.996337
10.514042
7.427350
4.340659
3.183150
4.147741
2.893773
6.752137
8.391941
6.366300
5.787546
3.472527
0.964591
-5.691087
-5.498168
-2.990232
-3.858364
-1.929182
1.446886
3.568987
0.868132
3.858364
0.771673
-2.122100
-3.665446
-2.507937
0.385836
2.797314
2.411477
1.736264
1.929182
1.736264
-0.771673
-2.025641
1.543346
1.929182
2.604396
0.578755
1.253968
2.218559
0.096459
-1.543346
-2.218559
-3.858364
-2.507937
-1.929182
-4.340659
-4.437118
-1.061050
2.122100
0.096459
0.385836
2.218559
4.147741
5.305250
4.051282
-0.868132
0.964591
-2.604396
-1.350427
1.639805
1.157509
2.990232
3.472527
3.183150
1.832723
0.385836
-1.157509
-2.797314
-1.832723
-3.954823
-2.218559
-0.771673
-3.086691
-3.665446
-0.964591
-1.929182
-0.192918
-2.315018
-1.350427
0.964591
1.446886
1.929182
2.700855
4.533578
1.061050
-1.543346
1.350427
-0.964591
-0.771673
-0.964591
1.253968
0.964591
2.604396
3.858364
6.076923
9.067155
10.514042
9.067155
5.015873
4.630037
6.752137
6.945055
4.051282
-1.929182
-1.061050
-1.157509
-0.192918
1.736264
1.446886
3.665446
2.990232
-0.289377
-1.639805
-4.533578
-3.376068
-2.797314
-1.736264
0.385836
1.157509
-1.929182
-0.096459
-3.279609
-4.533578
-6.655678
-9.645910
-6.173382
-5.884005
-8.391941
-6.848596
-5.208791
1.157509
2.025641
1.350427
0.000000
-1.736264
-2.507937
-3.761905
-5.112332
0.385836
2.315018
4.822955
4.822955
5.594628
2.507937
3.086691
1.446886
-1.736264
-4.437118
-4.822955
-5.594628
-7.523810
-4.726496
-4.630037
-6.462759
-6.752137
-4.147741
-2.122100
-2.604396
-2.507937
-4.437118
-6.076923
-5.980464
-3.086691
0.000000
-6.366300
-7.330891
-5.208791
-2.025641
0.289377
-0.482295
-0.578755
-2.315018
-6.173382
-6.559219
-8.006105
-6.655678
-5.884005
-6.269841
-4.147741
0.578755
2.411477
1.061050
-0.096459
1.832723
-0.675214
-1.253968
-2.990232
-2.604396
-4.919414
-4.147741
-2.507937
2.700855
5.498168
3.376068
3.279609
6.848596
6.462759
5.112332
2.990232
-0.482295
-6.269841
-4.437118
-5.787546
-5.208791
-5.594628
-8.488400
-7.427350
-3.086691
-2.218559
-0.482295
2.990232
5.594628
6.462759
4.822955
1.061050
0.289377
2.797314
0.385836
-0.192918
0.675214
2.700855
5.884005
9.067155
12.539683
14.661783
13.504274
9.838828
4.437118
0.096459
4.437118
2.507937
-1.350427
-3.568987
2.218559
7.137973
9.549451
9.356532
8.874237
9.163614
9.742369
9.067155
6.752137
5.015873
5.305250
7.909646
4.630037
7.909646
16.012210
14.758242
10.224664
2.315018
2.122100
0.385836
2.218559
2.122100
3.665446
6.752137
8.584860
8.874237
12.539683
10.706960
9.163614
5.691087
4.726496
-0.385836
-6.752137
-6.269841
0.289377
2.025641
5.691087
7.041514
9.742369
10.514042
6.076923
2.122100
1.446886
-0.482295
-5.015873
-8.391941
-5.401709
-0.964591
7.427350
8.777778
6.752137
5.015873
2.797314
1.929182
-2.507937
-9.163614
-11.768010
-11.478632
-7.813187
-5.401709
1.639805
6.655678
7.234432
4.630037
2.122100
1.736264
-2.990232
-5.594628
-9.067155
-12.057387
-8.006105
-7.813187
-1.736264
3.279609
4.051282
1.736264
-2.218559
-2.604396
2.218559
0.192918
0.385836
-4.437118
-5.401709
-3.665446
-0.964591
2.604396
7.523810
8.584860
8.295482
3.376068
-0.096459
-2.604396
-5.787546
-6.269841
-5.787546
-6.655678
-0.675214
4.822955
4.147741
2.990232
-0.482295
-5.691087
-7.041514
-3.279609
-1.639805
-2.507937
-3.183150
-1.446886
2.507937
-0.578755
-1.253968
-1.929182
-5.691087
-10.706960
-10.706960
-9.452991
-5.884005
-2.507937
0.964591
-0.096459
0.000000
0.385836
1.736264
-1.832723
-4.340659
-4.244200
-5.015873
-10.224664
-10.224664
-10.610501
-10.128205
-8.681319
-5.884005
-6.945055
-5.015873
-4.051282
-1.639805
-2.604396
-3.086691
-4.919414
-3.086691
-3.954823
-6.269841
-4.919414
-3.183150
-5.305250
-2.507937
-4.147741
-3.086691
-6.848596
-7.523810
-6.076923
-4.533578
-3.086691
0.675214
-1.543346
-0.385836
1.253968
-2.025641
-4.244200
-2.218559
-2.218559
-1.832723
-2.990232
-3.472527
0.675214
1.446886
0.385836
-1.350427
-3.665446
-3.086691
-4.340659
-4.919414
-4.919414
-5.980464
-5.787546
-1.543346
-0.771673
3.376068
1.253968
-1.253968
-4.437118
-2.893773
-4.726496
-2.507937
-2.700855
-5.401709
-3.665446
1.061050
-1.639805
-1.446886
-0.771673
1.350427
0.192918
0.675214
1.639805
3.279609
4.147741
9.260073
10.899878
11.960928
8.777778
4.340659
0.289377
-3.279609
-5.208791
-3.858364
-1.157509
-2.218559
0.868132
3.376068
3.858364
3.761905
1.157509
-0.096459
-5.498168
-7.427350
-8.295482
-10.417582
-9.742369
-6.655678
-6.076923
-6.269841
-5.112332
-5.401709
-2.507937
-2.604396
-2.025641
0.578755
0.771673
-1.253968
-1.446886
1.446886
3.761905
3.665446
1.832723
-0.578755
-1.446886
-0.964591
-2.797314
-1.639805
-2.025641
-0.385836
0.771673
3.086691
3.568987
6.173382
7.523810
7.330891
3.568987
1.832723
0.868132
3.279609
1.639805
0.578755
2.700855
6.269841
4.726496
8.391941
7.813187
5.401709
1.253968
-0.675214
-1.736264
-1.736264
-1.639805
0.964591
0.192918
0.964591
0.385836
1.061050
-0.192918
-0.868132
-2.411477
-1.832723
-2.700855
-2.315018
-3.086691
-3.954823
-5.112332
-3.376068
-3.761905
-2.797314
-3.279609
-1.157509
1.061050
2.604396
3.665446
2.025641
0.385836
-1.157509
-3.376068
-4.340659
-4.147741
-5.787546
-4.822955
-4.726496
-6.462759
-5.112332
-6.366300
-8.006105
-11.864469
-12.443223
-11.671551
-10.224664
-7.234432
-4.147741
-1.832723
-2.122100
-0.771673
0.000000
-1.446886
0.964591
-1.446886
-3.665446
-5.498168
-6.269841
-7.041514
-4.533578
-4.630037
-4.726496
-5.594628
-3.665446
-2.122100
-2.700855
-2.990232
-5.401709
-7.813187
-7.427350
-9.742369
-16.108669
-16.976801
-14.372405
-13.118437
-12.539683
-9.452991
-6.173382
-8.199023
-8.391941
-8.681319
-7.909646
-7.234432
-2.122100
-4.051282
-3.954823
-4.051282
-3.761905
-4.726496
-4.244200
-5.594628
-3.858364
-5.884005
-5.691087
-5.015873
-2.893773
-3.954823
-0.289377
5.980464
8.970696
10.610501
8.295482
4.822955
2.797314
-1.446886
-4.437118
-4.919414
-5.884005
-6.945055
-5.691087
-1.061050
0.675214
-0.289377
-0.096459
2.122100
-0.578755
-0.771673
-1.253968
-1.929182
-1.543346
-4.533578
-5.208791
-7.330891
-6.655678
-4.919414
-1.350427
-1.543346
-2.025641
0.385836
1.929182
0.385836
-0.771673
-2.025641
-0.964591
0.578755
0.868132
-0.964591
-0.964591
0.000000
0.675214
-3.183150
-2.604396
-0.192918
2.025641
2.797314
2.122100
2.507937
2.025641
-1.253968
0.385836
-1.929182
-2.507937
-4.340659
-2.700855
-1.157509
1.157509
2.797314
3.568987
2.025641
3.086691
4.340659
2.218559
1.350427
2.990232
2.700855
1.446886
2.507937
3.086691
7.330891
7.330891
5.594628
7.620269
4.340659
2.218559
0.289377
-2.122100
-1.157509
1.157509
2.315018
5.498168
3.761905
8.391941
9.356532
9.067155
11.092796
13.697192
12.732601
13.600733
13.890110
14.275946
12.250305
9.935287
11.671551
11.768010
9.838828
11.575092
14.275946
15.047619
15.433455
15.240537
16.205128
16.880342
17.266178
18.134310
18.134310
18.327228
16.783883
15.722833
13.793651
10.996337
12.153846
13.697192
12.829060
11.671551
9.742369
8.006105
8.006105
9.452991
8.391941
5.787546
7.041514
7.909646
4.533578
3.858364
2.025641
4.244200
2.218559
-0.385836
3.472527
5.980464
6.366300
7.137973
5.691087
5.884005
2.700855
-2.218559
-6.076923
-5.015873
-3.568987
-4.630037
0.192918
1.543346
0.096459
0.578755
-0.482295
1.446886
-0.482295
0.771673
-2.025641
-1.157509
-3.279609
-1.639805
-2.604396
-1.736264
-2.122100
-1.832723
-0.964591
0.675214
-2.025641
-3.858364
-6.076923
-6.366300
-4.822955
-4.244200
-5.305250
-5.208791
-0.868132
2.025641
2.507937
4.630037
2.315018
4.340659
2.507937
-0.675214
-3.472527
-5.980464
-7.041514
-2.507937
-2.797314
-5.305250
-2.218559
1.157509
-0.868132
0.771673
-3.183150
-6.366300
-8.970696
-11.864469
-11.285714
-7.427350
-5.884005
-2.411477
1.832723
4.051282
2.025641
1.929182
2.797314
2.604396
-3.472527
-2.700855
-2.411477
-2.507937
-1.639805
0.771673
-0.578755
-0.964591
1.350427
6.366300
7.041514
5.884005
4.437118
3.279609
1.253968
1.157509
-0.578755
0.192918
-0.289377
1.157509
-0.482295
0.964591
-0.964591
-1.832723
-1.736264
-1.639805
-2.025641
-2.700855
-1.639805
-0.578755
-1.157509
-2.604396
-2.893773
-3.183150
-7.137973
-8.584860
-9.067155
-8.488400
-8.488400
-5.401709
-5.112332
-3.376068
-0.192918
1.061050
0.868132
2.507937
2.218559
2.315018
3.279609
2.122100
0.385836
-0.385836
-3.665446
-5.208791
-7.137973
-4.244200
-3.858364
-1.157509
-2.122100
-0.578755
1.446886
1.832723
1.543346
4.147741
1.446886
1.446886
1.543346
-1.157509
-0.771673
0.385836
-3.376068
-3.954823
-5.305250
-2.604396
-0.675214
-0.578755
-0.964591
-0.385836
-0.868132
-3.279609
-3.665446
-6.173382
-6.269841
-3.086691
-5.112332
-5.305250
-5.305250
-4.437118
3.472527
8.681319
8.584860
5.015873
1.350427
-3.858364
-4.147741
-2.893773
-0.868132
-0.289377
0.868132
2.604396
2.507937
1.543346
1.832723
1.543346
0.096459
3.954823
5.884005
7.813187
7.234432
7.716728
9.067155
7.137973
8.681319
9.645910
7.137973
7.330891
4.919414
1.736264
-2.797314
-1.253968
-3.086691
-2.893773
-4.244200
-3.472527
-2.315018
-0.192918
3.279609
7.427350
5.305250
2.507937
0.385836
0.192918
-4.340659
-3.761905
-2.218559
-3.086691
-5.305250
-5.980464
-3.954823
-7.427350
-5.691087
-1.253968
1.157509
3.568987
7.137973
10.706960
8.584860
9.935287
11.864469
10.224664
8.102564
4.630037
1.157509
3.279609
3.568987
0.771673
-4.630037
-3.279609
-2.893773
-1.639805
-4.630037
-3.376068
0.868132
0.096459
-0.096459
2.604396
1.929182
1.061050
1.350427
4.051282
2.604396
1.350427
2.122100
6.945055
2.797314
1.446886
2.990232
2.893773
0.675214
4.147741
4.726496
4.919414
5.980464
6.752137
7.234432
6.366300
4.244200
7.137973
6.366300
3.472527
1.929182
3.761905
3.183150
3.954823
6.462759
5.691087
4.147741
3.183150
5.691087
9.260073
9.549451
8.874237
10.417582
12.346764
12.539683
12.443223
8.488400
3.376068
1.543346
5.305250
4.437118
6.076923
5.884005
6.366300
6.848596
7.716728
5.015873
3.858364
4.437118
3.376068
3.376068
6.559219
7.523810
5.208791
7.523810
9.935287
5.787546
-0.868132
2.990232
5.015873
2.797314
0.771673
3.472527
6.559219
11.189255
13.890110
10.803419
8.006105
7.234432
4.340659
2.797314
3.472527
2.315018
5.015873
6.076923
2.990232
1.832723
5.015873
5.594628
7.330891
7.909646
5.401709
2.507937
3.761905
3.954823
2.315018
-0.675214
-3.568987
-7.427350
-7.041514
-3.761905
-0.289377
0.289377
-0.868132
-0.964591
-1.832723
-2.604396
-0.771673
0.868132
-0.578755
-1.157509
-1.157509
-2.507937
-3.665446
-6.269841
-5.015873
-1.061050
3.761905
6.752137
7.716728
5.305250
5.015873
3.279609
-0.192918
-6.269841
-5.884005
-3.858364
1.639805
1.253968
2.893773
5.401709
9.838828
3.472527
-0.385836
-0.675214
-2.218559
-0.964591
-4.919414
-7.137973
-6.655678
-6.752137
-5.015873
-1.543346
-2.797314
-2.507937
-1.157509
2.025641
1.736264
-3.568987
-4.437118
-2.315018
-2.893773
-8.488400
-8.295482
-4.244200
-0.096459
0.385836
0.385836
-0.868132
-0.675214
-2.604396
-2.604396
-1.350427
-3.086691
-1.446886
0.385836
-1.061050
-2.218559
-3.954823
-5.112332
0.096459
0.771673
-2.893773
-5.594628
-2.700855
-4.147741
-8.006105
-9.067155
-7.813187
-9.163614
-12.250305
-14.758242
-13.890110
-8.777778
-8.199023
-9.838828
-4.630037
-2.507937
-5.015873
-8.391941
-5.980464
-9.742369
-14.275946
-14.083028
-13.697192
-14.275946
-9.935287
-9.356532
-10.417582
-8.488400
-6.366300
-8.970696
-10.417582
-12.057387
-10.321123
-9.356532
-6.366300
-6.559219
-3.279609
-3.954823
-4.726496
-6.173382
-8.006105
-11.285714
-13.214896
-14.661783
-11.092796
-14.372405
-13.600733
-12.443223
-9.260073
-9.452991
-7.041514
-8.295482
-6.752137
-5.691087
-5.305250
-8.199023
-6.848596
-7.330891
-8.391941
-5.980464
-2.025641
0.868132
5.112332
4.051282
4.051282
1.061050
0.964591
2.604396
0.964591
-2.315018
0.192918
-0.096459
0.675214
2.990232
-0.385836
0.096459
1.543346
2.218559
0.385836
0.385836
1.446886
0.385836
-1.253968
-5.498168
-1.639805
-1.543346
-0.385836
-0.192918
1.446886
-0.289377
-0.868132
0.385836
-0.771673
-3.954823
-2.411477
-2.797314
-6.269841
-8.584860
-9.549451
-8.777778
-7.523810
-5.787546
-1.543346
-1.736264
-5.208791
-7.427350
-8.102564
-4.726496
-5.305250
-6.173382
-4.437118
-2.218559
-1.832723
-3.183150
-3.376068
-2.893773
-2.411477
-3.279609
-1.157509
-0.771673
1.157509
0.289377
-1.350427
-2.604396
-1.639805
-0.771673
0.771673
1.446886
1.929182
3.472527
4.630037
4.051282
5.015873
4.533578
5.401709
4.822955
3.665446
4.533578
6.848596
3.761905
2.797314
2.025641
2.604396
1.929182
1.736264
0.578755
1.543346
2.700855
7.523810
6.848596
7.813187
11.189255
13.407814
11.768010
8.777778
7.137973
6.462759
4.051282
7.137973
7.041514
6.848596
5.594628
7.716728
8.777778
10.610501
8.488400
8.199023
4.340659
3.472527
4.244200
6.462759
9.260073
9.935287
7.813187
6.462759
7.620269
10.899878
10.321123
8.199023
7.813187
8.295482
6.559219
10.031746
12.925519
13.214896
12.250305
6.559219
3.472527
2.315018
0.289377
6.655678
8.391941
9.260073
6.366300
7.427350
8.199023
7.427350
8.391941
7.137973
5.015873
4.919414
4.244200
2.315018
0.385836
-0.868132
1.639805
1.446886
1.061050
3.376068
6.945055
8.391941
9.549451
10.514042
9.935287
11.478632
11.960928
10.224664
10.224664
13.697192
12.443223
10.128205
10.031746
7.813187
6.945055
5.498168
4.051282
3.086691
1.350427
1.061050
1.350427
0.964591
1.061050
5.112332
7.041514
7.716728
7.909646
5.208791
2.218559
2.797314
2.218559
4.822955
7.330891
7.523810
6.848596
7.330891
6.173382
8.874237
7.909646
4.437118
3.761905
2.893773
-0.868132
-1.832723
-4.147741
-1.543346
0.771673
3.761905
6.076923
7.041514
4.726496
2.411477
-1.157509
0.192918
1.446886
-1.543346
-3.665446
-4.630037
-3.183150
-1.446886
0.192918
1.350427
2.218559
2.990232
3.376068
5.015873
1.929182
1.929182
-0.289377
-0.289377
-3.761905
-6.655678
-6.752137
-5.208791
-8.199023
-10.128205
-10.610501
-9.549451
-5.691087
-2.218559
-3.376068
-2.122100
-2.025641
-2.507937
-2.122100
-3.376068
-4.630037
-4.822955
-10.128205
-13.986569
-13.793651
-8.488400
-6.752137
-6.269841
-7.137973
-5.691087
-3.954823
-3.376068
-6.076923
-2.700855
-1.446886
1.736264
1.543346
1.253968
-2.507937
-2.025641
-5.594628
-8.295482
-9.356532
-6.752137
-5.112332
-3.665446
-5.980464
-8.777778
-8.199023
-7.427350
-5.594628
-5.787546
-6.173382
-5.401709
-6.269841
-7.813187
-7.330891
-10.031746
-12.153846
-7.909646
-5.691087
-4.051282
-6.462759
-24.693529
-26.236874
-26.140415
-25.175824
-21.896215
-22.571429
-23.246642
-20.352869
-19.291819
-20.159951
-20.738706
-18.134310
-18.520147
-17.652015
-15.819292
-14.565324
-13.890110
-12.443223
-12.443223
-10.128205
-10.224664
-8.681319
-6.655678
-7.234432
-6.752137
-6.752137
-2.700855
-0.289377
-2.122100
0.771673
2.411477
5.787546
4.437118
2.990232
3.665446
-1.253968
-2.507937
-7.137973
-10.899878
-12.443223
-15.529915
-8.295482
-2.507937
2.507937
8.584860
8.681319
7.523810
9.549451
5.208791
0.964591
-4.437118
-7.330891
-10.031746
-9.356532
-8.970696
-11.092796
-10.706960
-7.041514
-3.279609
-0.385836
1.061050
3.183150
1.543346
1.736264
4.822955
8.874237
7.620269
9.452991
11.768010
13.214896
13.600733
10.321123
8.681319
11.575092
10.031746
8.874237
9.163614
6.076923
5.594628
8.199023
10.610501
10.996337
14.758242
15.240537
6.076923
5.691087
3.954823
7.716728
9.163614
8.488400
5.401709
-0.289377
-3.086691
-0.482295
-0.964591
-1.832723
1.061050
0.192918
-1.736264
-1.253968
-1.929182
1.832723
3.472527
3.279609
2.507937
2.122100
2.797314
6.559219
5.208791
7.427350
5.691087
2.315018
-0.675214
-1.350427
-2.122100
-1.253968
0.000000
0.385836
3.568987
5.691087
8.874237
10.031746
8.199023
7.909646
7.909646
8.199023
6.655678
6.076923
8.199023
9.645910
8.199023
7.909646
7.330891
8.970696
10.803419
9.742369
8.681319
6.655678
6.559219
6.076923
4.244200
