-7.600977
-5.484249
-3.752381
-6.735043
-5.291819
3.848596
-6.350183
0.384860
2.405372
-0.288645
-1.347009
9.717705
3.656166
4.137241
0.769719
6.446398
4.618315
1.154579
5.388034
-0.192430
-0.769719
-2.020513
4.714530
-7.793407
0.481074
-4.714530
-0.481074
-8.466911
-5.003175
-2.886447
-0.865934
5.869109
6.638828
2.886447
3.078877
3.078877
0.673504
2.309158
4.329670
-2.212943
-0.192430
-5.291819
-2.597802
-7.793407
-4.137241
-0.865934
8.466911
8.563126
5.772894
2.116728
0.000000
1.731868
-2.116728
0.769719
-1.635653
-2.020513
-3.463736
0.000000
-2.212943
-7.985836
-5.003175
-5.388034
-1.924298
1.347009
-8.274481
-5.580464
-5.099389
1.058364
-3.078877
-0.384860
-1.154579
-6.061538
-5.869109
-4.618315
-5.291819
-6.061538
3.463736
6.157753
4.425885
3.944811
0.769719
0.673504
2.405372
1.250794
-0.096215
-0.384860
-3.944811
-9.525275
-2.212943
3.367521
-0.673504
1.539438
0.577289
-2.405372
-3.944811
-7.023687
-5.291819
-5.099389
-5.676679
-5.676679
-5.676679
-6.061538
-7.889621
-2.694017
-0.384860
0.962149
-2.790232
-4.233455
-7.697192
0.865934
-1.924298
-6.927473
-9.429060
-9.910134
-12.892796
-12.411722
-8.851770
-3.078877
-8.274481
-8.755556
-11.545788
-13.181441
-15.201954
-13.277656
-9.910134
-12.411722
-10.583639
-11.353358
-12.026862
-9.910134
-9.813919
-7.408547
-6.735043
-5.099389
-7.697192
-7.216117
-5.676679
-7.889621
-7.023687
-11.545788
-13.181441
-13.951160
-10.294994
-7.889621
-2.790232
-1.443223
-4.041026
-8.370696
-6.638828
-5.965324
-8.851770
-6.157753
-11.834432
-15.394383
-9.717705
-9.332845
-9.044200
-8.466911
-9.813919
-2.597802
-4.522100
-1.924298
-5.676679
-7.023687
-9.236630
-4.810745
-16.645177
-6.157753
-1.058364
-0.865934
-2.116728
2.501587
2.501587
2.790232
-0.192430
-0.384860
2.309158
3.367521
4.329670
3.559951
-0.769719
-2.694017
-6.061538
-6.831258
-7.889621
-5.003175
-4.233455
-4.041026
-6.157753
-4.906960
-8.082051
-13.373871
-14.432234
-15.971673
-14.913309
-13.470085
-11.930647
-9.332845
-7.023687
-4.618315
-4.810745
-2.405372
0.096215
1.635653
4.522100
6.831258
10.006349
12.507937
12.507937
15.105739
16.164103
17.126252
15.009524
15.779243
13.951160
12.219292
10.391209
6.638828
4.906960
1.924298
-0.192430
-2.309158
0.288645
0.192430
-0.962149
-4.425885
-5.580464
-5.965324
-8.178266
-2.982662
-1.635653
-3.271306
-5.869109
-7.504762
-8.370696
-4.810745
-3.656166
-5.195604
-2.597802
-6.446398
-8.851770
-7.600977
-2.212943
-1.828083
-1.250794
-3.367521
-8.274481
-8.659341
-5.869109
-3.463736
-1.347009
-1.443223
0.000000
-2.020513
-0.769719
-0.769719
-0.096215
2.790232
2.116728
0.288645
-2.597802
-8.947985
-9.717705
-6.638828
-4.041026
-1.058364
-3.463736
-3.848596
-4.522100
-4.041026
-0.962149
2.116728
4.137241
7.793407
9.813919
11.642002
9.525275
10.391209
8.082051
10.487424
10.776068
11.834432
14.047375
14.817094
17.414896
19.627839
20.493773
19.242979
19.627839
21.648352
22.321856
20.974847
19.531624
17.607326
17.222466
15.683028
13.662515
13.470085
13.470085
15.586813
13.373871
11.257143
9.236630
8.082051
6.446398
6.446398
8.370696
11.930647
9.813919
10.391209
10.583639
9.525275
8.082051
6.157753
2.405372
1.731868
0.673504
-1.250794
-2.886447
-6.350183
-7.504762
-6.638828
-7.793407
-6.831258
-8.178266
-8.082051
-9.621490
-7.312332
-9.044200
-6.927473
-5.676679
-4.233455
-6.253968
-6.446398
-5.291819
-1.539438
1.058364
0.962149
2.501587
3.848596
6.542613
7.312332
6.157753
4.522100
2.597802
3.656166
6.157753
5.099389
1.731868
0.577289
-2.116728
-2.790232
-2.309158
-2.309158
-3.078877
-1.731868
1.347009
5.003175
6.831258
7.793407
8.851770
9.044200
11.257143
12.315507
11.257143
14.336020
15.586813
17.607326
20.782418
24.149939
24.534799
26.651526
28.575824
27.421245
28.287179
26.651526
25.593162
25.689377
25.689377
25.112088
21.648352
18.280830
15.105739
13.085226
13.470085
11.834432
7.023687
3.559951
1.347009
-1.154579
-2.020513
-1.828083
-2.405372
-5.965324
-10.583639
-11.642002
-14.239805
-14.720879
-19.146764
-22.418071
-25.496947
-28.575824
-30.307692
-28.960684
-27.806105
-22.899145
-20.397558
-13.373871
-14.624664
-14.528449
-15.201954
-16.067888
-10.968498
-5.580464
-5.580464
-8.370696
-11.642002
-16.741392
-17.607326
-12.315507
-10.391209
-11.160928
-13.470085
-14.528449
-12.315507
-8.178266
-2.309158
3.848596
4.906960
2.790232
0.865934
-0.577289
0.288645
4.810745
9.525275
11.930647
12.026862
11.064713
8.082051
7.600977
9.236630
9.525275
10.006349
9.621490
7.504762
7.697192
8.659341
8.178266
9.525275
10.872283
9.813919
8.755556
7.504762
7.408547
8.563126
12.989011
18.858120
23.187790
26.651526
28.383394
28.575824
28.479609
27.998535
25.689377
25.015873
25.112088
22.610501
20.686203
18.954335
13.951160
10.487424
5.869109
2.020513
-3.752381
-6.831258
-11.738217
-12.026862
-12.989011
-13.662515
-11.545788
-10.006349
-5.580464
-5.676679
-6.446398
-3.078877
-1.347009
-1.924298
-3.463736
-3.271306
-5.291819
-7.600977
-8.082051
-10.198779
-11.545788
-10.198779
-8.370696
-11.064713
-12.026862
-11.064713
-12.989011
-10.102564
-4.425885
-3.078877
-0.481074
-2.116728
-4.522100
-5.291819
-6.638828
-6.157753
-7.504762
-6.350183
-4.714530
-2.020513
-0.384860
-4.425885
-8.274481
-10.006349
-14.432234
-16.164103
-12.892796
-9.429060
-5.388034
-0.865934
0.865934
-0.673504
-2.501587
-5.291819
0.384860
4.810745
3.656166
4.137241
-0.865934
0.577289
-0.384860
2.212943
5.291819
4.810745
11.353358
15.779243
16.164103
15.683028
14.624664
11.545788
12.219292
17.126252
17.511111
23.284005
21.263492
24.246154
19.724054
21.936996
12.892796
13.662515
12.026862
11.930647
13.085226
6.157753
9.717705
-0.384860
-24.342369
8.947985
-2.790232
-3.656166
-1.635653
-4.618315
-2.309158
-3.271306
3.752381
-0.288645
-0.288645
1.635653
1.347009
3.848596
4.618315
3.367521
6.735043
5.676679
1.539438
0.000000
1.443223
-6.831258
-9.525275
-10.679853
-9.621490
-7.408547
-6.446398
-7.216117
-5.003175
-5.388034
-3.944811
-5.291819
-5.869109
-6.735043
-8.370696
-10.294994
-10.679853
-11.545788
-10.776068
-7.312332
-4.425885
-1.443223
2.116728
1.250794
-0.096215
-0.481074
-2.597802
-3.944811
-1.539438
2.309158
5.291819
3.271306
-0.577289
-4.137241
-3.848596
-2.212943
-2.694017
-1.250794
-0.769719
-0.096215
-2.982662
2.501587
-2.790232
-5.772894
-15.201954
-4.425885
2.790232
-1.347009
-0.865934
2.597802
-2.212943
8.178266
9.525275
12.796581
4.233455
1.154579
9.236630
3.367521
3.078877
4.329670
1.539438
11.257143
5.772894
12.700366
17.799756
11.642002
12.411722
9.525275
7.600977
10.872283
12.892796
9.525275
7.312332
-2.405372
3.848596
3.656166
6.831258
5.965324
8.755556
9.621490
16.452747
18.761905
20.301343
18.569475
18.954335
14.432234
11.642002
8.851770
7.119902
5.869109
3.367521
-0.769719
-0.384860
-5.869109
-12.026862
-14.913309
-14.047375
-18.377045
-19.339194
-11.064713
-9.910134
-5.099389
-3.463736
-1.635653
-2.790232
-7.504762
-8.274481
-9.717705
-11.642002
-11.449573
-15.009524
-12.604151
-10.679853
-8.947985
-15.779243
-9.813919
-8.466911
-6.638828
-8.563126
-10.776068
-10.583639
-10.968498
-10.487424
-9.332845
-11.160928
-11.545788
-10.198779
-12.123077
-15.201954
-19.242979
-19.724054
-19.820269
-16.933822
-12.796581
-9.813919
-12.411722
-12.315507
-13.277656
-17.030037
-16.452747
-12.411722
-8.755556
-5.003175
-1.539438
-2.405372
-5.580464
-7.312332
-8.755556
-10.872283
-13.277656
-14.239805
-16.164103
-16.837607
-16.933822
-16.260317
-11.738217
-12.892796
-8.274481
-10.583639
-18.954335
-16.933822
-15.683028
-17.030037
-12.989011
-14.143590
-12.604151
-11.834432
-20.782418
-15.009524
-12.796581
-7.600977
-2.694017
0.384860
-3.367521
-8.563126
-8.178266
-5.099389
1.731868
5.195604
7.985836
-1.250794
-0.577289
-9.717705
-10.006349
-10.583639
-8.274481
-2.020513
4.522100
2.212943
-0.384860
-0.962149
2.020513
5.291819
7.408547
10.006349
9.525275
7.793407
9.140415
10.391209
7.312332
9.910134
10.776068
7.600977
11.353358
2.501587
-1.443223
6.253968
-1.443223
-2.212943
0.000000
0.577289
2.790232
3.463736
5.291819
3.559951
5.291819
2.694017
3.078877
0.865934
3.752381
5.291819
3.367521
5.388034
0.384860
-0.192430
2.501587
3.752381
6.350183
-1.828083
3.559951
-2.501587
-6.157753
-8.466911
-5.388034
-11.834432
-10.776068
-10.776068
-9.813919
-8.755556
-6.350183
-1.347009
-1.924298
-3.078877
2.790232
0.577289
-0.769719
-1.058364
-5.291819
-5.484249
-10.487424
-7.697192
-7.697192
0.384860
0.192430
0.000000
-2.597802
-0.096215
-2.790232
-2.309158
3.175092
-2.790232
0.384860
0.288645
-1.058364
4.810745
7.023687
14.239805
13.854945
10.294994
13.758730
14.913309
11.545788
12.989011
18.088400
16.548962
19.724054
16.164103
16.837607
18.280830
18.473260
19.531624
18.665690
15.971673
9.813919
8.659341
10.487424
11.064713
14.432234
16.837607
18.088400
17.799756
15.201954
15.586813
16.548962
12.796581
13.181441
13.854945
16.067888
16.837607
17.414896
14.528449
14.047375
11.257143
11.449573
9.332845
11.064713
12.123077
10.391209
7.793407
7.889621
5.580464
4.041026
2.212943
3.656166
6.735043
11.642002
13.758730
9.813919
1.635653
-2.694017
-4.810745
-1.347009
2.982662
4.906960
1.250794
0.288645
-4.329670
-3.271306
-1.347009
0.000000
-4.810745
-9.813919
-12.892796
-10.391209
-5.484249
-3.848596
-5.484249
-10.583639
-9.429060
-8.178266
-5.965324
-8.563126
-10.583639
-12.123077
-10.006349
-6.253968
-1.443223
2.597802
4.233455
6.735043
0.962149
3.944811
-5.484249
-12.989011
-15.298168
-13.470085
-12.989011
-12.604151
-13.373871
-15.201954
-13.181441
-9.332845
-8.659341
-6.061538
-9.332845
-13.854945
-13.181441
-13.085226
-19.339194
-10.198779
-9.332845
-9.429060
-4.810745
-3.656166
0.481074
-2.597802
-8.274481
-5.195604
-7.600977
-8.851770
-7.600977
-8.082051
-6.831258
-7.408547
-3.463736
-4.714530
-5.388034
-10.679853
-13.854945
-15.298168
-14.239805
-10.198779
-9.332845
-10.198779
-10.968498
-10.872283
-8.659341
-6.542613
-7.408547
-2.694017
-3.078877
-3.944811
-3.367521
-4.906960
-6.927473
-8.947985
-7.985836
-7.889621
-7.119902
-6.927473
-6.638828
-2.982662
-2.405372
-4.329670
-3.848596
-1.347009
-0.192430
-4.618315
-8.947985
-11.834432
-9.429060
-7.600977
-1.443223
2.020513
2.405372
0.577289
3.271306
-1.731868
-1.731868
-3.752381
-5.869109
-8.082051
-9.332845
-10.006349
-10.198779
-7.697192
-5.388034
-3.559951
-5.965324
-0.481074
-1.635653
-4.329670
-4.522100
-3.271306
-3.367521
-4.714530
-3.175092
-1.731868
-1.635653
-1.828083
-1.635653
-3.463736
1.347009
-2.116728
1.154579
2.020513
1.154579
1.250794
-2.501587
-3.752381
-5.003175
-4.425885
-5.869109
-8.755556
-11.353358
-11.257143
-12.892796
-11.834432
-9.332845
-5.099389
-4.618315
-2.886447
-3.656166
-1.539438
-2.501587
-0.769719
2.886447
2.309158
3.559951
4.137241
5.484249
7.408547
7.023687
11.257143
8.178266
4.137241
1.443223
-0.673504
-0.865934
0.769719
1.828083
0.096215
-0.288645
-0.769719
-1.058364
-3.175092
-3.175092
-5.291819
-3.656166
-5.003175
-4.906960
-6.542613
-6.350183
-3.559951
-3.271306
-2.020513
2.982662
3.271306
1.539438
1.828083
6.927473
7.889621
9.813919
9.717705
7.889621
9.236630
8.851770
9.044200
9.236630
11.545788
10.391209
10.294994
11.257143
8.466911
8.851770
6.927473
10.391209
8.274481
5.195604
4.329670
4.233455
5.965324
9.236630
7.216117
5.388034
6.735043
6.157753
7.023687
7.216117
5.580464
5.676679
8.274481
5.388034
1.924298
-0.865934
-2.886447
-0.865934
0.577289
1.154579
1.635653
0.673504
3.944811
5.388034
4.618315
6.927473
8.466911
9.525275
10.872283
9.813919
10.583639
10.006349
9.717705
9.525275
8.851770
8.659341
7.119902
6.831258
8.466911
7.119902
4.618315
4.329670
2.309158
2.116728
-0.096215
2.020513
1.250794
0.000000
2.501587
3.463736
2.116728
-2.309158
-0.096215
-1.058364
-0.481074
-3.078877
-2.982662
-5.965324
-4.233455
-3.559951
-1.828083
-0.096215
-1.443223
-4.041026
-5.965324
-7.504762
-7.408547
-5.965324
-5.484249
-0.481074
3.078877
3.271306
5.484249
6.831258
9.525275
9.717705
9.332845
5.388034
3.752381
2.116728
-1.154579
-0.962149
0.673504
0.577289
0.096215
2.405372
5.772894
7.408547
8.466911
9.044200
6.735043
3.752381
-0.096215
-7.985836
-11.930647
-14.817094
-15.586813
-13.373871
-11.064713
-10.198779
-8.178266
-5.580464
-0.577289
2.405372
2.212943
0.096215
-2.212943
-4.329670
-6.253968
-7.600977
-8.563126
-11.160928
-11.738217
-10.968498
-13.085226
-13.085226
-11.738217
-12.123077
-9.910134
-5.291819
-1.924298
1.250794
-1.443223
-1.635653
-1.250794
1.154579
4.810745
2.982662
2.309158
4.137241
6.061538
7.600977
12.026862
17.126252
20.686203
19.916484
17.222466
14.432234
10.006349
11.353358
10.198779
13.566300
12.411722
9.717705
7.889621
5.965324
2.116728
0.769719
1.154579
2.020513
1.828083
2.020513
2.597802
3.367521
2.597802
4.329670
4.425885
6.061538
8.370696
7.119902
4.906960
4.522100
7.600977
7.600977
7.312332
8.755556
8.755556
10.583639
10.968498
10.391209
4.618315
1.250794
2.116728
2.982662
3.078877
5.099389
7.600977
6.253968
6.927473
7.119902
7.889621
6.638828
7.023687
5.965324
3.944811
6.735043
4.906960
2.212943
-3.271306
-0.288645
0.192430
0.384860
1.635653
3.944811
5.484249
6.542613
5.388034
3.848596
5.580464
5.965324
4.329670
3.175092
3.656166
1.924298
1.539438
-0.288645
-1.924298
-3.848596
-2.597802
-4.522100
-4.425885
-5.869109
-8.082051
-7.504762
-10.487424
-11.257143
-12.604151
-9.621490
-7.793407
-4.522100
-2.597802
-2.212943
-3.078877
-2.597802
0.673504
2.405372
2.982662
1.347009
4.041026
3.848596
0.096215
-4.906960
-9.332845
-12.700366
-14.143590
-13.373871
-13.566300
-17.222466
-11.930647
-12.219292
-12.411722
-12.219292
-11.064713
-6.446398
-9.525275
-6.831258
-6.542613
-4.041026
1.058364
3.944811
4.618315
5.484249
2.982662
1.635653
1.539438
1.828083
4.233455
5.003175
5.869109
5.003175
4.618315
2.212943
0.000000
-1.154579
2.116728
2.694017
3.271306
4.618315
5.388034
6.927473
4.522100
3.175092
1.250794
2.501587
5.099389
4.233455
2.116728
0.577289
-0.481074
-2.116728
-0.096215
2.116728
6.350183
7.023687
6.735043
5.676679
3.944811
3.367521
2.790232
-1.828083
-4.906960
-5.965324
-6.157753
-2.020513
0.769719
1.347009
0.769719
1.539438
4.810745
4.714530
2.886447
2.116728
2.501587
2.982662
1.635653
0.481074
0.288645
-1.828083
-4.522100
-4.233455
-4.618315
-4.618315
-5.676679
-3.656166
-2.405372
-3.175092
-3.656166
-4.522100
-6.350183
-4.329670
-1.924298
-2.597802
-0.865934
-1.058364
-1.635653
-3.271306
-0.865934
-3.559951
-3.271306
-5.003175
-4.137241
-6.350183
-7.697192
-10.487424
-10.872283
-13.566300
-9.621490
-7.023687
-5.099389
-5.676679
-2.886447
-0.096215
3.367521
5.965324
5.388034
-1.635653
8.659341
8.466911
8.370696
7.023687
4.618315
-0.288645
-1.154579
-1.731868
0.096215
0.481074
0.865934
-1.731868
-2.501587
-3.463736
-0.865934
3.271306
5.965324
6.831258
7.889621
6.831258
5.099389
5.580464
5.965324
7.793407
-5.003175
2.020513
1.154579
-0.096215
1.539438
0.192430
1.250794
1.731868
-0.288645
-2.694017
-4.522100
-2.212943
-4.329670
-2.116728
-1.539438
1.443223
1.731868
2.790232
4.137241
5.099389
6.735043
6.061538
8.178266
8.370696
7.119902
7.793407
8.082051
5.580464
5.195604
2.212943
1.154579
1.058364
-1.539438
-6.735043
-16.645177
-11.545788
-15.971673
-16.452747
-16.837607
-16.452747
-15.105739
-15.298168
-14.239805
-14.720879
-11.449573
-12.700366
-10.487424
-11.930647
-10.968498
-10.294994
-7.119902
-5.869109
-3.367521
-0.673504
2.982662
2.116728
-0.577289
-2.116728
-2.597802
-0.865934
4.618315
2.982662
2.405372
2.116728
6.446398
6.638828
8.947985
10.391209
9.332845
11.642002
10.198779
13.662515
14.528449
14.913309
14.624664
14.336020
12.026862
11.642002
11.738217
10.102564
9.044200
7.408547
9.717705
11.642002
12.219292
15.394383
16.645177
16.933822
16.164103
13.566300
13.566300
12.892796
14.432234
15.875458
18.761905
16.645177
12.219292
9.236630
6.253968
5.772894
8.851770
10.391209
11.930647
11.449573
10.391209
8.851770
3.463736
1.154579
-0.096215
-1.443223
-1.154579
-2.790232
-3.463736
-7.408547
-12.892796
-19.531624
-22.129426
-24.053724
-20.205128
-16.933822
-14.239805
-10.872283
-10.294994
-12.411722
-12.604151
-12.411722
-10.487424
-10.776068
-8.659341
-8.659341
-5.869109
-9.525275
-10.198779
-10.294994
-8.947985
-8.659341
-8.082051
-7.023687
-6.061538
-8.178266
-9.813919
-8.755556
-11.160928
-10.968498
-11.449573
-14.913309
-13.277656
-11.930647
-10.872283
-8.947985
-5.772894
-4.233455
-0.673504
5.195604
9.525275
10.968498
12.411722
15.586813
16.741392
15.971673
14.913309
14.624664
12.796581
12.796581
11.545788
13.854945
15.105739
13.277656
13.181441
12.604151
11.064713
12.507937
14.720879
16.067888
17.703541
22.225641
23.957509
25.208303
21.167277
17.799756
14.239805
9.140415
8.755556
9.717705
9.717705
10.487424
10.391209
8.659341
6.446398
5.580464
3.848596
2.212943
-1.058364
-1.924298
-3.271306
-3.367521
-6.831258
-8.466911
-10.583639
-12.892796
-15.009524
-16.356532
-14.817094
-15.490598
-12.604151
-11.738217
-10.006349
-9.621490
-10.487424
-9.813919
-8.563126
-5.099389
-2.982662
-3.078877
-0.769719
0.000000
0.288645
0.673504
-1.924298
-4.425885
-8.659341
-11.064713
-15.009524
-15.683028
-13.470085
-10.102564
-7.600977
-2.116728
3.559951
6.927473
6.061538
3.752381
0.096215
-2.405372
-2.020513
-3.367521
-4.233455
-3.271306
-2.405372
-1.058364
-3.944811
-1.154579
0.384860
2.309158
3.175092
3.559951
2.405372
4.714530
2.597802
2.597802
4.425885
5.388034
6.061538
4.522100
4.425885
3.175092
1.635653
-0.865934
-1.731868
2.309158
3.944811
5.099389
5.099389
6.157753
3.559951
6.061538
7.312332
8.851770
10.294994
9.236630
6.638828
6.542613
5.195604
5.388034
2.694017
1.731868
1.443223
1.539438
-0.481074
-2.116728
-1.250794
-1.828083
-1.443223
0.673504
-1.154579
0.865934
1.347009
3.944811
6.350183
5.580464
6.350183
7.889621
5.772894
3.944811
5.003175
4.714530
5.291819
6.927473
7.312332
5.580464
3.656166
3.656166
2.790232
1.347009
2.501587
0.577289
0.577289
0.288645
-0.673504
-2.694017
-4.810745
-5.676679
-4.618315
-5.580464
-6.157753
-4.714530
-5.291819
-4.714530
-4.425885
-5.484249
-8.082051
-9.332845
-10.198779
-11.449573
-11.064713
-10.776068
-13.181441
-11.930647
-21.167277
-10.583639
-11.545788
-12.123077
-12.315507
-12.892796
-14.239805
-16.645177
-16.356532
-15.490598
-13.373871
-11.834432
-8.659341
-7.216117
-4.233455
-5.869109
-2.405372
-2.309158
-2.020513
-1.635653
-1.539438
-2.790232
-4.137241
-1.731868
1.924298
3.848596
3.271306
-0.384860
-0.481074
0.673504
0.865934
5.099389
-2.501587
10.102564
12.026862
14.528449
12.219292
11.257143
8.563126
5.291819
4.522100
2.116728
-0.192430
-2.116728
-4.041026
-5.484249
-7.023687
-8.851770
-11.353358
-11.738217
-9.813919
-5.580464
-1.924298
5.580464
8.851770
12.892796
12.796581
10.391209
11.160928
8.466911
6.831258
5.580464
5.003175
4.137241
4.522100
2.405372
2.116728
1.154579
0.865934
-1.154579
-0.577289
-1.924298
-3.944811
-4.810745
-4.137241
-2.982662
-4.618315
-3.656166
-4.714530
-7.023687
-14.432234
-9.429060
-10.391209
-12.700366
-11.353358
-12.315507
-10.294994
-9.717705
-5.580464
-5.388034
-5.003175
-1.731868
1.250794
1.250794
1.347009
1.924298
-0.577289
-2.309158
-3.944811
-8.082051
-7.697192
-5.003175
-4.233455
-4.522100
-2.020513
0.865934
-0.865934
2.020513
7.504762
10.294994
10.102564
9.621490
7.793407
6.446398
-0.769719
2.694017
3.175092
4.233455
4.522100
5.099389
6.061538
7.793407
7.793407
8.370696
8.082051
9.429060
9.525275
11.642002
9.525275
7.504762
6.638828
4.329670
2.020513
2.309158
1.058364
-0.865934
-0.288645
-0.384860
-4.041026
-2.982662
-1.347009
0.096215
2.790232
-0.384860
-4.714530
-6.735043
-8.178266
-8.659341
-5.388034
-5.195604
-4.137241
-3.848596
-4.041026
-2.501587
-1.731868
0.481074
1.058364
1.250794
2.501587
1.828083
5.580464
9.525275
11.257143
10.872283
9.140415
8.851770
7.312332
5.772894
4.522100
1.154579
-0.192430
-1.154579
-4.810745
-7.504762
-7.985836
-8.947985
-7.793407
-6.831258
-7.889621
-7.023687
-7.216117
-6.927473
-7.216117
-5.195604
-4.329670
-2.694017
-1.347009
1.154579
0.000000
-1.347009
-2.694017
-2.405372
-0.962149
2.790232
