-4.618315
-3.367521
-1.058364
-1.058364
0.288645
-0.384860
-0.673504
-1.731868
-0.962149
-1.635653
0.673504
0.000000
-4.041026
-7.023687
-5.195604
-5.484249
-4.425885
-4.233455
-4.233455
-3.944811
-4.137241
-4.425885
-1.250794
1.443223
0.000000
0.962149
1.250794
1.250794
2.116728
2.790232
2.694017
0.384860
0.769719
-1.058364
-3.175092
-3.752381
-5.869109
-7.312332
-7.889621
-5.580464
-4.041026
-9.525275
-2.790232
-2.116728
-1.443223
-0.096215
-0.384860
-3.175092
-0.769719
-0.288645
-1.347009
0.192430
-0.769719
-7.408547
-5.099389
-4.810745
-5.869109
-6.350183
-3.752381
-2.694017
-2.597802
-2.116728
-1.635653
-1.924298
0.000000
2.694017
6.350183
4.041026
4.618315
4.041026
1.635653
2.597802
4.618315
3.175092
1.443223
1.731868
2.886447
2.501587
4.233455
6.061538
5.195604
2.501587
-1.635653
-1.924298
-0.962149
1.154579
6.735043
10.968498
10.102564
10.487424
7.216117
4.041026
4.522100
4.137241
5.484249
5.195604
3.175092
1.731868
1.154579
4.041026
8.274481
10.294994
9.236630
3.944811
2.116728
1.154579
-1.347009
-1.539438
-0.673504
0.288645
2.020513
5.772894
8.947985
8.755556
7.504762
5.580464
3.078877
-1.058364
-1.250794
0.000000
1.731868
2.886447
4.522100
2.886447
0.096215
-2.597802
-5.195604
-8.082051
-7.216117
-7.023687
-10.583639
-7.985836
-5.388034
-3.848596
-3.175092
-0.096215
2.116728
1.828083
0.096215
-1.635653
-4.233455
-4.233455
-2.309158
-0.673504
3.078877
2.982662
1.539438
1.058364
1.250794
-0.384860
-1.539438
2.116728
4.329670
4.714530
5.003175
5.388034
6.061538
3.175092
3.078877
3.175092
5.772894
5.869109
4.906960
4.137241
4.714530
2.694017
4.233455
6.253968
7.793407
5.676679
2.886447
1.154579
-1.250794
-1.828083
-1.443223
-2.116728
0.865934
3.463736
7.697192
7.023687
8.563126
13.951160
17.414896
15.683028
14.432234
13.277656
12.989011
12.796581
9.236630
8.178266
2.982662
0.000000
-0.384860
0.673504
-1.250794
-2.694017
-3.656166
-4.329670
-1.828083
1.731868
2.982662
4.522100
0.577289
-3.175092
-5.484249
-7.119902
-9.621490
-8.851770
-7.985836
-5.099389
-11.738217
-1.443223
0.000000
0.481074
-0.577289
-3.752381
-2.790232
-3.559951
-4.233455
-2.886447
0.000000
0.769719
-2.309158
-3.752381
-1.347009
-2.694017
-2.116728
-2.212943
-0.673504
1.154579
4.425885
3.656166
0.384860
1.058364
0.481074
-0.288645
-1.924298
0.000000
0.384860
4.233455
6.446398
5.003175
6.253968
6.350183
5.869109
3.944811
1.443223
1.347009
2.597802
0.384860
-3.463736
-3.656166
-2.309158
-0.577289
-0.481074
-0.288645
-1.539438
-2.694017
-2.309158
-3.463736
-4.810745
-6.061538
-6.831258
-3.752381
-0.577289
1.924298
3.463736
5.195604
6.542613
4.714530
4.041026
3.271306
3.463736
5.099389
3.848596
6.350183
11.064713
11.545788
14.817094
11.449573
11.353358
11.545788
9.621490
5.291819
2.212943
-0.865934
-3.271306
-5.099389
-5.869109
-5.580464
-5.772894
-4.810745
0.865934
2.309158
2.212943
2.309158
2.501587
0.000000
-0.962149
-2.694017
-2.501587
-1.250794
-1.731868
-1.539438
-3.175092
-1.250794
0.577289
1.635653
4.906960
4.329670
1.250794
-0.481074
0.481074
4.041026
2.501587
2.982662
-1.828083
-5.580464
-7.408547
-7.119902
-6.638828
-6.446398
-3.944811
-3.463736
-2.212943
-0.384860
2.790232
3.078877
2.501587
3.271306
3.848596
-0.096215
-1.250794
-2.982662
-1.731868
-2.116728
1.443223
-0.192430
0.000000
-1.924298
-2.501587
-2.501587
-2.405372
-1.828083
-4.041026
-5.676679
-9.236630
-9.140415
-6.157753
-3.656166
-2.020513
-1.924298
-3.271306
-6.638828
-9.910134
-8.370696
-7.119902
-1.924298
0.096215
0.096215
-1.731868
-2.501587
-1.828083
0.962149
3.463736
3.848596
-1.443223
-9.236630
-16.452747
-17.030037
-10.968498
-6.542613
-2.020513
-1.635653
-4.233455
-8.178266
-7.504762
-4.425885
-1.443223
1.250794
1.731868
-2.020513
-2.886447
-0.384860
3.463736
6.831258
7.600977
8.370696
6.831258
3.463736
2.694017
0.577289
0.577289
1.731868
2.405372
-0.288645
-1.154579
-2.116728
0.481074
0.000000
0.577289
3.656166
5.869109
5.772894
1.250794
-6.350183
-9.332845
-9.140415
-9.044200
-9.621490
-6.061538
-2.886447
-3.271306
-4.522100
-3.944811
-4.714530
-3.656166
1.539438
6.253968
2.020513
-5.003175
-10.294994
-16.164103
-15.971673
-12.315507
-7.216117
-1.828083
-2.886447
-5.965324
-4.522100
-0.673504
0.673504
3.271306
7.600977
10.294994
7.408547
3.848596
-0.288645
-4.425885
-4.618315
-5.869109
-0.288645
2.405372
3.656166
1.250794
-0.096215
0.288645
1.443223
5.965324
11.738217
16.741392
15.586813
13.470085
5.580464
2.309158
2.790232
4.714530
7.119902
9.429060
9.044200
7.023687
5.388034
3.752381
5.099389
7.216117
7.793407
10.968498
9.429060
9.140415
7.216117
4.714530
1.347009
2.790232
3.656166
6.446398
6.061538
6.350183
3.175092
2.116728
0.000000
0.000000
1.924298
1.924298
3.367521
2.886447
1.347009
-3.848596
-5.291819
-4.618315
-1.154579
1.635653
5.772894
7.889621
6.446398
9.236630
9.429060
10.487424
10.294994
8.659341
6.927473
7.600977
7.600977
5.965324
6.446398
6.831258
3.175092
-1.347009
-4.714530
-10.294994
-9.813919
-9.236630
-9.332845
-7.408547
-7.023687
-7.504762
-6.157753
-5.195604
-4.810745
-7.408547
-5.676679
-3.752381
-3.078877
-2.597802
-0.384860
1.828083
4.906960
6.446398
6.350183
4.906960
3.848596
4.137241
2.982662
1.443223
1.924298
0.481074
0.673504
1.635653
2.116728
0.000000
0.384860
0.192430
-0.673504
-1.924298
-1.731868
-2.694017
0.192430
2.597802
0.000000
-0.577289
-1.250794
-1.058364
2.405372
2.694017
2.020513
2.886447
3.175092
6.061538
8.370696
11.064713
12.315507
11.642002
10.198779
12.604151
11.160928
10.968498
9.717705
7.023687
4.522100
3.752381
-0.096215
-4.329670
-8.370696
-11.930647
-12.411722
-11.738217
-11.160928
-9.813919
-10.102564
-8.178266
-6.350183
-5.676679
-4.906960
-2.309158
-4.329670
-3.752381
-1.250794
0.769719
1.154579
1.347009
2.116728
0.096215
-2.886447
-2.982662
-1.347009
2.309158
3.752381
1.443223
-2.405372
-7.889621
-13.854945
-16.164103
-17.030037
-15.779243
-12.411722
-13.854945
-18.473260
-20.397558
-22.995360
-23.572650
-21.936996
-17.607326
-12.700366
-10.487424
-11.257143
-10.294994
-11.738217
-12.892796
-16.260317
-8.755556
-7.408547
3.078877
2.886447
0.962149
-2.116728
-6.446398
-4.041026
-0.962149
2.020513
0.000000
-3.752381
-7.023687
-6.253968
0.288645
7.023687
13.085226
9.429060
3.944811
-1.539438
-0.288645
4.618315
10.102564
8.947985
3.944811
-2.212943
-9.332845
-10.294994
-10.487424
-11.738217
-11.353358
-10.679853
-11.738217
-12.604151
-12.315507
-6.638828
-1.924298
6.157753
18.088400
27.613675
31.654701
34.829792
39.544322
47.049084
50.127961
50.416606
46.856654
44.643712
38.582173
30.500122
19.531624
10.776068
4.041026
-2.405372
-10.391209
-13.854945
-14.720879
-13.470085
-13.662515
-11.160928
-10.968498
-12.315507
-15.490598
-19.531624
-21.167277
-18.280830
-16.741392
-13.951160
-15.201954
-17.992186
-18.377045
-16.164103
-14.528449
-12.796581
-10.487424
-8.466911
-8.947985
-10.776068
-13.181441
-11.353358
-10.679853
-9.910134
-10.006349
-8.563126
-9.910134
-7.312332
-5.291819
-1.635653
3.175092
2.790232
1.347009
-0.192430
-1.828083
-1.635653
-1.924298
1.924298
1.731868
2.309158
-0.577289
-1.443223
-3.271306
-2.405372
1.731868
5.003175
6.831258
11.353358
12.411722
13.373871
11.930647
13.662515
17.607326
22.802930
26.459096
22.802930
19.916484
17.992186
24.149939
25.015873
22.321856
23.284005
23.957509
24.534799
25.015873
23.765079
23.476435
22.899145
22.899145
22.321856
16.356532
6.735043
-1.731868
-8.274481
-12.796581
-14.624664
-10.968498
-15.490598
-17.992186
-14.432234
-14.720879
-15.586813
-12.507937
-9.332845
-4.233455
-0.865934
3.944811
5.388034
4.329670
6.061538
7.504762
11.449573
16.741392
20.205128
20.782418
18.665690
16.067888
13.951160
10.487424
5.580464
0.192430
-6.253968
-12.219292
-13.566300
-17.607326
-24.342369
-26.843956
-25.689377
-23.861294
-21.840781
-20.782418
-19.627839
-14.336020
-11.449573
-11.353358
-12.700366
-12.507937
-11.642002
-8.178266
-4.810745
2.309158
8.563126
10.487424
9.429060
10.198779
12.315507
14.913309
16.933822
18.377045
18.280830
22.802930
23.091575
21.936996
21.936996
18.954335
15.298168
10.968498
6.061538
1.828083
-2.886447
-6.927473
-11.353358
-15.298168
-18.280830
-22.706716
-25.015873
-26.074237
-27.902320
-28.864469
-26.651526
-26.362882
-23.668864
-19.146764
-17.222466
-13.758730
-10.198779
-3.559951
0.962149
7.408547
14.336020
18.088400
20.397558
24.534799
25.978022
28.190965
29.056899
27.902320
24.149939
20.012698
22.129426
19.339194
16.452747
11.353358
6.927473
6.253968
3.944811
-1.347009
-2.694017
-4.714530
-2.694017
-2.501587
-3.271306
-5.772894
-9.621490
-9.910134
-8.178266
-4.618315
-1.443223
0.288645
5.003175
8.755556
11.738217
12.700366
12.700366
14.047375
13.470085
12.604151
10.294994
10.294994
10.583639
7.889621
4.137241
1.924298
-3.367521
-4.041026
-9.236630
-12.411722
-13.373871
-13.951160
-12.026862
-10.487424
-11.064713
-10.679853
-10.679853
-10.391209
-9.429060
-9.140415
-12.411722
-13.951160
-17.607326
-19.724054
-20.301343
-16.645177
-9.717705
-3.175092
2.405372
4.233455
5.676679
5.099389
4.137241
4.906960
6.157753
5.772894
2.790232
0.673504
-0.481074
-2.886447
-13.373871
-7.408547
-7.216117
-5.195604
-3.463736
-3.271306
-1.250794
1.828083
4.425885
7.985836
7.119902
5.003175
5.003175
4.522100
6.638828
9.525275
8.659341
5.003175
1.250794
-1.347009
-3.559951
-4.137241
-4.618315
-6.157753
-10.391209
-9.813919
-10.006349
-8.178266
-6.350183
-5.484249
-2.405372
-2.790232
-4.137241
-3.367521
-0.962149
-2.982662
-3.559951
-4.810745
-3.367521
-2.309158
-5.195604
-6.061538
-7.600977
-6.253968
-3.175092
0.096215
2.597802
1.828083
1.058364
1.154579
2.982662
5.676679
10.679853
13.277656
13.662515
12.411722
8.659341
3.463736
-1.443223
-5.099389
-6.446398
-7.119902
-8.851770
-13.277656
-16.548962
-18.665690
-16.164103
-12.411722
-6.927473
0.288645
4.041026
6.157753
7.312332
4.810745
7.985836
7.600977
6.350183
6.446398
2.597802
0.192430
-4.522100
-8.851770
-10.198779
-10.102564
-10.968498
-12.219292
-14.624664
-14.720879
-12.989011
-8.851770
-6.638828
-3.752381
-2.405372
-4.425885
-5.388034
-5.099389
-3.559951
-2.597802
-5.291819
-9.717705
-10.294994
-9.044200
-5.291819
-2.309158
-1.924298
-0.865934
1.058364
4.041026
5.195604
7.119902
10.006349
11.064713
9.429060
9.140415
5.965324
6.350183
5.965324
1.635653
0.192430
-3.848596
-6.831258
-7.504762
-5.869109
-3.559951
-1.635653
0.096215
4.041026
5.291819
5.965324
7.889621
7.889621
8.274481
11.449573
10.102564
9.717705
9.332845
7.119902
-4.522100
5.291819
2.116728
-0.673504
-2.501587
-0.481074
0.000000
1.539438
3.367521
3.367521
5.772894
6.735043
6.638828
6.446398
5.580464
4.137241
2.309158
1.924298
1.154579
0.481074
-0.288645
-2.694017
-4.618315
-2.790232
-3.944811
-3.559951
-3.752381
-4.906960
-4.906960
-3.656166
-2.886447
-0.673504
2.212943
0.962149
-0.673504
0.577289
2.309158
3.175092
3.175092
2.501587
-0.577289
0.000000
-0.673504
0.000000
-1.347009
-1.058364
-3.463736
-2.116728
-0.096215
2.501587
4.522100
4.137241
9.621490
12.411722
17.607326
17.703541
17.511111
15.875458
9.332845
3.656166
-2.405372
-9.236630
-11.642002
-12.411722
-11.353358
-10.294994
-5.388034
-3.656166
-0.577289
-1.443223
-1.828083
-4.714530
-5.484249
-4.137241
-4.810745
-5.676679
-9.044200
-10.487424
-8.755556
-9.429060
-5.869109
-3.944811
-6.157753
-7.023687
-7.408547
-5.388034
1.347009
5.869109
11.064713
15.298168
16.164103
11.545788
5.195604
2.405372
1.539438
3.944811
2.501587
-2.886447
-9.717705
-16.356532
-18.377045
-15.586813
-9.332845
-0.096215
-0.673504
-7.504762
-12.892796
-14.913309
-12.123077
-5.484249
0.769719
2.309158
-2.020513
-9.140415
-14.528449
-13.277656
-7.600977
0.769719
6.638828
5.869109
-0.192430
-2.309158
-0.673504
4.906960
12.026862
17.030037
14.817094
0.577289
-2.790232
-8.274481
-8.851770
-6.350183
-5.099389
-6.927473
-15.298168
-17.992186
-14.047375
-6.831258
0.673504
8.659341
7.408547
3.078877
-1.828083
-5.003175
-3.848596
2.982662
9.429060
11.642002
7.119902
1.058364
-6.061538
-7.504762
-6.831258
-4.425885
-2.982662
-3.944811
-7.697192
-11.834432
-12.892796
-11.449573
-8.947985
-3.944811
-2.309158
-2.982662
-5.772894
-7.312332
-9.813919
-12.026862
-11.930647
-10.198779
-8.563126
-12.219292
-16.645177
-17.030037
-17.992186
-15.971673
-15.009524
-7.216117
-4.233455
-4.233455
-0.673504
0.288645
-1.250794
0.577289
1.443223
4.137241
5.388034
5.484249
6.446398
4.714530
4.618315
4.810745
4.137241
5.388034
8.082051
7.889621
6.350183
5.195604
2.790232
4.041026
7.216117
10.294994
10.487424
9.621490
12.892796
11.545788
9.236630
7.119902
4.329670
3.559951
4.522100
4.522100
5.772894
2.982662
1.828083
1.250794
1.828083
0.962149
1.250794
2.790232
5.388034
7.216117
10.776068
12.026862
12.411722
11.642002
12.604151
9.813919
9.621490
7.889621
9.525275
10.776068
13.277656
13.951160
14.720879
13.951160
12.123077
9.813919
9.332845
6.446398
9.140415
8.755556
6.927473
5.869109
4.329670
1.347009
1.154579
-1.154579
-0.192430
-2.212943
-1.635653
0.096215
-0.577289
-1.635653
-2.694017
-1.924298
0.288645
3.271306
5.772894
6.061538
7.697192
7.504762
9.044200
9.236630
5.003175
2.790232
-0.384860
-3.078877
-5.003175
-5.099389
-6.061538
-8.755556
-7.793407
-7.119902
-4.522100
-4.810745
-4.233455
-3.656166
-2.694017
-1.058364
-0.962149
1.154579
2.790232
-6.157753
2.694017
4.618315
5.965324
5.099389
8.082051
10.102564
7.023687
7.312332
8.082051
10.102564
11.160928
12.411722
11.930647
9.140415
7.408547
5.484249
6.157753
5.580464
5.003175
5.003175
3.463736
3.559951
5.484249
6.446398
6.927473
3.559951
0.481074
-0.865934
-6.350183
-10.679853
-15.586813
-15.105739
-14.720879
-13.951160
-14.047375
-12.315507
-9.429060
-5.869109
-3.463736
3.752381
6.542613
6.735043
6.253968
7.697192
4.425885
1.828083
1.635653
3.848596
6.542613
9.717705
10.583639
11.353358
10.776068
8.755556
7.312332
7.408547
4.714530
2.790232
-0.096215
0.962149
0.769719
0.096215
-1.635653
0.000000
-0.865934
-2.886447
-3.367521
-2.309158
0.384860
3.271306
3.752381
7.023687
7.600977
6.831258
5.869109
2.597802
0.865934
0.769719
-2.597802
-6.927473
-10.679853
-14.720879
-17.895971
-19.724054
-20.878632
-21.744567
-20.301343
-19.242979
-15.779243
-13.277656
-10.583639
-8.851770
-10.391209
-9.140415
-10.294994
-11.642002
-15.201954
-19.339194
-19.339194
-23.284005
-23.572650
-23.572650
-24.342369
-23.668864
-21.455922
-18.858120
-15.586813
-9.813919
-4.041026
-6.735043
2.309158
4.522100
7.793407
9.813919
11.064713
15.875458
17.126252
18.280830
17.318681
16.933822
15.201954
17.607326
19.724054
17.222466
16.356532
15.490598
13.662515
8.755556
1.924298
-3.367521
-8.178266
-12.219292
-16.164103
-23.187790
-27.613675
-28.094750
-25.785592
-23.765079
-22.610501
-21.359707
-18.280830
-16.933822
-14.143590
-10.968498
-4.906960
-0.192430
-0.192430
-11.160928
-2.790232
-2.405372
-0.096215
0.962149
1.828083
4.329670
3.848596
2.694017
1.924298
3.752381
6.831258
4.714530
1.154579
-1.058364
1.539438
2.694017
5.195604
6.927473
6.927473
6.350183
5.484249
1.250794
-6.735043
-0.865934
-1.058364
-1.539438
-0.865934
0.577289
1.347009
3.656166
6.350183
6.253968
6.542613
2.020513
-0.577289
-2.886447
-2.212943
0.673504
2.020513
2.886447
5.291819
8.274481
12.123077
17.030037
19.916484
18.088400
15.779243
14.432234
13.758730
10.487424
7.408547
3.271306
3.078877
6.253968
5.772894
3.078877
0.962149
1.828083
2.790232
0.962149
-2.790232
-7.697192
-10.198779
-13.277656
-11.160928
-4.714530
-8.659341
-1.154579
-0.673504
1.731868
6.446398
9.910134
10.006349
7.504762
6.253968
6.831258
9.236630
10.583639
9.621490
7.023687
6.061538
5.099389
5.772894
6.927473
5.388034
5.195604
5.003175
5.388034
8.466911
9.910134
9.621490
9.140415
11.257143
12.892796
11.834432
9.140415
7.504762
6.253968
6.157753
7.119902
3.463736
2.309158
0.384860
5.676679
7.408547
7.408547
6.927473
3.463736
0.481074
-1.250794
0.673504
4.810745
4.522100
0.481074
-1.250794
0.192430
1.539438
3.559951
2.212943
2.597802
4.906960
10.583639
12.892796
15.779243
16.164103
16.067888
17.222466
15.490598
17.222466
17.414896
15.586813
11.834432
7.408547
7.119902
6.638828
4.618315
-6.253968
0.962149
-0.288645
-1.731868
-5.099389
-6.735043
-5.099389
-5.291819
-4.233455
-3.752381
-1.635653
-1.443223
-4.810745
4.041026
7.504762
4.714530
11.834432
12.026862
1.828083
10.294994
10.006349
7.793407
6.735043
5.676679
5.388034
2.694017
2.597802
2.309158
0.673504
-2.212943
-3.367521
-6.542613
-9.044200
-11.353358
-12.411722
-11.064713
-10.679853
-9.332845
-9.044200
-8.466911
-8.755556
-8.851770
-8.370696
-6.831258
-3.559951
-2.694017
-3.848596
-2.405372
2.501587
3.078877
2.694017
1.443223
0.769719
3.078877
0.384860
-1.828083
-2.116728
-5.099389
-6.061538
-8.178266
-10.198779
-10.102564
-10.102564
-7.408547
-6.542613
-4.041026
-3.175092
-3.752381
-2.694017
-0.962149
-2.309158
-3.078877
-2.405372
-2.790232
-3.271306
-5.580464
-6.638828
-5.099389
-3.078877
-1.635653
-1.731868
-0.288645
0.192430
0.481074
2.886447
3.463736
2.597802
0.962149
1.924298
-6.253968
-2.694017
-3.848596
-5.772894
-9.717705
-11.257143
-12.892796
-11.930647
-14.336020
-13.181441
-12.892796
-13.181441
-9.525275
-9.044200
-7.312332
-7.023687
-4.618315
-4.329670
-5.291819
-4.522100
-5.003175
-6.253968
-6.735043
-6.350183
-4.137241
-5.965324
-8.466911
-9.717705
-10.679853
-9.525275
-5.291819
-1.828083
1.443223
0.962149
4.522100
6.157753
5.195604
3.752381
2.597802
4.329670
4.618315
6.253968
4.137241
1.635653
2.405372
3.271306
5.772894
7.408547
8.851770
8.178266
9.621490
9.429060
8.370696
4.714530
0.288645
-1.924298
-4.810745
-6.638828
-10.679853
-11.545788
-8.947985
-7.697192
-4.425885
-0.288645
-1.154579
0.865934
1.154579
1.828083
0.769719
-0.865934
4.714530
5.291819
1.828083
-0.673504
-2.790232
-2.790232
-2.790232
-2.116728
1.250794
2.886447
6.446398
8.274481
8.755556
8.659341
2.694017
4.233455
2.597802
4.137241
3.463736
0.769719
-2.501587
-1.250794
-2.501587
-4.618315
-7.504762
-7.985836
-5.099389
-2.694017
-3.559951
-4.425885
-7.889621
-15.105739
-14.047375
-7.504762
-3.848596
-2.694017
-3.944811
-5.484249
-5.965324
-3.463736
1.731868
5.291819
5.869109
3.559951
-1.250794
-3.848596
-4.425885
-5.676679
-5.580464
-3.944811
-7.697192
-12.123077
-11.930647
-9.717705
-7.216117
-5.195604
-4.233455
-2.694017
-2.790232
-5.869109
-5.484249
-3.367521
-3.944811
-1.250794
-2.212943
-4.041026
-3.271306
-4.137241
-3.463736
-0.577289
1.250794
1.828083
3.463736
2.694017
4.522100
4.810745
7.119902
9.717705
9.140415
8.082051
7.119902
5.580464
10.583639
3.944811
14.432234
15.875458
13.181441
10.679853
8.659341
7.023687
8.370696
6.253968
3.848596
1.347009
-0.096215
-4.041026
-0.962149
1.058364
2.309158
0.962149
-2.694017
-7.600977
-8.563126
-6.831258
-0.096215
5.772894
7.793407
6.927473
-2.405372
2.501587
0.384860
-11.353358
-3.848596
-5.676679
-13.758730
-17.414896
-18.088400
-16.837607
-15.105739
-8.947985
-1.154579
-1.058364
-0.481074
-3.463736
-5.484249
-6.253968
-3.752381
1.731868
4.906960
2.501587
-1.443223
-4.329670
-2.405372
1.731868
3.848596
3.848596
3.271306
1.443223
-1.443223
-5.676679
-9.429060
-4.329670
-0.577289
2.212943
2.694017
2.020513
-3.078877
-3.271306
-2.309158
0.962149
0.577289
0.962149
-1.539438
-3.752381
-4.714530
-4.618315
-3.463736
0.673504
8.563126
6.831258
2.405372
-9.332845
-3.175092
-0.288645
0.769719
0.673504
1.250794
-1.250794
-2.694017
-6.061538
-7.023687
-0.962149
4.425885
6.350183
5.195604
1.250794
0.096215
0.000000
-1.443223
3.367521
6.831258
5.388034
4.425885
4.714530
2.790232
3.463736
4.714530
7.119902
8.563126
5.388034
2.597802
1.347009
-0.769719
2.020513
2.982662
3.367521
1.443223
1.635653
-2.501587
-1.058364
-1.058364
0.673504
-0.481074
-0.673504
0.384860
1.443223
2.020513
1.635653
1.154579
-0.769719
-1.250794
2.212943
2.886447
1.154579
1.250794
2.694017
0.962149
1.924298
1.539438
4.041026
4.233455
0.769719
-3.271306
