7.793407
5.580464
5.676679
5.099389
5.291819
5.003175
4.618315
5.965324
7.023687
5.388034
3.752381
3.078877
2.694017
0.000000
-0.192430
2.597802
5.099389
5.676679
4.137241
3.271306
2.309158
-0.577289
-2.790232
-4.810745
-4.906960
-2.597802
-1.443223
-2.790232
-2.020513
-1.924298
-1.731868
-2.212943
-5.388034
-8.274481
-11.449573
-9.429060
-10.294994
-10.679853
-10.487424
-10.294994
-13.181441
-15.009524
-15.971673
-11.738217
-12.411722
-15.394383
-15.394383
-13.854945
-8.947985
-11.064713
-10.583639
-6.253968
-3.656166
-0.577289
2.212943
2.886447
1.443223
-0.673504
-1.443223
-0.577289
-0.673504
-1.635653
-1.154579
2.116728
0.769719
0.288645
3.175092
4.329670
5.772894
4.714530
3.559951
3.848596
1.347009
0.384860
1.347009
2.982662
2.020513
1.347009
2.982662
1.828083
1.828083
0.673504
2.405372
4.425885
6.253968
8.851770
11.930647
13.951160
16.356532
15.201954
9.525275
8.659341
7.600977
6.253968
5.291819
4.714530
2.020513
2.790232
5.965324
11.642002
13.181441
11.738217
7.023687
5.580464
3.559951
-0.962149
-4.425885
-0.481074
3.944811
5.772894
1.731868
1.347009
0.096215
-3.848596
-5.291819
-1.250794
3.367521
2.597802
1.154579
-0.481074
-0.673504
-2.212943
-4.041026
-5.484249
-11.353358
-4.522100
-0.481074
3.271306
3.463736
5.003175
3.463736
2.309158
2.694017
4.137241
2.212943
-3.848596
-7.408547
-6.350183
-2.886447
-1.250794
-1.154579
-2.694017
-2.886447
-3.367521
-2.116728
0.096215
-1.250794
-1.924298
-4.041026
-1.250794
2.212943
4.618315
5.388034
1.828083
1.347009
0.384860
-0.865934
-2.501587
-9.910134
-3.367521
-3.367521
-4.714530
-4.329670
-4.810745
-3.559951
-4.329670
-6.253968
-6.638828
-4.810745
-2.116728
-1.058364
-1.828083
-3.463736
-2.501587
1.539438
1.924298
0.577289
-1.924298
-0.865934
3.463736
5.003175
4.041026
7.408547
10.198779
13.951160
14.817094
13.373871
11.642002
13.662515
17.318681
15.586813
11.449573
9.717705
10.872283
14.720879
13.470085
5.484249
1.058364
3.848596
7.985836
7.119902
5.965324
3.078877
3.078877
1.828083
1.154579
0.384860
1.250794
2.116728
1.058364
1.731868
4.425885
2.501587
3.559951
-0.481074
-1.443223
-3.271306
-1.539438
-3.463736
-3.848596
-4.618315
-4.906960
-1.443223
0.769719
-1.347009
-3.463736
-4.906960
-1.924298
0.288645
-2.020513
-1.443223
-4.233455
-6.542613
-5.676679
-6.735043
-7.697192
-4.810745
-1.924298
-3.944811
-4.329670
-6.735043
-3.656166
-1.154579
-0.865934
-2.597802
-6.735043
-6.831258
-5.772894
-6.350183
-5.676679
-4.041026
-2.212943
-0.865934
-1.347009
0.673504
1.058364
1.347009
0.096215
-1.635653
-2.982662
-4.041026
-5.580464
-6.061538
-7.312332
-11.160928
-9.910134
-8.082051
-5.580464
-3.463736
-3.271306
-2.212943
-1.347009
-1.539438
-0.288645
-1.635653
-0.962149
1.828083
1.731868
4.522100
4.329670
3.656166
7.985836
9.044200
8.947985
9.813919
13.085226
11.642002
7.023687
6.446398
4.425885
2.309158
2.405372
1.058364
-2.116728
-5.484249
-5.965324
-1.347009
2.790232
-6.735043
0.000000
-0.577289
-7.312332
2.694017
2.982662
-4.618315
-1.828083
-4.233455
-6.638828
-8.370696
-5.676679
-6.927473
-5.291819
-2.597802
-11.930647
-3.752381
-0.962149
1.924298
3.752381
3.367521
1.539438
-4.233455
-8.563126
-10.679853
-12.219292
-15.298168
-16.548962
-16.452747
-13.181441
-11.738217
-7.985836
-4.329670
0.962149
6.061538
8.755556
8.466911
9.910134
10.294994
6.350183
1.154579
-1.731868
-0.577289
0.673504
3.848596
5.869109
7.504762
5.003175
3.848596
0.865934
-2.790232
-5.003175
-6.061538
-11.160928
-10.968498
-11.545788
-12.219292
-12.507937
-12.123077
-10.006349
-6.542613
-1.731868
-0.577289
-2.501587
-1.347009
0.000000
-1.924298
-3.175092
-4.041026
-4.714530
-2.982662
-4.810745
-4.041026
-0.288645
1.828083
1.731868
0.673504
-1.250794
1.539438
3.944811
3.752381
2.597802
5.099389
8.274481
9.717705
9.525275
6.735043
5.484249
6.350183
5.484249
4.810745
5.195604
7.889621
9.717705
5.291819
6.735043
10.294994
13.373871
12.315507
10.006349
9.429060
10.391209
9.813919
7.697192
6.542613
5.772894
4.714530
3.848596
6.735043
7.793407
9.525275
10.006349
10.776068
9.621490
8.082051
5.291819
4.041026
2.309158
1.250794
-1.828083
-4.137241
-4.810745
-3.078877
1.058364
-1.250794
1.250794
1.347009
1.539438
1.828083
2.597802
3.559951
5.484249
4.906960
1.828083
-0.192430
-0.673504
1.635653
3.944811
4.233455
8.370696
10.968498
7.793407
5.676679
2.982662
3.848596
4.906960
3.656166
-0.096215
0.769719
0.962149
-0.096215
0.000000
-1.154579
-2.982662
-2.309158
-0.769719
-2.597802
-0.769719
2.212943
3.559951
5.388034
5.195604
1.347009
-0.577289
-4.041026
-6.735043
-7.312332
-10.102564
-9.140415
-9.429060
-12.700366
-14.720879
-14.720879
-15.105739
-13.373871
-13.566300
-12.700366
-10.391209
-8.851770
-3.656166
-1.058364
0.865934
-0.577289
-0.192430
0.096215
-1.154579
-2.886447
2.501587
7.216117
12.411722
10.872283
7.408547
3.175092
-2.694017
-7.216117
-9.910134
-10.102564
-9.910134
-9.717705
-9.236630
-8.563126
-7.985836
-7.023687
-7.408547
-8.082051
-6.253968
-6.927473
-5.003175
-4.233455
-3.656166
-1.539438
-2.982662
-5.003175
-4.041026
-5.484249
-5.869109
-4.329670
-2.982662
-3.367521
-0.481074
-0.673504
-3.367521
-3.463736
-4.137241
-3.463736
-3.078877
-2.886447
-0.769719
0.096215
0.962149
2.309158
1.250794
1.924298
2.309158
0.000000
-0.384860
-0.769719
-1.154579
-0.577289
0.000000
1.635653
-0.673504
-0.962149
4.233455
7.216117
9.910134
11.834432
11.642002
9.236630
7.793407
8.274481
6.831258
5.676679
2.694017
2.020513
5.580464
7.312332
7.504762
7.985836
8.659341
10.102564
7.023687
4.906960
3.271306
1.250794
-1.443223
-3.078877
-1.924298
-1.058364
0.962149
2.020513
5.869109
5.772894
5.965324
6.446398
7.889621
0.288645
-6.157753
-3.367521
-5.580464
-4.522100
-2.116728
4.522100
7.793407
8.082051
10.487424
9.621490
6.350183
0.192430
-6.638828
-7.793407
-6.638828
-4.137241
2.405372
5.772894
6.350183
4.618315
2.982662
2.212943
1.250794
-0.096215
-3.175092
-5.388034
-9.429060
-10.679853
-7.793407
-0.962149
1.443223
1.828083
0.577289
-1.347009
-4.810745
-8.563126
-7.793407
-4.810745
-3.078877
-7.119902
-7.216117
-1.539438
-2.886447
-4.522100
-3.656166
-3.752381
-2.597802
-3.175092
-4.714530
-3.175092
-2.309158
-3.848596
-3.367521
-4.522100
-9.429060
-9.429060
-8.274481
-11.738217
-12.123077
-7.312332
-6.542613
-7.119902
-7.216117
-9.332845
-9.621490
-9.429060
-6.638828
-5.195604
-8.274481
-11.353358
-13.854945
-13.566300
-6.831258
-4.233455
-4.714530
-5.965324
-2.597802
0.000000
0.673504
2.694017
2.116728
2.597802
5.580464
4.233455
3.848596
3.559951
1.443223
-5.484249
-7.793407
-7.023687
-1.347009
2.501587
2.212943
-1.539438
-4.810745
-4.906960
-5.291819
-3.559951
-2.309158
0.769719
3.271306
5.195604
5.195604
5.291819
10.006349
14.913309
16.067888
10.102564
-1.539438
-1.347009
-4.233455
-0.192430
2.982662
7.697192
11.642002
13.181441
14.720879
10.583639
5.580464
0.769719
0.481074
5.388034
-0.769719
0.000000
-1.828083
-1.443223
1.347009
1.731868
3.752381
9.236630
16.837607
19.916484
19.242979
14.720879
8.563126
4.137241
2.309158
-0.481074
-1.539438
-2.790232
-5.003175
-5.965324
-5.484249
-5.580464
-2.886447
1.347009
2.982662
3.848596
2.790232
-0.865934
-0.384860
1.154579
2.405372
0.769719
0.962149
0.288645
2.790232
5.965324
5.676679
4.425885
3.367521
3.656166
4.233455
3.463736
2.116728
2.694017
2.982662
5.388034
5.676679
-0.577289
-6.157753
-6.927473
-6.061538
-2.790232
-2.405372
-5.195604
-4.714530
-0.288645
0.000000
0.192430
-3.078877
-3.463736
-1.924298
-2.790232
-2.982662
-0.769719
0.769719
0.673504
0.769719
1.539438
3.656166
3.559951
-1.154579
-2.982662
-1.347009
-2.116728
-3.559951
-4.425885
-2.212943
0.865934
0.962149
-1.828083
-1.539438
1.347009
2.309158
0.481074
2.116728
4.041026
3.175092
2.790232
2.790232
5.676679
4.714530
4.233455
2.020513
-1.731868
-1.539438
0.769719
3.463736
1.635653
0.288645
-0.384860
-0.288645
0.673504
0.673504
-1.924298
-1.539438
1.154579
-1.635653
-3.175092
-2.309158
-1.635653
1.731868
2.886447
2.886447
2.886447
-0.288645
-1.731868
-4.618315
-4.714530
-4.522100
-7.216117
-8.370696
-8.947985
-8.947985
-8.947985
-6.061538
-1.154579
0.096215
2.501587
0.865934
1.828083
0.673504
1.539438
2.116728
2.405372
2.790232
2.020513
1.828083
3.848596
4.618315
5.580464
9.813919
10.006349
9.044200
9.525275
8.851770
8.274481
6.350183
5.580464
7.408547
2.694017
2.694017
4.522100
7.216117
8.466911
4.522100
2.405372
0.769719
1.250794
3.559951
5.965324
0.577289
-7.408547
-7.216117
0.000000
2.116728
0.384860
-0.673504
1.058364
-0.096215
-0.673504
3.078877
6.253968
5.388034
4.137241
0.769719
-3.752381
-5.869109
-4.137241
-1.539438
0.769719
3.175092
4.618315
2.020513
0.673504
-0.096215
-0.384860
0.769719
2.790232
5.195604
9.621490
12.219292
11.930647
6.927473
2.790232
-1.058364
-2.309158
-4.329670
-5.580464
-3.271306
-2.886447
-1.539438
-2.020513
-1.250794
0.962149
3.463736
3.463736
2.694017
0.481074
-2.116728
-2.020513
-2.405372
-6.157753
-9.332845
-7.793407
-5.484249
-6.157753
-5.099389
-6.446398
-9.332845
-8.274481
-4.810745
-2.501587
-5.580464
-5.099389
-5.580464
-7.023687
-7.312332
-6.542613
-4.906960
-9.140415
-10.102564
-5.580464
1.347009
4.329670
0.096215
-4.137241
-4.714530
-3.078877
-0.288645
0.962149
-1.924298
-8.755556
-11.642002
-12.219292
-8.755556
-2.982662
1.731868
-0.769719
-7.312332
-10.487424
-10.872283
-6.157753
0.288645
1.635653
4.425885
2.020513
-3.752381
-5.965324
-2.212943
3.078877
0.769719
-0.962149
-4.137241
-5.676679
-4.810745
-2.405372
-0.192430
2.886447
6.350183
10.294994
10.198779
7.408547
-6.253968
1.154579
3.175092
2.790232
2.405372
2.405372
1.828083
2.212943
2.886447
7.889621
9.140415
7.504762
6.542613
4.329670
-1.443223
-3.367521
-4.906960
-0.769719
1.058364
2.020513
0.096215
-1.924298
-3.656166
2.405372
1.924298
-3.367521
-5.195604
-5.003175
-1.347009
-0.481074
-2.597802
-2.501587
-2.501587
-2.597802
-1.924298
-0.288645
0.000000
-1.250794
-2.116728
-4.522100
-8.466911
-8.851770
-9.525275
-12.507937
-15.394383
-15.394383
-12.123077
-7.985836
-6.735043
-4.906960
-5.388034
-5.580464
-5.772894
-5.580464
-8.274481
-7.119902
-3.271306
1.250794
4.425885
4.137241
4.137241
4.233455
4.810745
10.487424
17.414896
20.782418
18.569475
14.143590
8.755556
3.463736
2.886447
4.233455
3.271306
4.041026
3.752381
1.539438
1.924298
2.886447
3.656166
2.405372
1.635653
0.769719
0.481074
2.982662
2.597802
3.944811
3.848596
3.752381
6.927473
7.216117
3.944811
5.195604
7.793407
4.522100
1.058364
-1.154579
2.405372
3.752381
7.408547
9.525275
10.679853
8.851770
5.676679
1.058364
-0.288645
-1.154579
2.309158
4.618315
3.848596
4.522100
6.542613
5.484249
5.388034
6.831258
11.449573
8.178266
4.041026
-2.982662
-6.157753
-3.656166
-1.828083
-2.116728
-1.250794
0.000000
-0.865934
-1.635653
-2.886447
-5.291819
-10.776068
-14.239805
-18.665690
-21.552137
-17.703541
-13.373871
-10.679853
-7.600977
-8.947985
-10.872283
-12.796581
-12.796581
-15.201954
-13.277656
-11.834432
-9.813919
-12.892796
-15.586813
-13.854945
-11.738217
-8.947985
-6.542613
-5.291819
-6.542613
-10.198779
-12.026862
-15.971673
-22.129426
-22.129426
-22.610501
-14.624664
-11.545788
-8.466911
-2.886447
-2.405372
-2.790232
-1.924298
0.192430
-0.769719
-3.944811
-2.982662
-3.559951
-3.848596
-4.137241
-3.367521
1.924298
5.772894
4.618315
4.425885
4.714530
0.962149
-1.347009
-2.405372
-2.501587
-0.577289
-2.501587
-1.924298
-2.886447
-0.481074
-0.481074
2.982662
4.425885
5.195604
4.522100
2.982662
1.635653
1.924298
4.425885
6.061538
1.443223
-2.020513
0.096215
6.542613
10.294994
11.064713
9.717705
8.851770
9.621490
9.910134
11.642002
7.408547
0.962149
0.288645
4.137241
6.638828
5.580464
5.388034
10.102564
13.373871
7.504762
15.201954
13.566300
8.370696
0.192430
-0.962149
1.924298
5.388034
7.119902
7.119902
4.522100
6.542613
8.466911
6.446398
3.463736
4.522100
7.312332
5.772894
4.714530
4.425885
3.656166
4.425885
3.848596
4.714530
5.291819
3.944811
1.635653
0.481074
3.752381
6.831258
6.446398
7.408547
7.119902
3.848596
-1.250794
-4.137241
-3.463736
-4.329670
-5.965324
-6.542613
-5.003175
-4.618315
-4.233455
-1.250794
0.384860
2.790232
4.522100
4.425885
0.000000
-2.405372
-2.309158
-4.714530
-4.810745
-3.656166
-4.233455
-3.848596
-1.058364
0.481074
4.425885
8.370696
10.102564
11.160928
6.735043
13.373871
11.930647
9.044200
8.466911
7.697192
9.525275
9.429060
7.119902
5.772894
2.116728
0.481074
-0.865934
1.347009
1.828083
1.828083
1.635653
-0.769719
-4.522100
-5.676679
-6.253968
-5.003175
-2.116728
0.000000
-0.096215
-0.192430
-1.058364
-2.020513
-1.347009
0.000000
-0.962149
0.096215
-2.597802
-3.367521
-2.597802
-1.924298
1.058364
1.347009
3.559951
4.137241
3.944811
3.271306
0.673504
-1.443223
0.384860
-2.309158
-4.233455
-7.985836
-9.429060
-8.082051
-5.580464
-4.906960
-2.790232
0.192430
1.828083
0.000000
2.020513
3.367521
3.944811
5.099389
2.212943
3.848596
4.618315
6.253968
5.965324
4.810745
2.405372
-0.192430
-3.752381
-2.597802
-0.577289
0.000000
-0.962149
0.288645
1.924298
2.309158
4.425885
4.041026
2.982662
1.828083
2.501587
-0.192430
0.384860
-0.769719
-0.673504
2.501587
5.965324
6.157753
6.638828
6.446398
8.370696
10.872283
9.813919
8.466911
5.388034
2.886447
2.790232
-0.962149
-2.694017
-2.212943
-1.539438
0.000000
0.865934
3.078877
2.309158
0.192430
-2.116728
-3.271306
-7.600977
-6.831258
-8.947985
-7.793407
-3.271306
0.096215
1.347009
5.195604
8.082051
8.082051
3.752381
-2.020513
-5.099389
-5.484249
-3.271306
-1.924298
-1.443223
-0.673504
1.635653
7.216117
12.219292
12.989011
15.683028
18.377045
12.700366
15.201954
8.274481
1.250794
-4.041026
-7.504762
-8.947985
-11.064713
-11.160928
-12.700366
-16.164103
-16.067888
-14.913309
-13.085226
-12.989011
-15.105739
-13.085226
-11.545788
-9.429060
-9.717705
-11.353358
-9.621490
-16.548962
-11.449573
-10.487424
-11.064713
-11.257143
-10.006349
-6.735043
-1.250794
5.388034
10.487424
11.834432
11.834432
9.044200
7.889621
8.370696
9.910134
9.044200
10.006349
11.257143
10.294994
9.621490
10.391209
10.487424
8.659341
8.082051
7.504762
7.216117
4.714530
2.020513
-3.463736
-5.388034
-7.023687
-7.504762
-4.522100
-4.233455
-3.175092
-2.020513
-1.154579
1.154579
2.501587
3.271306
4.906960
1.924298
-0.384860
-2.020513
-2.212943
-1.924298
-3.848596
-4.522100
-3.367521
-4.137241
-4.329670
-2.501587
-2.405372
-1.154579
-0.865934
-0.192430
-5.580464
-5.965324
-8.755556
-6.638828
-5.869109
-2.020513
2.886447
2.982662
1.250794
1.828083
2.501587
4.906960
5.003175
5.580464
4.041026
3.175092
4.329670
7.504762
6.927473
6.638828
4.041026
2.116728
0.865934
0.769719
-1.924298
-2.116728
-1.924298
0.288645
4.137241
3.559951
0.962149
0.384860
-0.577289
-0.673504
-1.443223
0.577289
3.175092
2.982662
-0.384860
-5.195604
-9.717705
-12.796581
-15.971673
-15.009524
-13.085226
-10.583639
-7.793407
-6.157753
-4.618315
-4.233455
-2.212943
-1.154579
-2.309158
-0.288645
-0.192430
2.020513
2.020513
1.924298
3.271306
5.291819
4.906960
2.212943
3.656166
4.425885
3.848596
4.618315
5.003175
2.405372
-0.192430
-1.924298
-4.522100
-7.312332
-9.717705
-17.030037
-8.563126
-8.370696
-9.525275
-7.216117
-4.714530
-1.828083
0.384860
2.597802
1.828083
1.635653
0.577289
0.577289
1.154579
2.982662
6.638828
8.851770
5.965324
-0.769719
-3.175092
-5.195604
-5.965324
-3.559951
-2.790232
-3.848596
-6.735043
-8.082051
-10.102564
-11.353358
-12.796581
-8.947985
-8.563126
-8.755556
-7.312332
-4.233455
-1.443223
0.000000
0.769719
0.000000
-2.405372
-1.347009
-1.058364
1.058364
0.096215
1.924298
5.388034
5.003175
4.618315
5.003175
8.947985
14.432234
18.280830
18.954335
15.971673
14.432234
12.123077
12.219292
11.930647
11.642002
8.947985
11.449573
10.968498
11.353358
10.487424
10.391209
10.583639
5.869109
-0.481074
-5.676679
-11.834432
-14.528449
-13.373871
-12.796581
-11.545788
-12.892796
-10.679853
-9.717705
-9.717705
-9.910134
-8.851770
-3.656166
0.384860
2.790232
2.020513
1.924298
3.463736
5.580464
9.044200
5.676679
2.116728
1.443223
0.673504
2.309158
3.848596
2.790232
-0.192430
-2.116728
-2.309158
-2.020513
-0.384860
1.539438
-0.096215
-0.769719
-1.731868
-3.367521
-10.872283
-16.933822
-15.105739
-13.951160
-10.968498
-8.274481
-9.332845
-8.563126
-4.714530
-0.481074
3.848596
5.484249
6.927473
4.618315
2.694017
0.384860
-0.865934
-3.463736
0.000000
7.312332
11.545788
13.854945
13.277656
15.683028
14.143590
13.181441
13.758730
6.350183
8.851770
7.793407
9.717705
8.851770
7.023687
7.216117
7.697192
4.618315
5.484249
6.735043
5.195604
7.216117
7.985836
6.638828
5.484249
5.869109
5.580464
4.329670
4.329670
6.446398
5.291819
5.580464
5.484249
9.044200
10.102564
9.236630
6.446398
7.312332
5.772894
2.790232
2.116728
2.886447
2.790232
4.329670
4.041026
2.694017
4.137241
6.253968
5.772894
5.388034
3.175092
4.618315
3.752381
2.020513
2.116728
4.233455
1.539438
1.828083
3.367521
3.463736
1.058364
-1.058364
0.288645
3.848596
4.425885
6.253968
5.965324
4.041026
2.212943
0.962149
1.539438
-2.212943
-2.597802
-1.828083
0.577289
4.906960
5.965324
7.793407
7.889621
9.044200
8.274481
5.580464
2.212943
0.096215
0.288645
0.192430
-1.924298
-2.020513
-0.865934
0.192430
-0.865934
-1.924298
-3.175092
-3.848596
-5.099389
-4.810745
-3.944811
-3.271306
-5.869109
-6.157753
-11.160928
-8.274481
-8.466911
-7.216117
-5.676679
-6.061538
-5.965324
-7.023687
-8.851770
-12.219292
-13.181441
-10.968498
-7.793407
-4.233455
-4.714530
-6.253968
-7.216117
-7.985836
-4.137241
-2.790232
-2.886447
-1.635653
-2.501587
-2.790232
-3.559951
0.384860
5.195604
7.119902
10.294994
10.776068
7.312332
5.772894
4.137241
-0.673504
-5.388034
-10.006349
-11.257143
-10.006349
-6.542613
-3.848596
-0.577289
-0.673504
-3.944811
-5.869109
-8.082051
-1.250794
2.212943
2.982662
1.539438
-1.443223
-2.886447
-5.291819
-4.714530
-6.638828
-8.563126
-10.198779
-13.373871
-13.277656
-13.566300
-9.621490
-4.137241
-2.790232
-2.597802
-5.195604
-8.178266
-8.851770
-8.466911
-6.735043
-8.563126
-9.332845
-11.738217
-12.123077
-19.724054
-10.198779
-5.869109
-3.656166
-3.175092
-6.735043
-6.638828
-6.350183
-5.869109
-2.405372
-0.096215
-0.384860
0.481074
0.096215
-4.041026
-3.271306
0.288645
3.752381
4.522100
7.408547
8.466911
6.638828
1.058364
-4.233455
-7.119902
-7.985836
-6.638828
-6.542613
-7.697192
-7.985836
-7.697192
-3.559951
-2.020513
-1.443223
-0.096215
-0.769719
0.673504
1.347009
3.175092
2.982662
2.405372
3.175092
3.656166
4.810745
7.408547
8.466911
9.717705
11.353358
11.738217
11.257143
7.504762
7.985836
8.563126
8.178266
9.140415
9.813919
10.294994
8.563126
7.697192
7.793407
8.274481
7.312332
6.253968
2.886447
-2.694017
-2.212943
-2.116728
-2.405372
0.962149
2.212943
5.676679
8.659341
12.989011
12.507937
13.470085
11.930647
9.525275
10.872283
8.947985
6.253968
2.405372
-0.769719
-3.175092
-0.769719
-2.405372
-2.405372
-3.944811
-3.175092
-2.212943
-2.020513
-1.924298
-0.577289
1.443223
1.154579
2.597802
0.673504
2.212943
1.635653
0.000000
-0.962149
2.694017
5.195604
5.099389
4.041026
4.618315
4.810745
5.195604
3.367521
1.539438
-0.865934
-1.058364
-0.769719
-0.769719
-3.175092
-3.656166
-2.501587
-1.347009
0.384860
4.425885
4.618315
4.137241
5.291819
5.484249
3.271306
2.694017
1.347009
-3.078877
-5.965324
-6.831258
-6.735043
-5.965324
-4.810745
-2.694017
-2.982662
-2.597802
-3.752381
-5.099389
-5.195604
-6.542613
-7.119902
-9.429060
-7.119902
-6.927473
-5.580464
-4.137241
-3.656166
-6.061538
-5.772894
-4.233455
-1.924298
-1.828083
-2.597802
-5.484249
-11.064713
-13.085226
-12.892796
-11.642002
-10.776068
-11.545788
-10.968498
-8.178266
-5.580464
-3.944811
-2.694017
-0.962149
-2.116728
-3.463736
-2.309158
-1.635653
-4.522100
-5.003175
-7.793407
-12.123077
