1.694750
-1.525275
-0.762637
0.593162
1.948962
2.033700
-0.847375
-1.101587
0.169475
5.931624
3.220024
7.626374
1.525275
4.914774
-0.423687
2.542125
-2.118437
5.423199
9.236386
15.337485
7.033211
9.744811
3.813187
8.134799
4.745299
7.287424
0.593162
-0.508425
-4.321612
-5.168987
-5.677411
-0.677900
0.084737
4.321612
2.965812
1.440537
2.965812
2.965812
0.932112
-0.593162
-2.033700
-2.626862
-4.830037
-6.185836
-4.575824
-5.338462
-5.507937
-5.931624
-2.626862
-4.830037
-0.423687
-2.542125
1.694750
-1.186325
5.423199
1.525275
2.796337
-1.016850
2.711600
-1.948962
1.694750
0.423687
1.355800
-0.762637
5.507937
2.118437
4.406349
-0.338950
2.118437
-0.423687
-0.084737
-5.168987
-3.558974
-2.796337
0.254212
0.508425
1.948962
4.745299
6.355311
5.507937
3.728449
3.304762
4.745299
4.067399
3.474237
5.338462
3.728449
5.592674
-1.864225
0.423687
-2.203175
3.982662
-1.186325
0.084737
-4.999512
1.440537
-0.084737
5.762149
-0.338950
4.575824
0.508425
3.897924
-2.033700
2.372650
-3.558974
-0.932112
-5.762149
-5.168987
-8.134799
-4.914774
-6.440049
-0.084737
-3.728449
-3.474237
-5.084249
-4.321612
-5.677411
-2.626862
-4.236874
-1.186325
-4.745299
-1.948962
-5.168987
-1.948962
-4.575824
-3.220024
-8.389011
-6.694261
-7.372161
-5.168987
-4.830037
0.847375
2.203175
6.270574
6.778999
4.236874
4.914774
3.813187
0.169475
-0.338950
0.508425
0.423687
0.423687
-2.203175
-3.897924
-4.067399
-4.745299
-2.711600
0.254212
-3.643712
-4.575824
-4.067399
-1.186325
-0.169475
1.610012
-2.033700
-0.084737
-0.847375
1.610012
-0.423687
-0.508425
0.847375
8.643223
4.575824
8.643223
1.948962
3.982662
-0.593162
3.135287
-1.525275
2.626862
-2.626862
-0.762637
-6.101099
-1.694750
-4.236874
3.050549
1.016850
5.084249
-1.016850
2.626862
-1.440537
-0.338950
-4.830037
1.186325
-0.677900
1.101587
2.372650
5.677411
4.491087
2.965812
-0.169475
3.813187
-2.881074
5.846886
4.660562
2.965812
3.389499
0.593162
-7.795849
-4.406349
-3.897924
-5.762149
-3.897924
-4.914774
-1.355800
-0.254212
-0.762637
1.864225
5.338462
8.897436
0.677900
8.219536
6.778999
4.745299
5.846886
3.813187
4.914774
2.711600
3.643712
-0.338950
-0.338950
-3.135287
-2.118437
-3.643712
-2.203175
-1.186325
2.203175
6.016361
9.236386
11.778510
13.049573
13.219048
9.914286
7.202686
7.795849
7.117949
6.016361
2.457387
1.694750
0.423687
2.542125
3.220024
3.474237
1.355800
0.338950
-2.118437
-4.152137
-5.507937
-4.491087
-5.253724
-1.440537
-3.728449
-3.728449
-4.321612
0.169475
2.711600
6.016361
5.846886
3.897924
6.270574
4.999512
2.372650
-0.169475
-0.084737
-0.169475
3.389499
2.796337
3.220024
4.236874
5.168987
6.016361
8.050061
6.270574
7.033211
6.355311
7.795849
4.575824
1.864225
0.169475
-1.610012
-1.610012
-1.186325
-4.067399
-3.304762
-3.050549
-2.457387
-4.067399
-5.677411
-4.999512
-1.271062
-4.999512
-5.423199
-6.863736
-8.558486
-3.558974
2.287912
5.084249
7.033211
6.694261
7.372161
5.931624
5.338462
0.593162
0.847375
1.694750
2.796337
0.423687
0.000000
-1.355800
2.033700
-0.762637
-0.593162
-0.254212
4.406349
1.355800
2.118437
-0.677900
-2.118437
-7.117949
-2.457387
-7.287424
-6.524786
-8.473748
-6.185836
-9.405861
-3.813187
-10.422711
-7.287424
-10.507448
-5.677411
-8.219536
-3.813187
-6.440049
-1.440537
-3.220024
-0.169475
-5.084249
-2.711600
-7.456899
-4.406349
-8.727961
-4.406349
-9.999023
-8.473748
-13.727473
-5.677411
-7.202686
-3.897924
-8.219536
-2.796337
-5.762149
-2.203175
-4.321612
0.677900
-3.813187
-1.271062
-5.168987
-1.779487
-4.491087
-2.372650
-5.084249
-1.101587
-1.440537
0.169475
-4.491087
-3.304762
-7.626374
-1.948962
-3.643712
2.881074
-0.677900
3.304762
0.000000
4.236874
0.169475
4.830037
0.593162
1.271062
-2.033700
0.593162
0.593162
3.050549
2.626862
7.287424
4.152137
2.626862
-2.542125
2.287912
-0.847375
1.864225
-3.474237
-3.728449
-5.846886
-2.711600
-4.321612
-0.762637
-1.271062
4.067399
3.050549
2.457387
0.000000
1.779487
-0.677900
-0.423687
-1.440537
0.508425
0.593162
2.626862
3.135287
3.813187
6.016361
8.727961
9.490598
9.151648
7.626374
3.728449
3.050549
1.864225
2.542125
-3.220024
-2.796337
-7.880586
-8.050061
-7.795849
-4.575824
-7.541636
-5.931624
-10.337973
-8.050061
-10.676923
-9.151648
-12.286935
-5.931624
-7.456899
-2.372650
-5.507937
-1.355800
-3.474237
-1.440537
-6.524786
-6.524786
-7.033211
-4.660562
-6.185836
-2.626862
-2.542125
-1.525275
-0.084737
3.220024
2.118437
4.236874
3.558974
7.117949
6.270574
6.185836
2.372650
-0.423687
-1.016850
-0.423687
2.796337
3.897924
5.592674
3.135287
1.355800
-1.016850
0.593162
1.355800
5.762149
3.558974
5.931624
0.338950
1.016850
-2.372650
2.711600
2.118437
8.304274
7.626374
15.337485
11.524298
12.371673
6.694261
9.321123
2.457387
5.253724
0.338950
6.948474
5.846886
11.524298
10.083761
14.998535
8.134799
7.372161
1.016850
2.118437
1.440537
5.168987
3.897924
9.575336
5.253724
6.270574
2.203175
3.304762
2.372650
3.050549
-1.694750
-0.593162
-3.220024
-0.338950
-4.321612
-3.220024
-3.897924
-4.152137
-4.152137
-5.253724
-5.253724
-5.084249
-4.914774
-8.219536
-8.643223
-10.676923
-9.321123
-12.371673
-7.033211
-10.337973
-6.694261
-6.694261
1.186325
-2.457387
0.593162
-1.779487
3.304762
-2.457387
0.593162
-3.728449
1.610012
0.593162
6.270574
2.881074
3.474237
-2.965812
0.338950
-2.965812
-1.779487
-7.117949
-0.847375
-4.575824
-0.169475
-3.813187
-0.677900
-4.152137
-6.355311
-5.253724
-0.084737
-3.389499
-0.762637
-2.965812
-0.932112
-5.338462
-4.660562
-3.897924
-0.762637
-2.118437
-1.355800
-3.050549
0.000000
-0.762637
-0.762637
-0.254212
-2.626862
-3.304762
-0.847375
3.389499
0.593162
3.982662
1.271062
2.118437
-1.101587
0.000000
-2.626862
-1.186325
-3.474237
-0.762637
-4.830037
-0.762637
-1.948962
-0.169475
-2.881074
4.321612
-1.016850
4.236874
2.033700
5.168987
1.101587
8.473748
5.423199
10.253236
7.626374
13.303785
6.609524
6.948474
0.338950
3.982662
-0.762637
3.474237
0.932112
2.203175
-0.932112
3.135287
0.762637
3.897924
-0.677900
0.508425
-1.271062
1.355800
-1.186325
0.847375
0.932112
2.542125
-0.847375
-1.186325
1.779487
-2.372650
-4.152137
-6.863736
-4.745299
-8.727961
-3.389499
-3.220024
-1.440537
-7.711111
-4.575824
-6.948474
-4.236874
-8.219536
-7.456899
-12.456410
-11.609035
-15.337485
-11.100611
-11.439560
-8.050061
-8.643223
-4.999512
-4.830037
-5.762149
-1.694750
1.355800
2.457387
2.203175
3.389499
-0.169475
2.118437
1.525275
4.830037
3.220024
9.999023
4.830037
6.948474
1.355800
2.881074
-4.152137
-0.762637
-3.389499
0.932112
-2.796337
0.762637
-0.762637
1.948962
-1.610012
-0.084737
-0.847375
3.474237
2.881074
3.897924
3.220024
3.982662
3.220024
-1.355800
-2.033700
-4.236874
-2.372650
-5.677411
-1.271062
-1.948962
2.965812
2.203175
6.524786
0.762637
4.491087
0.932112
2.626862
-4.660562
-2.118437
-4.491087
-1.016850
-5.592674
-2.881074
-6.694261
-2.542125
-2.881074
-1.016850
2.287912
8.897436
7.626374
10.676923
8.389011
11.609035
12.286935
10.846398
5.253724
5.253724
4.236874
5.507937
3.389499
0.254212
-2.881074
-4.491087
-4.575824
-4.575824
0.254212
-1.016850
-1.271062
-8.473748
-7.711111
-5.677411
2.118437
3.050549
2.203175
-5.423199
-7.541636
-14.490110
-10.592186
-11.100611
-3.304762
-2.711600
-0.254212
-7.372161
-8.134799
-11.863248
-3.643712
1.694750
5.931624
2.626862
-3.050549
-13.303785
-14.744322
-16.947497
-16.015385
-13.134310
-12.371673
-10.592186
-13.388523
-15.506960
-16.693284
-13.642735
-11.100611
-3.389499
1.355800
8.304274
8.134799
12.456410
9.999023
13.727473
12.541148
15.761172
14.574847
15.591697
8.558486
7.033211
-4.236874
-2.033700
-16.523810
-11.100611
-16.693284
-13.727473
-16.269597
-14.829060
-14.659585
-2.287912
1.779487
5.084249
2.965812
4.830037
2.118437
1.525275
-0.932112
-1.101587
0.169475
-0.762637
-4.406349
-3.474237
3.135287
4.999512
7.456899
3.474237
1.948962
-3.135287
-1.525275
-6.016361
-0.593162
-0.084737
8.473748
5.762149
9.236386
2.287912
0.593162
-8.389011
-4.067399
-5.762149
1.101587
-0.423687
7.456899
1.271062
3.982662
-3.728449
-0.423687
-8.219536
-8.727961
-14.151160
-12.625885
-15.930647
-13.896947
-14.235897
-8.812698
-7.795849
-7.541636
-8.473748
-7.287424
-4.236874
-4.914774
-2.457387
-8.050061
-6.101099
-9.321123
-5.846886
-2.626862
6.863736
6.948474
10.083761
5.084249
9.490598
4.660562
7.880586
3.558974
5.423199
-0.762637
2.203175
-5.592674
0.423687
2.711600
13.981685
11.354823
13.727473
12.795360
16.693284
6.778999
4.236874
-2.372650
0.762637
-2.033700
2.033700
7.795849
13.388523
14.744322
13.303785
10.931136
7.626374
10.592186
11.354823
15.845910
11.693773
17.371184
16.015385
17.879609
10.422711
10.761661
3.982662
6.355311
-0.084737
0.762637
-4.236874
5.338462
6.524786
13.134310
10.337973
15.337485
7.202686
1.440537
-5.762149
4.067399
10.253236
17.201709
11.270085
14.320635
5.423199
12.456410
7.795849
9.575336
7.711111
11.439560
6.778999
8.389011
6.270574
8.727961
6.270574
11.185348
7.456899
14.659585
15.591697
17.540659
13.388523
9.405861
4.830037
4.745299
5.507937
11.185348
11.015873
10.422711
8.812698
11.015873
12.202198
12.286935
13.219048
12.117460
10.846398
10.846398
9.490598
5.507937
5.253724
8.219536
10.592186
9.914286
9.575336
7.711111
10.083761
9.660073
9.066911
5.338462
6.270574
4.067399
3.304762
-2.203175
1.525275
-0.254212
3.558974
3.982662
7.372161
4.830037
9.321123
4.236874
4.745299
-1.016850
4.236874
-2.457387
-0.423687
-4.236874
-4.321612
-9.405861
-6.270574
-8.219536
0.508425
1.101587
4.830037
0.338950
2.287912
-5.338462
-9.490598
-15.083272
-10.931136
-12.964835
-3.982662
-5.592674
-1.440537
-5.677411
-4.914774
-10.507448
-9.575336
-12.032723
-5.423199
-7.202686
-4.999512
-12.286935
-11.185348
-12.880098
-7.541636
-11.015873
-7.202686
-9.999023
-5.507937
-11.100611
-10.337973
-18.642247
-15.506960
-17.794872
-12.371673
-15.676435
-15.168010
-16.778022
-13.049573
-19.743834
-14.066422
-16.523810
-8.389011
-11.609035
-9.829548
-13.049573
-7.117949
-8.134799
-2.796337
-8.389011
-8.389011
-17.455922
-19.320147
-23.811233
-22.031746
-23.472283
-17.540659
-18.133822
-9.744811
-15.845910
-8.982173
-11.015873
-5.423199
-12.202198
-9.575336
-13.557998
-9.066911
-14.829060
-12.710623
-15.506960
-12.032723
-13.134310
-10.168498
-11.439560
-10.083761
-14.320635
-13.812210
-16.523810
-13.303785
-18.811722
-16.269597
-19.065934
-14.320635
-15.083272
-7.880586
-8.982173
-4.406349
-7.117949
-5.168987
-10.676923
-5.253724
-8.812698
-1.186325
0.254212
8.473748
7.795849
7.456899
3.474237
1.694750
-0.169475
5.762149
6.101099
1.016850
4.660562
7.033211
8.134799
9.405861
3.982662
2.542125
-0.847375
-0.084737
-4.152137
2.457387
2.457387
2.033700
-0.762637
3.389499
1.694750
2.965812
-1.355800
2.033700
3.558974
5.338462
4.152137
4.830037
5.931624
5.084249
1.355800
3.558974
3.728449
12.880098
11.693773
10.253236
5.592674
4.575824
3.135287
14.829060
7.117949
10.592186
5.507937
9.660073
8.727961
12.710623
3.135287
8.812698
3.728449
9.829548
8.219536
16.947497
14.998535
18.388034
13.473260
14.490110
4.406349
3.135287
-1.440537
8.473748
2.626862
4.999512
4.745299
8.219536
6.101099
11.609035
2.881074
5.507937
-7.117949
-3.643712
-4.914774
1.694750
1.355800
-1.440537
-8.812698
-5.846886
-17.455922
-5.762149
-1.355800
2.965812
6.016361
11.693773
4.830037
2.372650
1.779487
6.185836
1.355800
0.254212
-5.677411
-3.813187
-2.033700
3.813187
2.118437
0.932112
-6.863736
-3.982662
-3.050549
0.423687
-0.338950
5.931624
4.236874
-1.016850
-3.050549
2.118437
5.338462
9.066911
10.083761
9.660073
7.880586
0.169475
-2.033700
7.456899
-17.710134
-10.083761
14.151160
-6.101099
-12.795360
-1.355800
7.626374
-2.203175
7.711111
3.050549
7.541636
2.033700
1.864225
18.303297
3.728449
13.219048
-8.134799
6.863736
8.643223
8.304274
11.778510
4.067399
-0.169475
-0.847375
5.168987
0.084737
-2.118437
-10.168498
-5.762149
-4.406349
-1.355800
-5.846886
-1.694750
-8.473748
-10.846398
-17.964347
-13.812210
-20.845421
-23.218071
-32.115507
-26.014408
-29.064957
-21.947009
-19.235409
-12.880098
-18.557509
-18.896459
-25.082295
-24.573871
-22.794383
-13.727473
-14.829060
-10.168498
-13.473260
-15.083272
-17.879609
-9.829548
-4.575824
0.762637
-6.355311
-8.812698
-12.202198
-14.913797
-11.100611
-1.016850
3.220024
5.931624
-1.610012
-7.033211
-11.524298
-11.270085
-7.541636
-1.271062
4.999512
1.694750
-1.779487
-4.914774
-5.592674
-8.473748
-5.338462
-7.456899
-0.423687
-1.016850
0.508425
-6.948474
-7.626374
-12.202198
-6.355311
-4.321612
-1.101587
-4.575824
0.932112
-4.575824
-0.677900
-3.304762
0.508425
-0.762637
3.304762
0.847375
4.660562
1.016850
6.185836
-1.948962
-1.694750
-7.541636
-1.779487
-5.846886
2.881074
5.423199
8.558486
4.660562
4.660562
0.169475
2.287912
2.287912
5.846886
4.660562
7.117949
0.847375
2.626862
-1.779487
9.321123
4.491087
6.355311
2.203175
3.220024
0.677900
-0.762637
9.066911
8.134799
3.643712
2.711600
4.575824
-5.677411
2.118437
-2.965812
-2.203175
0.677900
5.084249
-4.152137
-0.423687
-6.609524
0.508425
-9.066911
2.965812
2.033700
6.101099
-2.287912
-2.203175
-7.033211
-1.186325
1.016850
5.168987
-2.881074
-2.203175
-5.762149
2.372650
4.575824
12.286935
13.388523
10.083761
2.881074
5.168987
6.694261
9.236386
7.456899
2.372650
4.491087
8.812698
8.473748
4.491087
7.033211
7.117949
11.354823
9.236386
5.338462
7.795849
11.947985
13.981685
21.014896
16.439072
16.184860
6.440049
11.270085
6.524786
9.066911
6.863736
11.185348
8.812698
12.032723
3.897924
6.185836
4.236874
9.999023
10.846398
16.015385
13.812210
11.100611
9.236386
3.389499
7.456899
13.642735
22.794383
21.947009
20.082784
14.320635
16.269597
19.743834
20.845421
16.693284
18.218559
11.354823
12.880098
15.676435
9.914286
-1.610012
-1.948962
0.762637
0.847375
-9.575336
-1.440537
-5.084249
-9.829548
-20.336996
-7.965324
-16.015385
-9.490598
-14.066422
-3.474237
-15.930647
-4.914774
-14.829060
-17.540659
-13.303785
-12.032723
-11.100611
-13.473260
-21.438584
-24.065446
-19.150672
-12.710623
2.372650
-5.168987
-9.066911
-11.100611
-1.440537
-2.287912
0.169475
-6.355311
-5.677411
-15.506960
-11.100611
-20.421734
5.423199
1.271062
-10.592186
-2.965812
1.694750
-1.610012
-10.846398
-7.541636
-0.423687
7.456899
15.083272
8.134799
2.542125
1.186325
-2.457387
5.338462
10.592186
11.947985
-5.762149
2.372650
-2.033700
-1.864225
-2.711600
2.033700
1.694750
1.525275
2.372650
-3.474237
-10.846398
-7.795849
-9.660073
-4.152137
-4.830037
-5.084249
-10.083761
1.440537
-1.186325
4.321612
-6.270574
-4.491087
-10.507448
-4.236874
-1.186325
3.897924
3.304762
1.355800
-1.610012
-8.558486
-9.321123
-6.778999
-0.338950
7.372161
9.744811
12.202198
14.659585
5.677411
-1.440537
-8.812698
-5.846886
-5.846886
2.457387
1.186325
7.287424
2.711600
0.593162
-9.321123
-0.932112
-3.643712
-0.338950
-1.101587
2.881074
-8.643223
-6.948474
-9.151648
-9.744811
-10.507448
-3.558974
-3.558974
-5.084249
-10.931136
-8.050061
1.525275
-1.355800
3.982662
-1.948962
-2.372650
-6.270574
-12.117460
-13.049573
-5.592674
-7.202686
4.321612
4.152137
8.982173
0.508425
3.135287
-2.118437
-0.423687
-5.253724
-1.016850
1.355800
7.795849
5.507937
8.219536
2.287912
6.185836
8.812698
7.795849
7.965324
6.440049
6.270574
8.134799
5.592674
-0.762637
-1.016850
7.541636
7.711111
7.287424
10.931136
8.389011
7.033211
3.643712
6.948474
6.185836
9.066911
2.372650
6.355311
4.745299
5.253724
-0.423687
1.694750
-2.796337
0.423687
-1.016850
5.168987
2.203175
8.558486
5.338462
-0.423687
-9.236386
-7.965324
-12.541148
-2.796337
-1.610012
2.626862
-0.677900
1.525275
-1.610012
-1.694750
-1.779487
0.762637
1.525275
2.965812
-0.593162
-3.050549
-3.389499
-3.474237
0.169475
-5.592674
3.220024
0.254212
1.186325
2.881074
11.524298
11.270085
12.117460
-6.185836
-0.593162
-3.982662
3.897924
4.236874
10.931136
6.524786
7.372161
-0.254212
-0.932112
-2.287912
1.948962
3.558974
10.253236
8.897436
5.846886
1.101587
2.372650
3.304762
5.762149
0.423687
-0.084737
0.593162
1.186325
2.033700
1.271062
5.592674
8.897436
3.982662
0.508425
-1.779487
-2.203175
-1.948962
-1.016850
-2.033700
-1.355800
-2.287912
-3.813187
-4.660562
-5.507937
-2.881074
-2.033700
5.253724
9.490598
5.846886
-3.389499
-7.626374
-10.507448
-3.813187
-0.762637
7.202686
6.863736
-0.169475
-5.846886
-2.542125
-3.220024
3.135287
-1.355800
-2.965812
-6.016361
-2.033700
-0.423687
3.135287
-3.474237
-2.118437
-3.135287
2.626862
-1.186325
-0.423687
-4.830037
1.694750
-3.304762
-1.101587
-2.372650
2.372650
-6.863736
-8.982173
-11.863248
1.355800
2.711600
1.779487
-7.541636
-3.728449
-4.660562
1.186325
-3.897924
-1.948962
-4.236874
4.152137
1.016850
0.423687
-3.897924
-1.864225
-1.440537
-0.932112
-1.779487
-1.864225
-2.287912
-0.169475
4.830037
0.084737
-0.593162
-2.711600
1.694750
-3.813187
-1.525275
-3.135287
-7.795849
-9.066911
-6.863736
-10.422711
-9.914286
-16.184860
-11.863248
-12.371673
-9.236386
-14.235897
-10.253236
-8.897436
-5.592674
-8.897436
-8.643223
-13.981685
-7.965324
-8.982173
-3.050549
-5.762149
-4.236874
-11.439560
-9.829548
-10.422711
-3.389499
-4.830037
-3.728449
-9.236386
-7.626374
-8.050061
-2.965812
-7.541636
-4.914774
-9.999023
-9.236386
-8.812698
-3.558974
-10.422711
-3.813187
-6.524786
0.084737
-3.558974
-0.169475
-7.287424
-7.880586
-11.354823
-3.897924
-3.558974
1.186325
-1.779487
2.457387
-4.321612
-2.203175
-1.948962
0.084737
-4.830037
-1.101587
-2.881074
1.525275
0.677900
6.270574
0.338950
0.423687
-6.270574
-3.728449
-4.914774
4.152137
3.304762
7.795849
-2.287912
-1.355800
-9.151648
-5.592674
-4.745299
3.304762
4.321612
4.491087
-2.965812
-0.169475
-6.440049
-1.610012
2.203175
10.931136
6.609524
8.050061
1.864225
8.304274
2.542125
2.626862
-4.745299
-0.593162
0.338950
13.219048
11.270085
13.388523
5.762149
7.372161
4.914774
11.778510
10.507448
12.710623
6.694261
10.846398
8.219536
9.999023
2.796337
8.897436
3.389499
4.745299
0.338950
4.406349
2.711600
3.304762
-0.932112
1.779487
-3.220024
4.152137
2.796337
4.999512
-3.982662
-3.982662
-4.999512
5.168987
5.507937
8.558486
2.203175
0.254212
-2.542125
0.338950
0.423687
4.152137
0.338950
1.864225
0.762637
4.999512
2.457387
4.999512
3.304762
4.406349
0.169475
0.000000
-3.050549
-5.677411
-7.117949
-5.084249
-4.830037
-5.423199
-6.016361
-6.778999
-2.542125
2.542125
3.389499
-2.626862
-5.338462
-7.033211
-5.931624
-4.321612
-0.762637
1.186325
1.186325
-1.271062
3.474237
9.321123
17.794872
18.472772
15.083272
4.660562
1.016850
-1.101587
4.830037
4.575824
9.829548
7.795849
9.321123
5.253724
9.405861
11.609035
17.540659
15.422222
11.015873
0.254212
-0.677900
-6.863736
-4.745299
-6.524786
-1.101587
-5.084249
0.084737
-2.626862
-0.338950
-1.948962
1.355800
0.762637
9.236386
6.524786
6.440049
-1.948962
-0.508425
-5.338462
-1.271062
-5.168987
0.847375
-1.779487
3.135287
-0.677900
0.593162
-3.897924
1.779487
-0.593162
4.830037
-0.084737
7.033211
3.728449
7.456899
3.897924
2.881074
-1.694750
1.101587
-7.287424
-2.711600
-8.389011
-6.355311
-9.321123
-6.694261
-8.050061
-5.338462
-9.405861
-5.168987
-6.694261
-2.542125
-6.948474
-7.880586
-14.235897
-12.625885
-14.405372
-14.744322
-15.506960
-11.863248
-9.660073
-6.778999
-7.880586
-6.524786
-8.727961
-6.948474
-5.253724
-1.948962
-1.440537
0.932112
-0.847375
0.508425
-3.982662
2.457387
4.575824
2.542125
0.932112
-2.033700
0.084737
-0.254212
0.932112
-3.897924
-3.643712
-8.050061
-5.084249
-10.676923
-9.236386
-12.117460
-7.287424
-4.914774
1.694750
2.118437
5.677411
2.542125
6.609524
0.932112
3.389499
-0.169475
7.117949
4.321612
11.354823
8.558486
8.982173
2.796337
1.525275
-2.965812
-2.542125
-7.202686
-1.271062
-6.270574
-3.643712
-6.270574
0.508425
-1.694750
1.694750
-0.932112
7.711111
6.778999
10.846398
7.880586
12.117460
9.914286
10.846398
4.321612
2.965812
-4.067399
