-4.630037
-1.253968
3.183150
0.192918
4.822955
5.594628
0.675214
-1.832723
-4.919414
-4.533578
-5.112332
-6.462759
-5.305250
-5.305250
-2.122100
1.639805
0.868132
3.472527
0.385836
1.736264
2.507937
0.868132
3.472527
1.832723
7.041514
6.655678
9.260073
6.462759
4.051282
0.675214
0.096459
-1.639805
-3.954823
-4.630037
-5.980464
-6.945055
-10.128205
-10.031746
-9.163614
-7.330891
-4.822955
-4.244200
-0.385836
-1.446886
-3.761905
-2.411477
-1.543346
-4.919414
-2.218559
-2.315018
-1.929182
-5.594628
-5.401709
-3.858364
1.446886
4.822955
10.321123
10.803419
11.092796
10.610501
8.006105
8.391941
6.655678
5.401709
3.376068
1.832723
1.350427
1.446886
0.675214
1.157509
2.604396
1.832723
0.578755
0.385836
0.385836
0.385836
-0.482295
-0.385836
-1.929182
-0.482295
-0.385836
-1.061050
0.771673
3.665446
4.533578
6.173382
8.970696
9.356532
11.092796
10.803419
11.189255
7.330891
9.549451
7.234432
2.893773
1.446886
2.507937
3.568987
3.568987
3.568987
4.147741
0.675214
0.964591
-0.482295
-1.639805
-2.218559
-3.568987
-5.980464
-6.462759
-6.269841
-6.173382
-6.269841
-7.330891
-5.112332
-4.533578
-2.604396
-6.173382
-5.980464
-8.391941
-8.295482
-5.884005
-5.691087
-6.559219
-5.594628
0.000000
-2.990232
-1.157509
0.964591
3.279609
3.472527
5.594628
7.716728
7.523810
6.655678
5.498168
6.462759
2.893773
3.279609
5.112332
5.594628
8.199023
8.391941
11.768010
7.330891
11.092796
11.382173
5.980464
3.665446
5.594628
2.315018
0.385836
3.183150
5.884005
5.112332
3.858364
8.295482
7.137973
7.909646
5.594628
8.970696
5.691087
3.858364
7.716728
13.600733
12.829060
12.925519
14.083028
12.539683
12.732601
13.697192
12.925519
10.514042
6.366300
2.893773
2.990232
4.726496
5.208791
2.122100
3.279609
3.761905
6.076923
7.427350
7.330891
5.691087
3.183150
1.543346
0.964591
-1.253968
0.289377
2.025641
-0.964591
-3.665446
-0.771673
-2.411477
-7.716728
-6.366300
-1.929182
-5.305250
-3.665446
-1.736264
-2.315018
-4.919414
-3.279609
-3.568987
-4.919414
-2.315018
-0.482295
1.832723
0.000000
0.385836
-0.964591
-2.990232
-6.752137
-5.498168
-5.594628
-5.112332
-1.157509
3.761905
8.295482
4.630037
5.015873
6.269841
2.604396
0.771673
-1.350427
-3.183150
-5.208791
-4.919414
-5.305250
-2.893773
-4.147741
-1.736264
-0.771673
-3.665446
-5.015873
-2.990232
-0.578755
0.096459
0.385836
3.568987
4.437118
2.893773
-0.578755
-6.655678
-7.523810
-11.575092
-11.189255
-13.697192
-13.021978
-10.803419
-9.356532
-5.208791
-1.157509
4.630037
6.559219
5.884005
2.507937
0.385836
-3.761905
-4.437118
-2.507937
-1.736264
-1.350427
1.929182
4.340659
4.437118
9.645910
8.006105
6.076923
7.041514
11.382173
8.391941
10.996337
9.356532
5.884005
3.954823
0.385836
-3.472527
-4.726496
-2.797314
-2.990232
-1.929182
-4.726496
-7.137973
-5.498168
-3.183150
-5.498168
-5.787546
-4.822955
-6.173382
-1.061050
1.446886
1.446886
-1.832723
-1.543346
1.446886
4.147741
5.980464
6.076923
3.954823
6.366300
6.559219
6.945055
7.909646
9.356532
7.813187
7.041514
6.848596
2.797314
5.594628
4.051282
4.051282
7.137973
7.909646
7.909646
7.137973
6.269841
3.472527
3.761905
0.385836
-0.482295
-0.868132
-0.482295
-2.025641
-2.025641
-5.208791
-4.822955
-5.691087
-1.832723
2.122100
1.639805
5.208791
3.183150
-0.289377
-2.700855
-0.578755
0.771673
1.736264
1.253968
-1.253968
-2.411477
-2.507937
0.868132
7.523810
5.691087
2.990232
1.639805
1.446886
1.929182
0.771673
3.665446
2.700855
5.015873
4.919414
5.208791
4.147741
5.884005
9.549451
9.935287
9.742369
6.945055
3.858364
2.411477
2.507937
0.675214
1.157509
1.929182
-0.771673
-2.507937
-6.752137
-4.630037
-1.736264
1.639805
0.289377
1.061050
2.411477
5.305250
7.137973
5.980464
2.604396
-1.832723
-5.980464
-6.655678
-2.893773
-2.604396
-4.919414
-8.777778
-10.610501
-8.295482
-8.199023
-6.269841
-9.163614
-6.752137
-9.356532
-4.340659
-4.051282
0.000000
-2.700855
-7.234432
-11.575092
-8.681319
-7.330891
-0.675214
1.736264
-1.350427
-6.945055
-5.787546
-0.482295
4.822955
9.356532
7.427350
2.122100
-0.675214
-2.893773
-0.675214
-0.868132
0.000000
-4.051282
-10.224664
-8.488400
-3.086691
1.061050
5.015873
5.305250
3.761905
-3.376068
-2.411477
-3.376068
-1.543346
-1.639805
-3.376068
-1.350427
-0.964591
-0.868132
0.675214
1.736264
1.736264
-1.446886
-3.376068
-3.086691
-1.736264
1.736264
-0.578755
-0.868132
-1.061050
-0.482295
2.411477
3.568987
4.244200
6.655678
5.305250
4.340659
6.945055
6.848596
7.427350
7.620269
4.244200
-1.253968
-0.289377
-1.061050
1.157509
0.000000
0.192918
2.122100
3.086691
6.559219
6.848596
6.752137
6.655678
7.234432
8.199023
7.909646
9.067155
8.681319
5.884005
2.893773
-1.639805
-0.192918
-0.482295
-0.964591
-2.122100
-0.482295
-1.157509
2.604396
4.630037
5.787546
6.945055
7.620269
9.645910
7.234432
1.639805
-1.253968
3.376068
6.655678
5.015873
8.199023
7.620269
9.452991
5.884005
4.726496
7.330891
9.163614
7.523810
7.813187
6.269841
7.137973
4.822955
3.472527
3.086691
0.289377
-1.446886
-4.051282
-6.462759
-6.173382
-3.568987
-1.253968
-0.964591
-2.122100
-0.289377
3.183150
5.884005
9.645910
7.909646
7.234432
1.253968
-1.736264
-1.350427
-0.289377
-1.446886
-4.244200
-2.990232
1.929182
5.498168
2.218559
7.041514
3.665446
-0.289377
-2.122100
-5.498168
-4.533578
-4.437118
-5.980464
-2.893773
-2.990232
-1.736264
2.025641
3.376068
8.102564
8.391941
6.366300
1.639805
0.192918
3.761905
3.376068
3.086691
2.700855
0.000000
2.700855
2.700855
4.051282
8.777778
9.163614
5.980464
1.446886
2.507937
-1.446886
-4.437118
-4.244200
-4.630037
-3.665446
-3.665446
-1.929182
-0.096459
-1.639805
-3.761905
-1.929182
-1.832723
0.385836
-0.096459
4.340659
6.173382
5.594628
5.305250
3.183150
2.700855
1.543346
1.929182
5.305250
4.051282
5.305250
5.305250
3.183150
2.507937
5.015873
3.665446
4.147741
3.279609
0.675214
2.315018
0.000000
-1.157509
0.771673
-2.122100
-5.691087
-5.980464
-8.006105
-9.935287
-9.935287
-9.549451
-3.954823
-0.675214
-0.964591
-1.929182
-2.507937
-5.980464
-7.330891
-7.427350
-4.340659
0.192918
1.639805
-0.868132
-3.183150
-7.523810
-9.067155
-12.057387
-12.539683
-11.189255
-8.295482
-7.427350
-6.269841
-5.401709
-1.639805
1.736264
8.488400
14.951160
18.230769
16.301587
6.752137
0.192918
-2.122100
-2.893773
-2.990232
-3.761905
-4.437118
-4.244200
-4.919414
-6.655678
-4.822955
-6.559219
-3.086691
-2.507937
1.543346
0.385836
-2.025641
-4.919414
-5.498168
-7.427350
-7.523810
-11.382173
-7.427350
-4.822955
-6.269841
-6.269841
-7.427350
-10.706960
-13.986569
-15.819292
-16.976801
-18.520147
-16.108669
-16.301587
-10.899878
-11.575092
-9.260073
-10.514042
-10.803419
-13.407814
-16.301587
-17.362637
-17.844933
-17.844933
-11.382173
-7.427350
-3.858364
2.025641
3.954823
3.761905
2.122100
1.832723
-0.482295
-1.639805
-0.675214
-0.482295
0.289377
0.385836
2.025641
-1.253968
-4.340659
-3.086691
0.578755
1.446886
2.990232
3.376068
4.437118
-1.350427
-0.964591
-4.244200
-3.954823
-2.604396
0.385836
2.990232
4.244200
-0.385836
-4.533578
-6.945055
-5.594628
-2.507937
-2.700855
-2.797314
-2.122100
-3.665446
-5.787546
-7.427350
-6.366300
-5.594628
-3.761905
-2.700855
-2.315018
-2.797314
-4.822955
-2.990232
-2.990232
-4.244200
-3.954823
-0.385836
2.315018
3.086691
3.858364
4.051282
1.157509
-1.157509
-2.700855
-5.691087
-7.716728
-9.549451
-8.391941
-7.137973
-7.909646
-6.559219
-8.006105
-8.391941
-11.671551
-12.925519
-9.742369
-7.427350
-2.315018
0.964591
-0.578755
2.315018
4.051282
3.376068
1.350427
-2.893773
-5.015873
-2.604396
-2.218559
0.771673
5.015873
8.102564
7.330891
9.645910
10.417582
9.163614
10.514042
8.681319
8.488400
6.655678
4.147741
4.244200
2.797314
0.385836
-1.061050
-0.868132
1.639805
2.604396
0.964591
2.604396
2.218559
0.385836
-4.822955
-4.822955
-5.305250
-5.208791
-6.366300
-5.401709
-4.822955
-2.797314
-4.244200
-2.604396
-0.578755
-0.385836
-1.446886
-0.675214
-0.578755
1.543346
2.025641
4.147741
3.761905
2.893773
2.797314
2.025641
1.929182
5.112332
5.208791
3.568987
0.964591
2.122100
3.183150
3.086691
-1.832723
-1.929182
-1.253968
1.157509
0.868132
0.192918
4.533578
3.568987
0.771673
5.691087
8.874237
7.234432
2.507937
0.771673
-2.411477
-4.533578
-7.716728
-8.777778
-11.671551
-10.996337
-9.452991
-5.498168
-3.086691
-2.893773
-1.929182
0.771673
4.147741
5.305250
9.645910
10.514042
7.330891
7.813187
3.472527
1.832723
1.639805
3.858364
1.639805
2.122100
5.691087
6.752137
10.128205
9.742369
9.838828
3.761905
1.061050
-4.147741
-5.498168
-1.543346
-3.472527
-0.964591
-1.639805
0.385836
-0.192918
0.289377
0.385836
0.000000
0.385836
2.700855
1.832723
0.964591
-0.192918
0.192918
-0.675214
-0.385836
0.675214
0.385836
-0.192918
0.385836
0.675214
3.761905
4.244200
4.630037
6.366300
9.163614
8.391941
8.584860
10.031746
9.549451
8.874237
7.620269
4.726496
7.909646
9.260073
4.147741
2.025641
3.472527
-1.061050
-0.868132
1.446886
-1.157509
-4.533578
-6.366300
-3.086691
-5.305250
-8.102564
-9.452991
-9.356532
-7.716728
-4.051282
-0.289377
2.122100
2.990232
1.543346
0.964591
2.507937
-2.411477
-6.848596
-4.533578
-6.462759
-6.848596
-8.874237
-4.726496
-2.507937
-2.990232
-2.025641
-0.771673
-4.340659
-3.761905
-3.183150
-0.192918
1.253968
-2.604396
-4.244200
-0.482295
4.533578
2.315018
2.315018
4.533578
3.568987
0.675214
-0.964591
2.315018
2.411477
-0.482295
-1.350427
-0.771673
-3.279609
-5.112332
-6.173382
-4.244200
-2.700855
-1.543346
-2.025641
4.147741
6.366300
4.822955
7.427350
11.285714
10.031746
7.234432
7.041514
11.285714
9.742369
3.183150
0.385836
2.797314
-0.964591
-4.533578
-3.858364
-4.340659
-5.112332
-3.761905
-0.482295
2.218559
1.929182
4.822955
3.858364
3.761905
3.665446
7.523810
10.031746
8.584860
6.076923
7.330891
7.620269
2.893773
-1.446886
-1.061050
-1.832723
-3.376068
-1.350427
0.000000
-0.289377
-4.533578
-8.295482
-7.813187
-8.391941
-11.864469
-10.031746
-5.208791
-2.218559
-5.015873
-5.305250
-7.330891
-8.488400
-9.356532
-9.549451
-9.452991
-6.462759
-4.437118
-6.366300
-7.909646
-4.630037
-5.401709
-6.655678
-8.584860
-7.620269
-5.112332
-5.015873
-7.234432
-4.630037
-3.761905
-4.437118
-5.594628
-3.376068
-0.482295
4.147741
6.462759
5.112332
2.122100
2.411477
0.964591
1.929182
0.964591
3.086691
4.051282
4.051282
2.025641
4.919414
5.787546
6.848596
6.945055
6.945055
3.954823
2.700855
0.868132
2.218559
2.797314
3.472527
2.604396
2.990232
3.568987
7.137973
12.829060
9.549451
7.716728
7.427350
6.366300
8.681319
11.864469
15.626374
16.976801
22.474969
23.825397
23.728938
24.211233
25.851038
23.053724
22.764347
21.317460
18.713065
18.423687
19.484737
18.037851
15.626374
12.539683
9.452991
9.356532
8.391941
6.945055
10.128205
11.960928
11.768010
8.006105
6.173382
4.340659
3.086691
3.954823
1.350427
1.446886
2.604396
2.218559
5.498168
6.559219
6.173382
8.102564
9.645910
8.295482
10.417582
7.523810
6.945055
7.041514
5.305250
5.401709
4.340659
0.096459
-1.639805
-2.122100
-3.858364
-5.015873
-5.305250
-6.848596
-5.208791
-1.253968
-0.096459
-2.315018
-3.761905
-2.122100
0.385836
-1.061050
-2.893773
-2.990232
-4.147741
-1.446886
1.543346
-0.578755
0.675214
2.507937
1.929182
2.893773
3.665446
5.208791
5.691087
8.295482
7.041514
4.437118
1.929182
2.797314
3.665446
3.761905
3.279609
-1.061050
-2.411477
1.832723
5.787546
9.163614
7.813187
7.427350
4.437118
3.086691
3.086691
0.964591
-2.315018
-0.771673
2.218559
4.051282
9.356532
11.092796
8.488400
5.015873
-0.192918
-0.771673
-0.482295
0.385836
2.122100
5.305250
6.173382
5.015873
3.665446
4.051282
3.279609
2.797314
1.061050
1.543346
3.954823
5.787546
4.822955
5.884005
12.829060
14.179487
7.041514
3.183150
-0.964591
-1.061050
-1.061050
-2.411477
-3.183150
-5.498168
-10.321123
-9.742369
-9.935287
-11.189255
-8.488400
-5.498168
-5.980464
-4.822955
-6.269841
-7.620269
-10.417582
-10.514042
-12.346764
-11.864469
-10.128205
-12.925519
-17.266178
-16.494505
-11.671551
-9.067155
-7.041514
-5.498168
-4.822955
-6.173382
-6.366300
-8.006105
-10.224664
-10.031746
-10.899878
-11.189255
-8.874237
-7.909646
-5.884005
-5.015873
-4.051282
-7.041514
-8.295482
-9.163614
-8.970696
-8.681319
-4.822955
-4.051282
-4.147741
-3.472527
-4.726496
-5.980464
-7.041514
-6.173382
-7.427350
-10.803419
-12.443223
-14.275946
-15.722833
-14.275946
-13.311355
-11.671551
-9.742369
-9.838828
-7.716728
-3.761905
-4.533578
-7.234432
-5.015873
-6.076923
-6.945055
-5.305250
-2.990232
-2.893773
-4.340659
-4.919414
-3.376068
-4.340659
-3.472527
-2.025641
-0.868132
0.385836
3.858364
2.700855
5.015873
2.893773
3.376068
2.797314
4.533578
6.462759
9.260073
9.935287
7.620269
8.199023
8.006105
8.199023
5.980464
4.726496
7.234432
6.366300
6.366300
7.909646
8.488400
7.041514
9.163614
8.488400
10.803419
6.655678
5.208791
3.954823
5.980464
7.813187
11.671551
14.661783
20.642247
19.484737
19.388278
19.098901
17.652015
10.514042
6.559219
7.909646
6.848596
8.102564
7.909646
7.909646
4.340659
5.787546
4.147741
1.350427
-0.289377
-0.964591
-4.630037
-6.559219
-6.366300
-9.549451
-10.803419
-11.382173
-9.838828
-9.452991
-11.768010
-13.697192
-12.057387
-10.417582
-9.260073
-7.427350
-4.630037
-1.061050
0.385836
1.061050
2.893773
3.472527
4.726496
1.350427
1.446886
2.797314
4.147741
6.173382
6.076923
3.472527
5.787546
4.919414
11.960928
18.134310
19.677656
17.169719
13.600733
4.437118
0.096459
-3.568987
-6.945055
-10.224664
-8.777778
-11.768010
-13.890110
-14.661783
-19.870574
-15.144078
-9.452991
-6.848596
-7.330891
-7.427350
-7.330891
-4.437118
-2.025641
-2.797314
-1.736264
-5.208791
-4.919414
-0.096459
7.137973
13.214896
18.037851
16.590965
16.398046
13.697192
12.443223
13.118437
12.057387
9.163614
7.716728
1.157509
-4.437118
-5.691087
-2.797314
1.639805
-2.797314
-6.076923
-11.478632
-14.372405
-9.838828
-5.015873
-0.289377
4.051282
4.244200
3.472527
3.279609
4.340659
9.645910
14.661783
14.854701
10.610501
5.787546
4.726496
9.163614
12.636142
11.478632
6.462759
2.507937
-1.736264
-5.015873
-6.655678
-2.315018
-0.578755
-5.305250
-7.523810
-9.163614
-8.970696
-2.411477
1.736264
3.761905
12.057387
13.504274
13.021978
10.224664
7.330891
7.909646
11.285714
5.208791
0.385836
-3.761905
-8.102564
-4.919414
-2.700855
-2.507937
-0.578755
3.279609
2.990232
-0.675214
-5.884005
-4.533578
-5.498168
-5.498168
-5.594628
-3.183150
-0.289377
-0.289377
-1.639805
0.771673
4.051282
4.533578
4.437118
1.832723
1.061050
1.157509
3.761905
3.665446
6.076923
1.736264
4.340659
3.568987
1.061050
2.507937
5.015873
3.761905
3.665446
3.086691
2.797314
3.279609
4.533578
4.244200
1.253968
0.000000
-2.218559
-1.350427
-2.604396
0.000000
2.700855
4.051282
0.675214
-0.096459
1.253968
0.385836
-2.218559
-3.665446
-5.015873
-7.523810
-3.665446
-5.787546
-5.401709
-3.858364
-4.340659
-2.797314
-2.893773
-3.183150
-3.665446
-5.112332
-4.147741
-5.498168
-8.295482
-8.006105
-7.427350
-6.848596
-4.244200
-2.411477
0.385836
-1.639805
-1.061050
-2.025641
-1.157509
-1.350427
0.385836
4.051282
5.401709
2.411477
0.868132
-2.315018
-3.568987
-4.726496
-7.523810
-8.777778
-8.970696
-8.777778
-7.234432
-9.163614
-7.523810
-9.549451
-10.610501
-10.128205
-10.321123
-8.681319
-7.041514
-11.768010
-10.224664
-13.600733
-16.012210
-16.494505
-15.626374
-14.372405
-11.285714
-12.636142
-10.321123
-7.427350
-4.919414
-5.208791
-4.919414
-5.980464
-4.244200
-1.736264
-5.112332
-5.787546
-8.102564
-11.382173
-10.417582
-10.996337
-7.523810
-8.874237
-5.980464
-6.655678
-6.076923
-3.568987
-3.279609
-2.315018
2.122100
5.112332
6.559219
8.006105
5.980464
7.137973
5.594628
5.305250
4.147741
2.411477
2.411477
1.639805
1.736264
-0.192918
1.350427
-0.578755
-1.929182
-6.559219
-7.620269
-8.006105
-6.462759
-5.208791
-5.691087
-5.208791
-5.401709
-4.533578
-3.665446
2.025641
2.700855
3.183150
2.700855
0.289377
0.096459
-0.675214
-1.639805
-4.340659
-7.620269
-7.330891
-8.391941
-5.305250
-4.147741
-3.472527
-3.954823
-6.269841
-5.401709
-4.340659
-2.990232
-0.868132
-1.736264
-5.980464
-8.391941
-8.488400
-9.645910
-8.777778
-3.761905
-0.868132
1.543346
3.954823
4.051282
7.330891
7.813187
8.295482
7.620269
13.793651
17.169719
17.555556
14.275946
9.742369
8.295482
9.260073
9.067155
12.250305
10.514042
9.452991
6.848596
4.822955
3.761905
4.244200
3.376068
-0.964591
0.385836
-3.086691
0.385836
2.122100
4.340659
6.848596
7.427350
6.076923
2.122100
5.691087
1.350427
0.385836
0.964591
1.832723
0.675214
2.218559
0.385836
-0.771673
-0.289377
-1.446886
-0.482295
-1.061050
2.218559
2.315018
0.868132
3.279609
4.340659
6.076923
4.437118
7.041514
7.523810
5.787546
7.427350
8.391941
6.559219
6.945055
8.391941
10.803419
8.199023
5.305250
5.787546
7.041514
6.848596
0.964591
2.411477
-1.639805
-5.208791
-4.919414
-8.584860
-9.356532
-10.610501
-8.681319
-8.777778
-5.787546
-2.797314
0.096459
1.446886
4.822955
6.462759
6.462759
6.462759
3.858364
1.543346
-1.157509
-1.543346
-0.578755
-2.797314
-2.797314
-2.700855
-5.015873
-6.076923
-5.015873
-3.568987
-4.630037
-4.147741
-4.244200
-6.848596
-6.269841
-2.122100
-2.990232
-0.096459
-0.385836
-1.061050
-2.700855
-3.279609
0.868132
1.832723
1.639805
0.385836
2.218559
0.868132
0.964591
0.868132
0.578755
1.736264
-0.192918
1.350427
2.122100
2.604396
1.253968
3.279609
0.289377
-0.385836
-1.350427
-4.147741
-3.279609
-3.376068
-3.665446
-4.726496
-3.472527
-4.919414
-5.498168
-4.822955
-5.980464
-6.076923
-5.208791
-2.025641
-3.761905
-2.315018
-0.289377
2.507937
1.446886
2.025641
-1.736264
-4.051282
-5.401709
-5.208791
-4.244200
-3.376068
-1.061050
-0.964591
-0.192918
-0.192918
-1.446886
-4.147741
-2.604396
0.385836
0.964591
0.385836
1.061050
1.446886
1.639805
2.411477
1.639805
2.411477
5.208791
3.568987
3.858364
4.726496
5.112332
0.675214
-1.350427
2.990232
4.437118
2.218559
-0.771673
-1.446886
-4.437118
-5.884005
-5.498168
-5.980464
-9.742369
-8.681319
-8.295482
-5.112332
-5.498168
-3.858364
-4.630037
-4.051282
-2.604396
-2.315018
0.964591
1.157509
0.964591
2.604396
1.253968
1.736264
1.639805
3.472527
3.761905
7.523810
4.340659
6.848596
7.427350
7.523810
8.199023
9.067155
7.716728
8.102564
6.173382
5.305250
9.742369
9.742369
9.742369
7.330891
7.330891
5.980464
2.990232
0.964591
-0.771673
0.868132
0.385836
4.051282
6.173382
6.076923
4.726496
6.462759
6.269841
4.051282
1.929182
1.929182
1.061050
1.639805
0.868132
6.076923
5.787546
5.112332
4.051282
3.761905
3.665446
4.147741
5.498168
5.691087
7.041514
5.691087
6.752137
7.137973
6.945055
5.498168
6.366300
5.401709
6.269841
7.813187
7.716728
6.752137
4.822955
5.980464
6.752137
3.279609
3.858364
4.630037
5.594628
3.568987
5.015873
2.990232
3.761905
0.096459
1.350427
-1.350427
1.446886
2.315018
3.954823
1.446886
-0.482295
-2.700855
-2.411477
-5.208791
-8.777778
-8.102564
-5.980464
-2.025641
-4.051282
-2.797314
-1.832723
-3.472527
-4.822955
-4.437118
-4.051282
-3.183150
-3.954823
-5.594628
-7.234432
-8.391941
-7.234432
-5.884005
-4.630037
-3.761905
0.385836
2.507937
1.253968
-0.289377
-2.990232
-2.990232
-0.868132
1.061050
0.000000
-4.822955
-2.700855
-4.340659
-6.462759
-5.112332
-2.218559
-3.568987
-1.929182
-1.061050
1.736264
3.376068
7.041514
7.813187
10.610501
9.163614
10.128205
9.935287
7.137973
6.945055
1.543346
-0.096459
-0.192918
-2.218559
-4.244200
-3.665446
-4.147741
-5.498168
-5.112332
-5.015873
-7.330891
-7.330891
-8.295482
-7.137973
-1.061050
-1.929182
-1.061050
2.507937
4.051282
1.832723
0.868132
-0.192918
-1.061050
-2.604396
-4.533578
-4.726496
-1.639805
-4.340659
-0.964591
1.253968
6.462759
7.909646
9.356532
9.356532
10.321123
10.514042
11.478632
10.321123
10.128205
11.478632
12.250305
