-54.696703
-52.443956
-46.406593
-40.459341
-34.331868
-34.421978
-35.323077
-32.169231
-26.762637
-22.617582
-14.958242
-9.281319
-10.542857
-15.048352
-20.545055
-20.725275
-15.228571
-8.740659
-4.235165
-4.865934
-7.839560
-7.389011
-5.586813
-0.630769
2.072527
1.621978
1.261538
0.810989
1.081319
4.685714
8.740659
15.589011
15.769231
13.606593
6.848352
3.964835
5.586813
5.947253
6.578022
5.767033
3.243956
2.252747
1.531868
7.749451
11.804396
13.876923
9.551648
2.252747
2.432967
6.127473
8.740659
13.426374
19.643956
18.562637
14.507692
12.164835
8.290110
9.912088
10.452747
14.237363
18.832967
18.382418
16.850549
15.949451
16.490110
12.435165
12.975824
14.687912
14.687912
12.705495
10.993407
6.397802
7.298901
9.821978
15.498901
18.292308
23.428571
21.896703
20.635165
18.292308
18.202198
15.769231
16.400000
12.345055
14.327473
13.516484
15.048352
12.885714
13.426374
13.065934
17.391209
16.490110
17.931868
13.696703
17.120879
20.364835
25.230769
27.934066
27.303297
26.942857
23.068132
20.725275
21.265934
20.364835
16.400000
15.048352
9.191209
12.615385
13.516484
13.065934
12.795604
12.525275
9.912088
8.290110
9.010989
9.551648
11.714286
14.417582
17.751648
17.481319
16.850549
13.696703
9.191209
6.578022
4.415385
6.487912
8.200000
8.290110
8.470330
8.560440
7.118681
6.127473
4.775824
3.784615
2.613187
1.621978
0.540659
2.523077
1.531868
0.000000
-4.505495
-9.912088
-12.254945
-6.127473
-3.424176
-0.090110
8.380220
11.624176
9.912088
5.676923
3.514286
1.712088
0.810989
-1.712088
-3.784615
-5.586813
-6.397802
-8.109890
-9.821978
-8.470330
-8.560440
-9.191209
-8.290110
-13.426374
-14.868132
-12.975824
-11.804396
-10.002198
-9.101099
-9.010989
-9.821978
-5.316484
-3.874725
-6.668132
-4.054945
-5.046154
-8.109890
-5.316484
-3.784615
-4.145055
-3.874725
-2.523077
-2.703297
-3.334066
-0.991209
2.523077
6.397802
4.415385
0.630769
-1.712088
-4.054945
-7.389011
-7.749451
-4.956044
-6.938462
-7.389011
-10.452747
-8.830769
-7.569231
-5.136264
-4.415385
-4.054945
-4.775824
-1.441758
-3.424176
-4.145055
-7.659341
-6.938462
-4.505495
-5.136264
-3.514286
0.901099
-1.261538
-4.145055
-6.487912
-5.767033
-12.254945
-5.226374
-5.857143
-5.406593
-7.389011
-7.298901
-6.217582
-6.217582
-10.993407
-6.487912
-2.072527
1.441758
10.362637
13.246154
10.993407
6.397802
2.432967
-1.712088
-4.415385
-7.839560
-9.731868
-8.470330
-10.362637
-9.912088
-9.191209
-5.226374
-5.857143
-3.153846
-3.694505
-1.261538
-0.991209
-1.802198
-6.487912
-7.929670
-8.290110
-10.452747
-10.813187
-6.848352
-1.081319
1.712088
5.406593
3.604396
4.865934
5.496703
6.037363
2.793407
3.514286
-0.810989
-2.703297
-5.496703
-2.793407
-1.621978
1.712088
3.694505
2.072527
1.351648
1.892308
0.360440
2.162637
5.496703
7.208791
6.487912
0.540659
-3.784615
-2.432967
-5.136264
-1.261538
-1.621978
-3.694505
-5.586813
-7.389011
-10.182418
-5.947253
-3.063736
0.360440
1.531868
3.514286
3.604396
4.145055
2.703297
2.613187
7.929670
12.164835
13.336264
10.362637
4.956044
2.432967
-1.712088
-2.342857
-4.505495
-5.947253
-3.964835
-5.947253
-8.109890
-5.947253
0.720879
4.145055
2.703297
3.604396
6.397802
5.767033
6.127473
6.487912
6.848352
7.298901
6.397802
8.650549
9.281319
8.560440
5.496703
5.857143
2.432967
-2.793407
-6.217582
-11.173626
-16.940659
-16.940659
-17.210989
-12.254945
-10.813187
-9.821978
-10.362637
-11.534066
-12.074725
-12.525275
-8.290110
-6.487912
-3.874725
-2.252747
-2.973626
-4.054945
-4.054945
-1.621978
3.063736
3.334066
0.630769
-6.217582
-9.821978
-11.443956
-10.092308
-5.046154
0.090110
0.360440
0.540659
-3.694505
-5.857143
-7.569231
-3.604396
-4.865934
-5.496703
-8.290110
-13.696703
-15.138462
-11.804396
-6.037363
-1.441758
0.991209
1.621978
0.630769
1.531868
4.145055
9.371429
11.714286
11.894505
8.740659
10.813187
7.208791
8.560440
9.912088
16.760440
15.408791
18.742857
15.859341
16.850549
11.083516
10.362637
11.714286
12.345055
7.929670
5.136264
3.243956
1.892308
1.982418
5.767033
9.912088
14.327473
14.597802
15.769231
13.967033
12.345055
9.641758
11.083516
11.804396
11.443956
11.624176
11.443956
2.703297
-1.621978
-5.767033
-0.450549
2.793407
3.694505
-0.360440
-3.874725
-8.470330
-7.839560
-3.964835
0.360440
8.200000
15.138462
20.545055
28.114286
27.483516
23.789011
19.283516
13.606593
5.676923
-1.712088
-8.560440
-11.534066
-13.065934
-13.967033
-13.246154
-12.705495
-11.624176
-9.191209
-5.406593
-5.316484
-0.540659
3.334066
8.380220
10.272527
10.452747
6.397802
3.874725
1.171429
-1.081319
-2.342857
-5.586813
-6.037363
-6.668132
-7.298901
-6.307692
-4.054945
-1.712088
-4.685714
-5.046154
-5.136264
-4.956044
-2.072527
-0.540659
-0.901099
1.351648
1.982418
1.261538
-0.991209
-5.226374
-5.496703
-3.694505
-3.604396
-1.171429
-0.991209
0.180220
-2.342857
-3.424176
-1.712088
0.630769
0.901099
4.415385
3.424176
3.514286
1.531868
-2.523077
-4.235165
-7.208791
-5.676923
-7.929670
-2.342857
0.000000
0.991209
2.703297
1.712088
2.613187
2.703297
-0.540659
-2.973626
-1.712088
-0.450549
2.613187
4.685714
3.334066
1.712088
0.360440
0.630769
-0.180220
-1.171429
0.540659
-1.531868
-1.712088
-3.784615
-1.531868
-3.784615
-3.874725
-4.505495
-2.523077
-4.505495
-2.342857
-1.621978
0.090110
-0.360440
-1.802198
-1.081319
-2.072527
-3.694505
-1.531868
2.072527
0.630769
-2.883516
-6.307692
-5.046154
-5.947253
-6.578022
-7.298901
-9.371429
-9.281319
-9.912088
-10.993407
-11.714286
-7.479121
-2.883516
-0.450549
2.793407
6.037363
10.092308
8.650549
8.200000
5.316484
3.694505
6.397802
6.848352
3.964835
0.180220
0.270330
-1.351648
-1.982418
0.000000
0.090110
0.901099
-4.145055
0.180220
1.802198
2.793407
5.316484
5.857143
8.650549
11.534066
10.813187
9.821978
8.830769
3.874725
2.883516
0.540659
0.720879
1.081319
1.892308
2.883516
4.235165
3.153846
3.964835
6.487912
7.118681
8.109890
6.217582
4.415385
6.938462
5.406593
9.731868
9.821978
9.101099
10.723077
11.443956
10.362637
12.795604
11.624176
10.092308
6.217582
5.586813
4.956044
4.145055
3.153846
1.441758
-3.604396
-5.496703
-5.496703
-3.334066
1.712088
1.081319
1.351648
3.514286
6.037363
8.109890
5.857143
2.793407
-1.712088
-1.982418
-1.531868
2.703297
1.621978
-4.235165
-4.145055
-13.876923
-7.298901
-8.290110
-5.046154
-7.028571
-7.659341
-7.839560
-10.092308
-7.929670
-8.740659
-5.676923
-3.874725
-3.784615
-7.118681
-8.380220
-8.109890
-5.676923
-3.424176
-4.865934
-4.325275
-1.441758
-2.613187
0.450549
-3.334066
-6.217582
-9.461538
-7.208791
-5.857143
-2.973626
-1.802198
3.604396
2.793407
2.432967
-2.162637
-3.424176
-4.595604
-5.496703
-4.235165
-4.145055
-2.432967
1.621978
6.127473
9.731868
11.263736
9.821978
6.938462
5.406593
0.180220
-1.081319
-7.028571
-6.938462
-4.595604
-1.261538
2.883516
4.685714
5.046154
8.650549
5.136264
2.703297
-0.180220
-3.874725
-10.272527
-8.650549
-3.784615
-0.991209
0.540659
2.613187
3.874725
6.307692
2.342857
2.252747
-0.270330
-2.973626
-4.415385
-8.109890
-8.650549
-6.217582
-7.569231
-5.857143
-4.145055
-7.659341
-6.758242
-6.307692
-4.235165
-3.514286
-3.153846
-2.883516
-0.270330
0.090110
-2.523077
-4.054945
-4.054945
-4.685714
-2.162637
-3.964835
-3.243956
-3.964835
-5.226374
-4.235165
0.270330
2.613187
1.802198
5.586813
9.551648
10.182418
12.164835
12.254945
11.353846
10.002198
6.217582
3.694505
2.613187
1.081319
4.595604
5.226374
4.415385
4.505495
6.397802
2.883516
1.351648
4.235165
3.874725
8.740659
7.298901
4.775824
-2.523077
-7.298901
-7.569231
-7.839560
-9.731868
-7.749451
-8.200000
-7.479121
-6.037363
-5.136264
-6.217582
-7.028571
-3.964835
-2.252747
-2.883516
-7.929670
-2.072527
-4.235165
-3.784615
-3.063736
-3.153846
-1.261538
0.540659
0.810989
5.767033
4.505495
2.432967
2.523077
3.334066
3.243956
2.793407
4.325275
7.118681
7.208791
10.723077
12.795604
15.949451
16.129670
16.219780
16.309890
16.039560
13.426374
13.516484
9.101099
6.037363
3.514286
7.389011
5.947253
7.659341
4.865934
6.668132
4.685714
2.883516
2.793407
3.694505
4.595604
7.569231
8.470330
7.929670
8.740659
5.406593
5.046154
5.136264
6.217582
5.857143
-5.226374
-0.720879
-1.081319
-1.441758
-4.054945
-4.685714
-4.865934
-3.243956
-0.180220
4.595604
5.496703
7.569231
6.307692
7.479121
6.578022
5.136264
6.758242
8.830769
8.470330
11.984615
12.345055
8.830769
9.191209
8.109890
6.848352
6.397802
4.595604
2.973626
3.153846
5.767033
2.162637
2.523077
0.540659
1.351648
-0.180220
-2.342857
-4.775824
-5.226374
-4.325275
-4.235165
-1.261538
1.441758
-1.441758
-2.432967
-6.938462
-7.839560
-8.290110
-7.479121
-7.028571
-6.127473
-3.334066
-0.901099
1.171429
0.270330
-1.621978
-3.153846
-7.028571
-2.342857
-3.243956
-0.090110
3.874725
8.380220
11.353846
14.507692
13.426374
15.048352
14.597802
14.597802
13.426374
10.632967
4.325275
0.450549
-1.982418
-5.406593
-7.749451
-8.560440
-10.632967
-10.272527
-13.065934
-12.615385
-9.101099
-7.118681
-3.243956
-1.621978
-1.712088
-0.540659
0.540659
4.505495
1.892308
-1.892308
-4.235165
-6.307692
-6.668132
-5.857143
-1.712088
2.072527
7.839560
14.687912
18.652747
22.167033
23.698901
19.283516
16.219780
13.246154
6.758242
-0.360440
-6.758242
-19.643956
-15.949451
-18.202198
-18.292308
-18.021978
-16.400000
-13.246154
-14.327473
-13.426374
-13.696703
-11.804396
-8.200000
-8.109890
-9.551648
-10.632967
-14.417582
-15.679121
-15.949451
-14.327473
-14.237363
-11.624176
-12.074725
-9.912088
-7.298901
-8.019780
-4.865934
-5.676923
-4.235165
-6.578022
-5.767033
-3.243956
-0.090110
1.802198
-0.360440
-2.883516
-5.947253
-8.200000
-6.397802
-7.929670
-5.857143
-4.054945
-1.441758
-3.784615
-5.767033
-9.191209
-6.307692
-3.514286
5.046154
7.298901
5.857143
4.235165
5.226374
1.802198
-0.180220
0.901099
2.883516
2.883516
0.720879
-3.334066
-3.964835
-3.243956
-1.171429
9.461538
14.868132
15.769231
15.769231
14.057143
10.002198
7.659341
6.487912
2.703297
0.540659
-3.964835
-4.054945
-8.920879
-10.092308
-8.650549
-6.848352
-3.874725
-2.973626
-6.848352
-5.857143
-2.703297
1.712088
5.136264
10.452747
10.903297
13.426374
13.606593
11.894505
11.443956
11.263736
10.002198
8.740659
0.901099
-1.712088
-6.668132
-10.272527
-10.542857
-8.920879
-9.821978
-13.246154
-12.795604
-8.830769
-2.973626
1.531868
6.668132
10.092308
9.641758
8.560440
3.424176
2.252747
2.252747
4.054945
6.938462
6.668132
6.668132
5.406593
1.351648
1.712088
7.929670
14.778022
16.219780
17.931868
15.949451
15.679121
13.426374
17.391209
19.373626
15.498901
9.641758
6.487912
6.938462
6.578022
6.578022
7.298901
3.784615
3.063736
2.162637
1.261538
1.351648
1.982418
3.243956
2.613187
3.964835
5.316484
5.496703
6.938462
11.804396
15.138462
6.578022
17.120879
13.967033
14.597802
15.769231
15.498901
15.498901
13.246154
10.993407
11.353846
9.551648
9.731868
9.641758
9.010989
10.272527
11.083516
15.589011
15.318681
15.138462
10.993407
7.389011
4.415385
0.901099
0.810989
0.090110
-0.540659
-0.090110
-0.901099
-0.540659
-1.171429
1.171429
-0.090110
1.081319
3.604396
2.072527
1.351648
5.767033
10.452747
9.281319
9.461538
8.200000
1.531868
-0.360440
-2.793407
-5.496703
-5.316484
-0.901099
0.180220
4.145055
8.380220
12.795604
10.452747
6.848352
0.180220
-5.136264
-8.470330
-11.624176
-12.074725
-10.362637
-9.821978
-10.272527
-10.092308
-12.074725
-13.336264
-12.885714
-13.336264
-14.597802
-13.516484
-10.002198
-9.281319
-3.694505
0.360440
2.432967
2.973626
8.380220
8.470330
8.830769
4.685714
1.982418
1.712088
0.360440
-0.180220
0.901099
-2.342857
-2.793407
-0.901099
1.351648
2.793407
-1.892308
-4.595604
-7.208791
-10.182418
-13.065934
-10.542857
-6.307692
-6.037363
-6.307692
-5.496703
-2.793407
3.063736
4.956044
5.046154
3.153846
-1.351648
-2.523077
-3.424176
-5.676923
-7.569231
-6.938462
-4.865934
-2.613187
-1.802198
1.892308
2.162637
0.180220
-5.316484
-8.560440
-11.263736
-15.769231
-11.894505
-10.362637
-7.389011
-4.054945
-3.334066
-3.153846
-1.982418
-3.243956
-6.037363
-6.487912
-8.740659
-9.912088
-9.461538
-8.740659
-11.443956
-10.993407
-9.371429
-11.443956
-7.208791
-3.424176
-3.874725
-5.136264
-4.956044
-2.613187
-4.054945
-4.054945
-5.496703
-6.307692
-6.758242
-7.298901
-6.217582
-6.037363
-6.487912
-6.397802
-4.685714
-4.865934
-3.424176
1.802198
-0.270330
1.621978
2.252747
1.171429
0.540659
-0.630769
-3.964835
-2.162637
-1.351648
-0.810989
1.892308
3.514286
2.252747
1.982418
5.947253
8.290110
6.578022
4.415385
0.630769
0.630769
0.090110
0.360440
0.270330
-1.982418
1.531868
2.973626
4.415385
8.470330
6.938462
2.162637
1.892308
1.261538
0.450549
0.360440
-1.441758
-1.351648
-0.270330
3.784615
2.162637
0.000000
-0.090110
-1.982418
-4.685714
-4.054945
-4.956044
-2.703297
-3.514286
2.793407
8.290110
12.615385
10.272527
6.758242
2.973626
5.767033
4.505495
0.180220
-4.775824
-4.775824
-4.054945
-1.261538
0.540659
1.261538
1.892308
0.810989
-1.531868
-5.496703
-8.830769
-9.101099
-6.037363
-2.523077
-0.090110
0.901099
0.540659
3.694505
5.226374
7.389011
8.560440
6.938462
7.569231
5.586813
4.956044
6.668132
8.560440
10.542857
10.993407
12.074725
10.723077
8.109890
5.767033
4.325275
2.252747
0.901099
0.540659
-1.531868
-1.621978
-3.334066
-4.145055
-1.441758
4.054945
4.325275
3.063736
3.604396
-0.630769
-3.694505
-3.874725
1.892308
1.802198
1.621978
-2.523077
-5.136264
-5.046154
-6.938462
-2.072527
6.487912
14.778022
19.643956
20.274725
18.562637
15.679121
11.263736
11.894505
11.353846
4.325275
-0.901099
-1.171429
-0.901099
-4.235165
-5.947253
-2.342857
-3.424176
-4.685714
-6.397802
-2.883516
-0.540659
-8.290110
-0.991209
-1.712088
0.720879
-1.171429
-2.162637
-0.270330
3.784615
9.821978
11.534066
10.182418
8.830769
5.767033
5.496703
3.063736
1.531868
2.252747
2.072527
-0.810989
0.540659
0.000000
2.432967
5.046154
4.054945
7.929670
12.885714
12.615385
14.868132
13.967033
14.057143
14.057143
16.850549
17.391209
17.301099
10.452747
4.415385
-1.171429
-5.947253
-10.272527
-11.984615
-14.417582
-15.498901
-13.876923
-12.975824
-13.876923
-9.101099
-4.685714
-2.793407
0.540659
-1.802198
-3.153846
-0.540659
2.973626
3.243956
2.973626
0.450549
-4.415385
-9.010989
-11.083516
-7.298901
-4.145055
1.081319
-0.270330
-6.217582
-10.452747
-8.740659
-8.380220
-2.793407
4.595604
12.254945
12.435165
8.019780
-0.901099
-1.802198
1.351648
6.127473
10.903297
10.903297
7.118681
1.982418
2.883516
7.208791
7.298901
10.092308
8.740659
2.252747
-0.450549
-1.171429
3.063736
9.641758
13.786813
11.083516
10.182418
5.226374
6.668132
5.857143
11.534066
16.129670
13.516484
4.325275
-12.525275
-8.200000
-5.586813
-1.621978
1.892308
2.973626
0.630769
-2.973626
-3.514286
-7.118681
-4.865934
-0.630769
2.793407
1.171429
-3.694505
-5.046154
-3.063736
0.090110
8.470330
16.400000
15.228571
6.938462
1.802198
-0.180220
0.180220
0.901099
3.424176
5.316484
3.874725
-1.351648
-7.569231
-8.109890
-8.200000
-5.496703
0.720879
0.630769
-3.514286
-5.226374
-7.479121
-9.731868
-7.839560
-3.424176
-2.342857
-0.991209
-3.063736
-2.162637
-0.720879
1.081319
4.956044
5.676923
5.767033
1.441758
-0.180220
-1.982418
0.720879
5.226374
11.083516
11.894505
10.542857
7.028571
0.450549
-4.956044
-4.235165
-2.523077
3.604396
5.586813
1.261538
-3.874725
-7.208791
-9.371429
-7.389011
-3.964835
2.523077
10.632967
5.767033
-1.802198
-8.109890
-12.435165
-7.479121
-0.360440
5.496703
9.010989
10.452747
12.254945
13.336264
16.219780
16.940659
16.490110
12.345055
7.749451
3.514286
-1.171429
-5.586813
-5.857143
-4.505495
-5.947253
-7.839560
-10.723077
-12.615385
-12.705495
-10.813187
-6.668132
-1.261538
0.810989
0.991209
-0.180220
-1.621978
0.090110
-0.360440
0.090110
-0.180220
-4.775824
-8.380220
-9.010989
-10.632967
-5.676923
0.270330
5.586813
6.487912
5.947253
1.261538
2.613187
2.523077
5.676923
11.714286
12.435165
7.839560
5.586813
3.063736
2.703297
3.964835
9.821978
11.984615
12.074725
5.857143
4.054945
1.621978
0.360440
2.613187
3.424176
4.235165
5.676923
6.668132
9.371429
7.389011
7.569231
5.767033
5.406593
0.360440
1.261538
4.775824
6.578022
6.307692
5.857143
3.874725
3.424176
0.540659
6.127473
12.435165
17.751648
17.391209
12.615385
4.325275
-3.874725
-6.127473
-7.929670
-9.731868
-7.839560
-6.037363
-7.389011
-10.723077
-12.795604
-12.525275
-12.615385
-9.191209
-3.514286
-1.531868
1.261538
6.848352
9.912088
8.380220
7.929670
6.668132
0.901099
-9.371429
-9.821978
-7.929670
-5.046154
0.540659
5.226374
6.217582
5.316484
7.569231
8.560440
10.092308
12.254945
10.362637
8.740659
4.054945
-1.892308
-7.749451
-8.650549
-9.641758
-4.595604
1.982418
2.252747
2.523077
1.441758
-0.901099
-1.982418
-6.578022
-9.551648
-8.470330
-8.380220
-8.290110
-6.758242
-3.153846
-2.793407
-3.784615
-2.793407
-0.090110
4.235165
6.037363
6.217582
1.621978
-1.892308
-4.505495
-6.758242
-9.821978
-10.723077
-11.353846
-10.362637
-9.821978
-4.595604
-2.523077
-2.523077
-1.531868
-1.621978
1.171429
-3.874725
2.342857
1.261538
0.090110
1.531868
1.441758
-3.153846
-5.406593
-1.802198
-1.531868
2.613187
2.252747
6.307692
10.002198
11.263736
6.848352
6.848352
6.217582
4.505495
3.063736
0.630769
-3.153846
-4.054945
-3.784615
-4.235165
-3.063736
-0.630769
0.810989
-0.901099
-2.703297
-4.415385
-3.063736
-3.063736
-3.874725
-2.613187
-2.793407
-0.090110
-0.901099
0.540659
-1.982418
-4.865934
-2.432967
-3.334066
-2.523077
-2.793407
-6.217582
-5.226374
0.540659
2.883516
1.982418
-2.523077
-4.325275
-4.145055
-4.956044
-0.720879
0.450549
0.270330
0.360440
-0.090110
-1.261538
-1.621978
-1.531868
0.810989
-1.982418
-2.793407
-2.883516
-0.450549
3.063736
5.947253
10.542857
9.461538
6.848352
6.127473
4.145055
-0.090110
-2.793407
-1.892308
-1.712088
2.252747
1.351648
0.991209
0.810989
0.901099
-2.883516
3.514286
3.153846
2.973626
1.802198
3.153846
-0.450549
-2.342857
-2.613187
-0.630769
-0.360440
-3.153846
-2.342857
-1.982418
-3.424176
-4.415385
-6.668132
-1.081319
-2.072527
-0.810989
0.540659
0.090110
-0.901099
-2.973626
-4.595604
-5.947253
-8.830769
-11.984615
-14.327473
-13.336264
-10.723077
-7.929670
-4.505495
-3.334066
-1.261538
-1.351648
-4.054945
-4.775824
-5.947253
-4.685714
-3.874725
-1.531868
-0.901099
-1.441758
-3.874725
-1.171429
-6.217582
5.586813
5.676923
7.929670
5.496703
2.793407
-0.270330
1.171429
1.712088
2.883516
5.226374
3.874725
2.523077
-3.153846
-3.153846
-0.270330
2.342857
5.316484
8.380220
9.461538
7.298901
2.793407
0.270330
-0.540659
-2.613187
-4.865934
-11.534066
-16.580220
-20.094505
-19.103297
-15.228571
-6.758242
1.802198
4.325275
4.235165
5.947253
4.865934
4.865934
7.208791
7.389011
8.470330
9.281319
6.397802
5.406593
4.054945
4.325275
5.676923
11.804396
16.760440
15.498901
9.821978
6.668132
3.334066
2.162637
5.316484
8.019780
4.145055
-2.162637
-8.470330
-11.804396
-10.002198
-6.217582
4.325275
11.984615
11.624176
7.389011
2.883516
0.540659
0.180220
5.947253
8.830769
9.641758
2.072527
-3.964835
-7.389011
-6.307692
-2.703297
2.523077
5.046154
4.415385
-0.270330
-4.775824
-5.586813
-6.037363
-3.334066
0.000000
-1.621978
-5.406593
-9.551648
-8.109890
-5.136264
-2.072527
-10.813187
-1.531868
-3.243956
-7.479121
-12.164835
-7.659341
-4.595604
-0.270330
5.226374
9.821978
7.839560
7.208791
7.749451
12.435165
13.606593
13.426374
14.147253
14.958242
10.002198
5.676923
3.964835
3.334066
2.162637
5.767033
6.487912
8.380220
10.362637
12.705495
12.705495
12.254945
11.353846
11.083516
11.984615
11.534066
8.830769
8.560440
7.208791
9.371429
7.749451
9.551648
8.740659
7.839560
7.479121
9.731868
8.920879
12.164835
12.254945
12.615385
12.074725
9.461538
8.200000
6.848352
7.479121
8.650549
5.496703
5.136264
4.145055
5.046154
5.136264
4.054945
1.712088
4.054945
1.982418
-1.531868
-3.694505
-2.883516
-3.784615
-2.793407
0.720879
5.316484
8.380220
12.164835
16.490110
14.868132
11.443956
8.650549
