20.905495
19.553846
17.571429
14.687912
9.912088
7.749451
5.767033
4.505495
5.316484
6.127473
7.479121
8.380220
10.182418
16.850549
23.428571
27.753846
26.942857
25.230769
16.580220
12.435165
8.109890
6.217582
6.758242
3.243956
2.523077
-1.712088
-7.389011
-6.848352
-6.217582
-2.162637
1.621978
3.784615
4.685714
6.217582
6.668132
7.298901
10.002198
9.912088
7.208791
0.630769
0.630769
0.270330
0.901099
0.630769
1.441758
3.694505
3.424176
4.325275
6.307692
8.200000
9.281319
10.452747
12.164835
11.714286
10.092308
5.406593
0.270330
-10.452747
-3.514286
-6.758242
-6.758242
-6.848352
-5.947253
-3.604396
-1.261538
-0.810989
1.712088
0.991209
1.982418
-0.180220
-3.694505
-5.676923
-9.191209
-10.362637
-8.740659
-7.839560
-6.397802
-8.019780
-8.019780
-5.586813
-1.531868
-0.991209
1.621978
1.802198
-0.180220
-3.334066
-3.514286
-6.037363
-8.290110
-8.380220
-8.920879
-7.389011
-5.136264
-5.316484
-2.793407
-0.540659
2.162637
3.964835
4.054945
1.351648
-3.964835
-7.569231
-11.083516
-13.876923
-12.975824
-11.714286
-10.002198
-9.821978
-6.758242
-4.775824
-2.523077
1.982418
3.784615
3.243956
3.514286
1.081319
-3.063736
-5.947253
-6.668132
-10.362637
-13.516484
-12.615385
-14.327473
-13.156044
-8.019780
-5.857143
-2.523077
0.450549
-1.982418
4.145055
4.235165
4.775824
3.153846
4.595604
2.973626
2.793407
2.072527
3.063736
2.072527
5.136264
5.136264
1.081319
-2.432967
-2.883516
-3.063736
-4.415385
-1.712088
-2.703297
-1.892308
-1.712088
0.000000
-0.630769
0.630769
-2.613187
0.901099
-0.360440
-0.810989
-2.342857
-1.171429
-1.531868
-5.496703
-5.857143
-4.325275
-5.046154
-3.424176
-4.415385
-2.613187
-1.261538
-0.180220
0.630769
1.982418
1.531868
0.450549
-1.531868
-4.325275
-6.487912
-6.578022
-7.208791
-5.857143
-5.406593
-6.307692
-7.389011
-5.406593
-4.865934
0.360440
-0.270330
-10.362637
-1.531868
1.982418
5.136264
6.938462
4.235165
1.351648
-2.072527
-4.595604
-7.479121
-8.290110
-8.109890
-5.947253
-3.784615
-1.081319
-2.162637
-3.604396
-11.443956
-10.993407
-13.606593
-14.507692
-14.778022
-14.147253
-13.606593
-11.714286
-12.885714
-9.821978
-9.731868
-7.298901
-6.217582
-8.380220
-7.929670
-8.380220
-9.731868
-9.641758
-5.406593
-5.136264
-2.703297
-0.901099
0.450549
1.081319
0.720879
3.514286
9.191209
13.516484
15.498901
13.156044
9.281319
6.397802
3.334066
-0.360440
0.180220
2.613187
0.810989
-0.810989
-0.270330
3.063736
5.406593
5.586813
6.938462
6.848352
7.839560
2.883516
3.063736
0.810989
5.586813
5.406593
5.136264
4.325275
2.342857
1.261538
-1.802198
0.090110
-0.090110
-0.270330
0.450549
1.171429
1.351648
4.235165
6.668132
7.028571
7.118681
5.406593
5.406593
4.145055
4.415385
5.316484
6.848352
7.028571
8.380220
8.109890
7.298901
6.758242
7.929670
7.659341
8.740659
9.281319
10.813187
11.894505
10.813187
12.795604
13.786813
15.408791
13.696703
11.353846
11.894505
9.821978
8.200000
7.389011
7.298901
5.316484
7.389011
6.668132
6.397802
5.767033
5.496703
-1.171429
-6.397802
-4.956044
-3.874725
-3.874725
-3.514286
-4.775824
-3.694505
-3.063736
-2.883516
-4.775824
-7.569231
-8.380220
-7.118681
-5.136264
-3.874725
-2.523077
-2.973626
-3.334066
-0.630769
-1.171429
1.171429
0.000000
0.360440
-5.947253
-9.101099
-12.345055
-12.074725
-11.624176
-6.217582
-3.243956
-1.081319
1.531868
0.270330
-3.874725
-4.595604
-2.973626
-3.153846
-7.118681
-6.037363
-8.470330
-9.912088
-9.281319
-13.967033
-5.586813
0.180220
4.956044
6.487912
3.334066
2.523077
0.000000
-0.810989
-3.694505
-4.325275
-6.217582
-6.938462
-6.217582
-2.613187
0.000000
0.270330
2.432967
6.487912
5.767033
5.857143
10.542857
10.723077
9.371429
2.252747
-1.531868
-6.668132
-9.101099
-11.083516
-10.903297
-9.281319
-4.685714
0.270330
4.595604
6.578022
9.641758
7.208791
8.380220
4.235165
2.342857
0.810989
-1.081319
-3.424176
-5.136264
-11.534066
-12.975824
-15.949451
-14.597802
-14.507692
-13.156044
-8.380220
-4.415385
1.261538
6.307692
6.307692
7.929670
5.586813
3.153846
-2.252747
-8.380220
-13.516484
-16.309890
-20.635165
-17.210989
-16.039560
-10.632967
-2.523077
1.802198
5.406593
8.380220
10.002198
8.920879
9.821978
9.281319
2.252747
-3.514286
-11.624176
-12.885714
-13.786813
-9.461538
-5.496703
-0.540659
3.334066
9.010989
12.525275
17.120879
17.391209
22.617582
22.257143
21.806593
16.490110
13.426374
11.984615
13.786813
11.894505
12.795604
10.993407
10.993407
12.795604
12.254945
11.083516
11.624176
9.821978
10.993407
8.740659
5.947253
1.531868
-3.153846
-4.235165
-4.145055
-6.127473
-2.342857
-1.261538
3.694505
5.406593
6.217582
4.235165
4.685714
3.694505
2.703297
-2.162637
-4.685714
-4.775824
-7.389011
-9.281319
-7.659341
-5.136264
-5.406593
-2.432967
0.720879
-1.621978
-1.351648
-2.883516
-5.676923
-5.586813
-6.848352
-8.200000
-8.109890
-8.830769
-6.758242
-4.415385
-0.360440
2.703297
3.153846
5.947253
4.505495
4.505495
2.883516
1.441758
-0.450549
-0.270330
-0.630769
1.441758
-0.360440
2.252747
2.973626
3.874725
6.217582
5.496703
7.028571
6.307692
7.389011
6.217582
4.054945
4.595604
3.694505
2.162637
1.712088
2.342857
0.180220
0.450549
0.360440
0.630769
0.630769
2.973626
5.316484
7.659341
5.046154
6.758242
5.316484
3.874725
1.351648
3.604396
3.604396
2.793407
4.145055
3.784615
4.235165
5.676923
6.127473
5.586813
3.874725
4.865934
3.243956
1.531868
-1.261538
0.450549
1.081319
1.982418
0.991209
1.802198
1.712088
1.712088
3.424176
3.874725
2.342857
2.973626
4.415385
5.676923
3.243956
5.496703
2.523077
0.720879
0.540659
1.351648
1.261538
1.441758
-1.712088
-2.613187
-5.767033
-3.694505
-2.613187
-0.540659
0.810989
2.973626
2.252747
3.604396
5.046154
5.226374
7.659341
7.028571
6.668132
6.037363
3.874725
2.342857
3.784615
4.505495
4.685714
6.307692
4.145055
6.487912
6.578022
8.740659
9.821978
8.109890
4.685714
2.523077
4.415385
0.810989
4.415385
5.676923
10.092308
12.345055
12.975824
12.164835
11.984615
9.912088
5.857143
4.505495
1.531868
1.892308
1.621978
0.360440
1.712088
1.171429
-0.270330
-0.720879
-2.432967
-4.145055
-2.793407
-3.063736
-3.694505
-4.775824
-4.956044
-4.325275
-12.345055
-2.523077
-0.810989
-1.531868
-0.270330
0.540659
-1.712088
-1.351648
-1.261538
-2.252747
-2.703297
-1.802198
-3.334066
-5.136264
-5.136264
-5.316484
-3.964835
-2.342857
-4.145055
-2.342857
-1.351648
0.991209
-2.432967
-3.604396
-3.063736
-3.334066
-1.621978
-5.496703
-4.054945
-1.081319
-1.261538
0.360440
-1.892308
-1.261538
-9.371429
-0.540659
1.081319
1.261538
0.180220
-1.892308
-4.956044
-3.964835
-5.316484
-6.307692
-7.839560
-7.569231
-7.749451
-3.694505
-5.136264
-3.964835
-3.424176
-4.325275
-6.668132
-6.487912
-6.037363
-6.668132
-7.208791
-6.848352
-5.316484
-4.595604
-3.694505
-1.892308
-0.810989
0.540659
-0.540659
1.351648
3.334066
5.406593
8.019780
7.839560
7.028571
5.496703
4.865934
1.982418
1.171429
-0.810989
-0.991209
-4.415385
-4.325275
-5.496703
-7.118681
-12.795604
-6.397802
-5.947253
-5.046154
-3.243956
-1.712088
-0.630769
-0.270330
-1.261538
3.424176
4.505495
4.325275
2.523077
1.261538
1.081319
-2.252747
-2.523077
0.000000
-3.243956
-4.505495
-6.127473
-7.208791
-6.578022
-5.676923
-5.226374
-3.334066
-2.973626
1.621978
2.703297
3.874725
2.703297
3.784615
4.505495
2.432967
2.072527
1.531868
0.630769
4.145055
6.217582
8.380220
10.362637
8.470330
10.182418
10.813187
10.452747
11.083516
9.821978
10.452747
8.470330
9.821978
8.290110
3.694505
6.307692
6.668132
4.415385
3.784615
2.883516
0.270330
3.784615
2.793407
1.351648
0.000000
-0.901099
-1.802198
-4.685714
-0.540659
-1.621978
-0.630769
-8.740659
1.712088
3.694505
5.316484
5.586813
5.496703
2.613187
2.613187
1.171429
0.991209
0.540659
2.883516
0.901099
1.171429
1.261538
-2.252747
-3.334066
-2.342857
-0.720879
0.360440
2.883516
3.424176
4.054945
6.487912
5.496703
4.595604
6.397802
4.775824
3.063736
2.613187
1.441758
0.450549
2.703297
2.252747
4.145055
2.793407
4.054945
7.118681
6.217582
5.136264
2.072527
-1.531868
-2.883516
-7.659341
-4.415385
-4.775824
-7.479121
-8.650549
-10.362637
-8.200000
-7.479121
-7.569231
-8.380220
-8.200000
-11.353846
-9.641758
-10.182418
-8.019780
-5.767033
-4.145055
-5.136264
-6.487912
-8.740659
-8.380220
-9.821978
-11.173626
-9.912088
-10.272527
-10.632967
-10.723077
-8.830769
-8.019780
-6.397802
-5.586813
-3.964835
-2.793407
-0.630769
2.703297
1.441758
2.973626
1.261538
0.540659
-0.901099
2.703297
3.784615
3.063736
3.514286
2.973626
2.162637
0.810989
-0.090110
1.351648
0.090110
-0.540659
1.081319
-0.360440
2.072527
2.793407
2.793407
4.865934
4.145055
1.982418
3.243956
5.136264
6.758242
5.857143
8.109890
5.676923
5.586813
7.569231
4.505495
5.226374
3.243956
6.487912
6.217582
6.848352
5.857143
8.920879
7.298901
7.298901
6.397802
6.397802
8.920879
9.010989
10.362637
8.830769
11.083516
11.624176
10.723077
8.380220
7.839560
5.947253
1.712088
3.063736
0.991209
3.784615
1.441758
-0.270330
3.243956
3.694505
2.613187
3.784615
2.523077
-0.090110
0.901099
3.334066
2.973626
3.063736
1.171429
-0.720879
-0.360440
-0.630769
-0.901099
-1.621978
-1.531868
-0.810989
-0.810989
0.000000
-0.901099
-1.621978
-3.334066
-2.973626
-4.325275
-1.982418
0.090110
0.810989
-0.180220
-1.982418
-3.784615
-2.613187
-1.802198
-0.360440
-1.531868
-3.784615
-4.956044
-4.415385
-5.226374
-2.973626
-2.793407
1.351648
1.892308
2.072527
2.432967
1.712088
-2.072527
-3.604396
-5.316484
-1.081319
2.252747
5.136264
6.487912
7.028571
4.775824
4.054945
0.810989
1.621978
3.063736
5.406593
3.964835
2.523077
1.621978
-0.901099
-0.901099
-2.883516
-5.947253
-7.028571
-5.857143
-6.578022
-7.479121
-6.848352
-3.964835
-1.081319
-0.090110
0.630769
-0.450549
-2.523077
-1.621978
0.000000
-3.063736
-2.072527
-3.514286
-1.351648
1.621978
6.307692
7.569231
2.883516
1.081319
2.252747
0.810989
0.000000
0.540659
4.325275
1.982418
-1.531868
-1.892308
-0.720879
-3.153846
-1.531868
-0.270330
3.514286
4.865934
5.496703
7.298901
6.758242
5.947253
4.685714
7.028571
6.127473
6.307692
4.054945
3.514286
3.153846
2.793407
4.325275
3.874725
1.621978
0.901099
1.171429
1.531868
1.081319
-0.180220
0.540659
1.802198
2.793407
4.235165
3.514286
-0.630769
0.540659
-0.901099
3.153846
0.810989
2.432967
1.351648
1.892308
0.450549
3.063736
2.793407
2.973626
3.243956
2.793407
0.901099
-0.090110
-0.450549
1.982418
4.054945
4.775824
5.316484
5.406593
4.956044
5.857143
3.243956
0.901099
0.270330
-0.180220
1.802198
4.595604
5.136264
5.136264
3.964835
1.261538
-1.171429
-6.217582
-6.938462
-7.569231
-6.578022
-3.604396
-2.523077
-2.883516
-0.720879
0.630769
0.720879
2.252747
0.270330
-2.342857
-0.720879
-3.514286
-5.947253
-7.208791
-6.397802
-6.127473
-2.973626
-3.243956
-1.802198
0.540659
0.540659
0.540659
-0.810989
-2.973626
-2.072527
-4.054945
-4.865934
-5.496703
-5.767033
-6.938462
-5.767033
-5.136264
-3.334066
-1.351648
-1.351648
-1.171429
2.613187
2.072527
1.892308
-2.432967
-1.531868
-3.514286
-4.325275
-4.775824
-5.316484
-6.938462
-4.325275
-4.415385
-5.226374
-2.342857
-2.523077
-4.865934
-6.217582
-6.217582
-5.857143
-6.578022
-8.200000
-10.182418
-10.452747
-10.993407
-12.074725
-7.569231
-5.046154
-4.415385
-0.360440
-0.090110
1.531868
1.531868
0.901099
-1.982418
-0.360440
-1.712088
-2.432967
-2.793407
-3.424176
-1.441758
1.261538
4.595604
8.109890
10.632967
11.534066
9.821978
0.720879
1.712088
-1.802198
-3.604396
-4.054945
-5.857143
-3.964835
-3.964835
-3.964835
-4.054945
-4.505495
-5.046154
-4.685714
-3.604396
0.270330
2.703297
5.406593
7.929670
7.749451
8.830769
5.316484
5.406593
7.569231
4.054945
2.703297
2.342857
3.334066
3.153846
2.342857
5.496703
6.307692
8.200000
8.830769
8.560440
6.578022
2.432967
-0.450549
-1.802198
-2.072527
-1.261538
1.531868
5.676923
5.136264
4.235165
4.145055
5.586813
5.046154
2.432967
-0.450549
-0.090110
0.000000
0.360440
1.171429
1.712088
1.621978
0.901099
2.883516
0.991209
-1.621978
0.901099
0.090110
0.000000
-3.964835
-8.740659
-7.929670
-7.208791
-6.127473
-5.947253
-5.496703
-3.604396
-4.415385
-3.964835
-3.424176
-0.540659
-1.171429
-0.630769
-2.432967
-1.351648
-4.145055
-5.406593
-5.496703
-4.325275
-2.793407
-0.630769
-2.793407
-0.810989
2.973626
6.487912
8.650549
9.281319
8.740659
7.028571
6.307692
7.028571
9.101099
11.083516
14.237363
15.228571
15.228571
12.705495
10.362637
5.136264
4.054945
2.342857
-0.540659
-4.054945
-3.784615
-2.883516
1.261538
6.037363
11.083516
14.327473
12.975824
9.191209
6.758242
4.865934
0.630769
-2.793407
-3.694505
-5.406593
-1.441758
0.180220
2.883516
5.767033
7.659341
7.389011
6.668132
1.081319
0.540659
-2.703297
-3.784615
-2.162637
-2.252747
-2.072527
1.081319
2.342857
6.037363
6.578022
7.479121
5.406593
3.694505
-2.432967
-6.037363
-9.912088
-8.560440
-6.127473
-5.947253
-4.595604
-4.325275
-1.351648
0.180220
2.162637
2.072527
0.180220
-1.982418
-5.586813
-5.676923
-8.380220
-8.019780
-6.848352
-3.153846
-2.162637
0.000000
1.621978
4.505495
4.595604
6.037363
6.397802
4.595604
0.090110
1.621978
1.351648
2.252747
2.342857
2.432967
1.712088
0.630769
3.604396
7.659341
7.929670
5.767033
2.252747
3.153846
2.432967
2.883516
0.901099
-0.270330
1.351648
3.243956
2.883516
4.145055
2.883516
4.775824
3.604396
3.424176
3.243956
0.540659
0.720879
-0.720879
-1.351648
-3.874725
-4.956044
-4.505495
-4.505495
-3.063736
-3.424176
-0.360440
-1.802198
-0.450549
0.360440
4.505495
7.028571
7.839560
7.659341
4.235165
1.531868
1.621978
2.883516
2.883516
4.595604
6.938462
5.676923
3.694505
1.802198
3.063736
4.415385
5.226374
4.145055
3.153846
0.630769
-0.720879
-3.153846
-4.325275
-2.072527
-0.720879
-1.081319
1.892308
0.540659
-2.342857
-1.982418
1.081319
2.973626
2.252747
3.063736
0.270330
-3.784615
-5.316484
-5.046154
-0.180220
2.613187
1.621978
-0.450549
-1.712088
-2.613187
-3.153846
-0.901099
-1.441758
-4.865934
-6.127473
-9.821978
-10.002198
-10.272527
-9.371429
-1.261538
1.531868
3.424176
3.874725
3.424176
6.938462
11.984615
16.850549
19.373626
17.841758
18.562637
17.210989
12.615385
12.345055
10.092308
5.496703
3.514286
3.604396
4.505495
4.595604
1.441758
-4.685714
-9.010989
-11.353846
-8.470330
-7.208791
-1.441758
-1.171429
-0.720879
-2.613187
-2.162637
-3.063736
-0.720879
0.450549
0.810989
0.000000
0.000000
-5.767033
-7.749451
-8.650549
-4.505495
-4.505495
2.883516
2.973626
-0.720879
-1.261538
-0.991209
2.072527
5.046154
10.993407
11.534066
9.551648
4.325275
1.712088
1.261538
0.991209
2.523077
5.496703
4.865934
2.252747
0.090110
-3.063736
-3.243956
1.171429
2.342857
4.235165
2.703297
-0.540659
-1.982418
-0.630769
0.360440
2.342857
6.938462
5.767033
1.351648
-2.883516
-6.848352
-7.479121
-4.775824
-2.162637
2.252747
5.586813
9.371429
6.938462
6.758242
5.316484
1.621978
5.316484
6.307692
5.586813
4.054945
1.531868
0.450549
1.351648
4.145055
5.046154
4.145055
2.252747
2.072527
-2.252747
-3.694505
-4.415385
-3.694505
-0.540659
-2.793407
-3.063736
-1.621978
2.252747
1.982418
0.270330
3.424176
10.092308
10.813187
10.813187
6.758242
7.028571
6.397802
3.243956
-0.090110
-1.261538
0.000000
0.720879
-0.720879
-0.630769
-1.712088
-1.982418
-0.901099
-1.531868
-1.621978
-3.604396
-2.883516
-0.901099
-0.540659
2.072527
1.621978
3.063736
-2.162637
-0.360440
-2.342857
-0.450549
-0.901099
0.450549
1.802198
0.991209
-2.432967
-3.604396
-6.668132
-6.037363
-6.848352
-8.740659
-11.443956
-11.083516
-12.975824
-10.632967
-10.092308
-7.298901
-5.406593
-0.810989
0.270330
1.261538
1.171429
0.000000
-1.261538
-0.540659
-1.441758
-4.054945
-4.054945
-6.487912
-9.641758
-8.470330
-8.109890
-3.964835
-3.153846
-0.901099
-0.270330
-0.991209
-1.621978
-4.685714
-6.758242
-6.578022
-9.281319
-12.525275
-11.984615
-9.010989
-5.136264
-3.063736
7.569231
14.147253
13.696703
11.714286
5.046154
1.892308
-5.046154
-9.551648
-13.156044
-14.958242
-18.202198
-13.967033
-12.525275
-10.362637
-7.839560
-5.676923
-5.136264
-4.956044
-5.767033
-6.668132
-9.641758
-13.156044
-12.885714
-15.048352
-14.778022
-10.903297
-6.127473
-1.802198
-1.712088
-0.540659
2.252747
4.145055
5.586813
8.380220
4.956044
5.406593
1.081319
0.991209
-0.810989
0.901099
1.712088
3.153846
4.595604
2.883516
2.793407
2.703297
2.432967
1.982418
0.720879
1.171429
-0.540659
-3.334066
-5.136264
-5.496703
-4.235165
-4.415385
-3.964835
-4.956044
-3.784615
-5.586813
-3.514286
-3.874725
-0.901099
2.072527
4.685714
4.956044
5.857143
6.397802
7.839560
9.191209
11.624176
13.065934
9.191209
9.641758
7.749451
9.101099
8.560440
10.362637
7.208791
6.848352
6.217582
5.226374
6.578022
5.947253
7.118681
8.830769
9.101099
9.371429
9.101099
11.534066
11.804396
12.975824
11.353846
10.092308
10.632967
13.336264
14.868132
16.850549
13.696703
15.679121
12.705495
11.804396
14.597802
13.516484
14.687912
5.406593
14.417582
13.786813
13.606593
12.885714
11.984615
14.237363
14.687912
12.254945
12.975824
14.147253
13.786813
14.507692
12.435165
13.967033
13.426374
12.795604
11.443956
8.830769
6.578022
3.784615
1.892308
3.243956
6.668132
10.452747
10.272527
9.461538
8.560440
6.938462
8.560440
7.929670
7.479121
10.002198
9.010989
5.226374
0.720879
-0.810989
0.000000
2.793407
7.659341
14.958242
16.850549
15.769231
8.650549
5.947253
2.973626
2.072527
2.162637
3.964835
1.621978
1.441758
-1.351648
-3.243956
-5.046154
-4.325275
-2.793407
0.810989
-1.171429
-4.415385
-8.290110
-15.859341
-17.661538
-14.868132
-10.182418
-4.865934
-1.081319
-3.784615
-4.325275
-8.470330
-10.632967
-13.156044
-7.479121
-3.424176
1.621978
1.892308
-0.090110
-3.964835
-6.487912
-7.839560
-9.731868
-9.191209
-10.092308
-13.246154
-17.030769
-19.824176
-23.698901
-23.338462
-19.914286
-13.606593
-10.182418
-9.912088
-12.795604
-13.696703
-13.967033
-10.452747
-6.127473
-0.180220
1.081319
-3.964835
-12.525275
-19.553846
-25.410989
-28.294505
-24.600000
-21.536264
-15.769231
-12.254945
-8.920879
-10.542857
-6.668132
-6.037363
-1.982418
2.793407
10.362637
14.147253
14.507692
13.426374
12.254945
12.345055
12.975824
14.778022
19.013187
20.004396
20.094505
16.219780
15.589011
18.292308
19.103297
18.202198
17.301099
15.859341
6.037363
-4.054945
-11.443956
-18.923077
-19.824176
-17.571429
-13.696703
-11.984615
-10.182418
-8.740659
-7.749451
-8.200000
-4.505495
0.540659
3.694505
7.749451
13.786813
18.112088
19.553846
16.039560
13.967033
12.525275
13.967033
12.254945
6.037363
0.450549
0.090110
0.270330
3.694505
5.226374
7.839560
9.101099
12.885714
8.380220
5.496703
-2.072527
-8.200000
-12.885714
-17.841758
-19.463736
-21.446154
-22.887912
-17.931868
-13.336264
-11.984615
-10.002198
-5.586813
-6.397802
-6.217582
-5.496703
-2.432967
-1.531868
-0.901099
-4.775824
-8.200000
-12.705495
-13.786813
-12.795604
-8.830769
-4.415385
2.973626
10.542857
19.373626
20.995604
18.202198
12.975824
7.389011
0.450549
-4.325275
-7.839560
-10.452747
-19.013187
-11.714286
-12.435165
-9.371429
-3.514286
0.360440
0.540659
2.523077
2.703297
0.180220
-3.063736
-5.767033
-5.316484
-6.848352
-6.848352
-6.307692
-3.784615
-1.982418
-1.261538
1.531868
4.595604
7.028571
9.821978
12.795604
13.967033
10.993407
7.118681
1.802198
-4.775824
-9.821978
-8.920879
-5.226374
-0.630769
5.767033
11.083516
18.832967
26.402198
32.980220
35.863736
36.043956
36.584615
34.241758
31.538462
26.312088
21.356044
14.597802
9.551648
1.802198
1.081319
0.991209
2.432967
2.793407
5.046154
5.136264
5.947253
5.586813
5.136264
-0.630769
-3.334066
-7.208791
-8.470330
-12.435165
-13.426374
-15.498901
-14.778022
-15.949451
-14.237363
-15.589011
-10.813187
-11.984615
-10.182418
-9.821978
-11.714286
-13.516484
-14.417582
-15.048352
-14.327473
-15.589011
-14.778022
-16.850549
-15.318681
-12.705495
-8.200000
-3.964835
3.784615
5.767033
10.542857
9.101099
8.740659
