5.015873
5.980464
8.295482
4.822955
2.604396
3.954823
0.675214
-0.964591
0.675214
0.385836
2.218559
2.604396
2.315018
-0.289377
0.096459
2.604396
5.594628
6.269841
4.340659
3.761905
3.279609
3.472527
3.183150
1.446886
3.279609
0.868132
-2.411477
-3.376068
-3.086691
-4.340659
-3.665446
-3.376068
-4.919414
-3.761905
-4.051282
-4.726496
-2.893773
2.025641
2.411477
3.376068
2.411477
1.929182
3.472527
2.507937
2.025641
3.954823
3.954823
5.691087
7.909646
9.549451
9.549451
8.391941
8.970696
9.742369
12.443223
12.829060
11.478632
11.382173
10.899878
10.706960
10.417582
9.838828
9.742369
8.295482
9.838828
9.935287
8.295482
5.980464
5.884005
4.437118
4.340659
6.269841
6.462759
7.427350
7.716728
9.935287
9.452991
8.295482
8.777778
9.742369
11.864469
13.890110
14.275946
15.529915
16.301587
18.134310
17.941392
15.722833
16.012210
16.398046
15.336996
15.626374
15.626374
12.539683
11.285714
7.234432
6.366300
6.173382
6.752137
5.401709
3.183150
5.884005
5.208791
0.385836
2.218559
5.884005
9.645910
9.935287
7.137973
8.391941
11.189255
13.118437
13.311355
12.057387
8.102564
7.427350
6.269841
7.427350
10.321123
8.681319
8.584860
8.777778
10.128205
10.031746
6.462759
5.498168
7.427350
8.488400
8.874237
7.716728
6.366300
4.244200
7.716728
10.128205
11.092796
10.803419
8.777778
5.980464
8.391941
6.269841
5.401709
4.533578
4.147741
6.366300
5.980464
6.173382
6.945055
8.102564
8.777778
9.935287
6.848596
5.884005
6.655678
7.813187
7.330891
5.980464
6.076923
5.401709
8.006105
6.462759
5.884005
5.691087
5.884005
7.427350
7.427350
9.260073
7.620269
4.919414
6.848596
7.427350
5.305250
7.620269
8.006105
7.330891
4.630037
1.157509
0.675214
2.411477
2.990232
2.411477
0.771673
-3.279609
-3.954823
-6.076923
-6.269841
-9.163614
-11.671551
-8.391941
-8.006105
-8.102564
-7.716728
-10.031746
-10.803419
-12.925519
-13.311355
-10.417582
-7.330891
-6.655678
-9.356532
-6.752137
-7.523810
-11.285714
-12.153846
-15.433455
-14.179487
-14.661783
-15.336996
-16.880342
-17.844933
-17.169719
-14.468864
-15.144078
-17.555556
-15.722833
-13.890110
-14.565324
-14.565324
-15.144078
-16.398046
-16.012210
-14.565324
-16.783883
-17.941392
-16.783883
-13.697192
-14.275946
-15.047619
-14.179487
-15.433455
-16.205128
-12.732601
-15.336996
-18.520147
-20.835165
-20.738706
-16.783883
-16.976801
-17.459096
-16.687424
-16.205128
-16.783883
-18.134310
-18.905983
-20.545788
-20.642247
-18.327228
-17.169719
-16.301587
-15.336996
-13.697192
-13.311355
-12.925519
-13.697192
-13.697192
-15.626374
-15.433455
-13.021978
-10.610501
-8.970696
-10.128205
-10.224664
-11.671551
-12.153846
-10.996337
-13.793651
-10.031746
-10.706960
-12.250305
-11.671551
-9.645910
-6.655678
-4.726496
-6.655678
-4.822955
-7.234432
-9.549451
-9.260073
-11.575092
-11.285714
-9.742369
-9.838828
-9.838828
-11.285714
-11.285714
-11.864469
-11.864469
-10.031746
-13.118437
-11.285714
-9.260073
-10.031746
-10.128205
-9.838828
-6.848596
-9.356532
-10.417582
-9.067155
-9.742369
-5.112332
-2.122100
-3.086691
0.000000
0.000000
-2.411477
-1.832723
-2.990232
-3.183150
-2.315018
-3.183150
-3.376068
-2.315018
2.797314
5.594628
5.594628
9.163614
9.356532
7.234432
7.041514
4.726496
3.665446
3.279609
2.218559
4.147741
2.893773
2.411477
1.446886
-0.385836
0.000000
4.147741
2.411477
1.253968
0.385836
0.289377
0.385836
1.253968
2.218559
3.858364
3.086691
2.604396
3.761905
1.061050
0.385836
-0.578755
-3.568987
-3.858364
-3.472527
-2.218559
0.192918
-0.868132
1.253968
0.289377
-1.736264
-1.061050
-0.964591
-0.578755
1.253968
1.350427
0.675214
1.446886
1.157509
0.385836
0.578755
1.639805
2.797314
3.086691
3.472527
1.061050
1.350427
1.157509
2.411477
4.437118
4.051282
5.498168
5.112332
2.797314
4.533578
6.173382
7.716728
8.874237
7.330891
9.742369
9.356532
11.382173
11.092796
6.076923
5.208791
6.848596
9.163614
10.224664
12.057387
11.864469
12.153846
13.600733
13.214896
12.636142
10.610501
8.488400
10.128205
8.874237
6.559219
8.006105
6.945055
7.813187
9.356532
8.488400
7.523810
7.330891
8.006105
5.594628
3.376068
5.208791
5.208791
9.163614
7.813187
5.980464
6.173382
4.147741
2.797314
4.340659
3.761905
2.990232
5.401709
3.376068
4.244200
5.787546
4.244200
4.919414
2.025641
2.700855
3.086691
2.411477
3.761905
6.655678
6.269841
7.041514
5.305250
3.761905
4.533578
6.173382
6.462759
11.189255
12.829060
8.102564
3.086691
-1.832723
-3.954823
-2.025641
-0.578755
-1.639805
0.192918
-1.736264
-3.472527
-6.076923
-3.183150
-6.173382
-5.884005
-3.376068
-0.964591
-0.771673
1.446886
3.761905
1.929182
0.675214
2.990232
0.964591
2.604396
2.218559
1.929182
4.822955
3.954823
5.980464
8.295482
9.163614
7.716728
5.884005
2.990232
3.761905
3.954823
8.199023
9.935287
12.925519
10.996337
8.584860
7.427350
6.559219
8.777778
11.092796
11.768010
10.899878
8.199023
8.488400
9.356532
8.199023
12.539683
9.549451
11.575092
13.407814
13.697192
14.565324
14.951160
13.793651
12.250305
11.285714
7.234432
7.041514
7.716728
8.777778
12.346764
11.864469
8.970696
8.681319
10.321123
14.468864
14.275946
14.179487
16.205128
15.626374
13.793651
12.636142
11.864469
10.224664
7.330891
5.980464
4.822955
8.006105
11.382173
11.189255
8.006105
7.427350
6.269841
5.208791
5.401709
2.893773
2.122100
0.289377
1.639805
0.000000
-0.482295
0.675214
2.411477
1.350427
0.000000
2.797314
5.015873
7.813187
4.244200
4.244200
1.929182
1.543346
3.761905
4.533578
6.173382
5.208791
3.086691
2.700855
6.462759
12.346764
12.829060
13.214896
10.321123
7.330891
7.716728
4.437118
2.025641
0.385836
-0.289377
-1.543346
-1.929182
-2.990232
-3.761905
-3.376068
-4.919414
-7.523810
-7.234432
-6.173382
-3.665446
-0.482295
-0.385836
2.411477
3.183150
3.183150
1.061050
-0.964591
-0.482295
0.771673
2.122100
2.507937
5.594628
10.031746
7.909646
7.523810
4.244200
4.244200
1.446886
1.736264
-0.385836
-1.929182
-4.822955
-4.630037
-3.568987
-1.157509
-1.350427
1.253968
0.385836
2.025641
-3.279609
-3.568987
-3.472527
-7.620269
-7.716728
-8.295482
-7.041514
-7.523810
-10.128205
-10.610501
-11.960928
-10.996337
-10.514042
-14.275946
-13.986569
-14.951160
-14.758242
-16.494505
-19.098901
-15.529915
-12.732601
-11.478632
-11.575092
-15.240537
-15.529915
-14.179487
-15.433455
-15.819292
-13.793651
-12.250305
-13.118437
-13.890110
-13.118437
-11.575092
-14.661783
-11.478632
-12.925519
-13.793651
-13.021978
-13.504274
-14.372405
-14.661783
-13.021978
-12.153846
-14.758242
-14.372405
-15.433455
-16.590965
-17.652015
-16.494505
-15.722833
-15.529915
-13.021978
-11.960928
-10.031746
-8.102564
-8.681319
-8.295482
-7.716728
-8.102564
-7.234432
-6.076923
-5.208791
-5.208791
-5.498168
-4.822955
-4.340659
-4.630037
-7.716728
-11.285714
-11.575092
-11.864469
-12.443223
-13.793651
-12.250305
-10.803419
-8.970696
-10.706960
-10.610501
-5.498168
-6.848596
-8.006105
-10.031746
-9.549451
-6.076923
-3.376068
0.385836
0.385836
0.964591
-1.446886
-1.061050
-3.858364
-2.507937
-2.893773
-2.893773
0.385836
-2.700855
-2.122100
-2.218559
-2.990232
-3.376068
-3.086691
-2.507937
-6.076923
-8.681319
-8.874237
-11.382173
-14.179487
-10.996337
-12.346764
-10.899878
-7.813187
-7.330891
-5.691087
-5.498168
-5.691087
-6.559219
-5.498168
-6.269841
-2.893773
-0.385836
1.350427
0.385836
-0.385836
0.192918
-1.446886
0.675214
2.315018
1.929182
3.279609
3.665446
1.832723
-0.192918
-1.639805
-1.253968
-4.340659
-4.437118
-2.411477
-3.858364
-1.061050
-2.507937
-6.752137
-6.752137
-7.427350
-4.919414
-5.015873
-4.437118
-4.244200
-3.761905
-2.411477
-1.639805
0.096459
0.385836
-0.192918
-0.964591
-1.543346
0.385836
3.665446
5.691087
1.832723
-0.192918
-1.543346
-2.797314
-2.893773
-2.315018
-2.604396
2.797314
5.305250
5.015873
4.630037
2.507937
1.061050
0.385836
-1.639805
-2.025641
-6.462759
-5.980464
-8.102564
-6.559219
-5.691087
-6.655678
-4.340659
-2.122100
0.964591
0.385836
0.771673
1.253968
-0.096459
0.385836
0.385836
2.218559
-0.868132
1.350427
2.990232
2.315018
3.086691
2.218559
2.797314
4.147741
3.954823
3.472527
4.533578
4.533578
7.041514
8.102564
9.742369
10.321123
9.452991
9.356532
7.041514
6.752137
6.559219
5.208791
5.691087
4.437118
3.954823
5.305250
3.665446
3.858364
3.472527
3.858364
4.147741
4.919414
3.376068
3.665446
0.096459
-0.675214
-2.700855
-3.086691
-1.543346
-0.675214
0.385836
0.964591
0.771673
0.771673
2.990232
1.543346
3.086691
3.279609
2.990232
3.858364
1.736264
-0.096459
1.543346
1.157509
0.675214
-1.350427
-2.990232
-5.112332
-5.594628
-5.208791
-7.620269
-5.305250
-2.797314
-1.157509
-0.096459
-1.350427
1.061050
1.543346
0.964591
2.700855
0.385836
2.893773
4.147741
4.726496
2.990232
3.472527
6.173382
6.076923
5.691087
4.147741
3.665446
1.832723
1.253968
0.868132
3.568987
0.964591
2.411477
0.964591
2.700855
3.858364
5.594628
6.462759
4.051282
5.787546
4.822955
6.462759
7.620269
9.452991
9.549451
10.128205
10.706960
9.549451
7.523810
10.417582
9.742369
8.874237
7.041514
7.909646
6.752137
4.147741
3.568987
4.630037
6.655678
7.813187
8.874237
12.153846
11.382173
8.681319
7.716728
6.752137
7.427350
9.260073
8.199023
9.645910
11.575092
11.671551
13.986569
13.697192
12.539683
8.970696
5.208791
6.462759
7.234432
3.858364
2.990232
0.964591
-1.157509
-1.736264
-0.482295
2.797314
3.183150
1.446886
5.015873
3.472527
2.797314
1.639805
3.086691
4.147741
4.437118
4.437118
5.691087
5.305250
8.584860
5.980464
2.797314
0.096459
-2.990232
-2.604396
-2.411477
-2.797314
-0.385836
0.385836
1.061050
1.446886
6.269841
6.945055
4.822955
5.884005
4.533578
4.822955
6.076923
3.279609
1.832723
2.700855
2.700855
2.507937
1.736264
4.244200
7.041514
8.391941
9.935287
7.137973
6.366300
8.199023
6.269841
5.787546
3.761905
3.472527
2.025641
4.340659
3.954823
1.061050
3.761905
5.305250
3.858364
1.639805
-0.096459
0.385836
-0.578755
0.771673
-0.096459
0.868132
0.385836
-2.604396
-2.893773
-4.919414
-2.411477
-5.112332
-8.777778
-8.391941
-8.102564
-5.884005
-4.630037
-4.630037
-5.112332
-9.260073
-11.960928
-17.266178
-17.459096
-13.311355
-11.768010
-9.549451
-7.041514
-5.015873
-8.006105
-8.199023
-8.295482
-5.980464
-7.427350
-6.173382
-4.147741
-3.761905
-1.832723
-1.061050
-1.446886
-1.929182
-1.157509
-1.832723
-2.604396
-3.376068
-5.208791
-5.208791
-6.076923
-10.031746
-9.935287
-13.407814
-16.783883
-15.433455
-16.108669
-15.336996
-14.083028
-13.986569
-16.494505
-13.986569
-14.854701
-14.083028
-12.539683
-11.092796
-11.768010
-11.189255
-8.777778
-6.655678
-5.787546
-5.980464
-3.954823
-3.376068
-4.244200
-5.015873
-7.620269
-6.462759
-2.797314
-2.797314
-4.437118
-6.173382
-5.498168
-2.893773
-4.244200
-5.980464
-5.401709
-7.330891
-7.234432
-8.874237
-7.330891
-8.006105
-7.330891
-7.523810
-9.549451
-7.330891
-5.015873
-4.437118
-5.594628
-7.137973
-4.726496
-5.884005
-3.954823
-3.183150
-5.980464
-6.655678
-6.752137
-3.183150
-1.639805
1.157509
-0.868132
-1.543346
0.964591
-0.578755
-3.183150
-3.761905
-5.112332
-5.787546
-6.076923
-3.761905
-3.568987
-3.472527
-0.675214
1.929182
2.990232
7.041514
5.401709
4.630037
7.716728
5.787546
4.051282
5.305250
4.822955
5.305250
4.244200
3.376068
3.568987
0.096459
0.578755
3.761905
5.787546
6.655678
5.980464
4.340659
6.559219
4.822955
1.639805
1.157509
2.218559
2.700855
5.112332
4.147741
6.559219
8.199023
4.244200
2.315018
0.385836
1.350427
2.604396
-1.061050
0.192918
1.446886
2.507937
1.639805
1.157509
2.507937
4.147741
5.691087
5.691087
6.462759
6.269841
5.015873
5.594628
6.269841
4.437118
4.244200
3.472527
3.376068
1.832723
2.411477
2.411477
2.893773
1.639805
4.051282
4.051282
4.244200
5.208791
3.858364
1.543346
0.385836
-1.543346
-0.771673
2.507937
3.376068
3.183150
2.604396
4.726496
3.665446
6.366300
5.980464
0.192918
0.385836
0.192918
2.411477
-0.192918
0.675214
1.157509
1.253968
-0.192918
1.929182
7.041514
8.295482
7.909646
8.295482
7.330891
3.568987
2.797314
0.868132
1.639805
2.604396
2.604396
5.884005
7.137973
7.427350
8.391941
3.761905
1.543346
-1.736264
-2.218559
-2.218559
-2.604396
-4.919414
-4.340659
-4.340659
-2.990232
-3.761905
-4.822955
-3.086691
-0.964591
-2.122100
-2.700855
-3.183150
-3.376068
-3.665446
-2.411477
-2.122100
0.675214
1.832723
1.736264
2.507937
2.507937
2.218559
0.771673
0.385836
-0.482295
0.385836
-3.665446
-6.173382
-5.015873
-2.893773
-2.025641
-2.507937
3.761905
1.350427
-0.771673
0.385836
-1.253968
0.192918
0.096459
0.192918
0.964591
-2.990232
-2.507937
-3.183150
-5.208791
-3.954823
-4.630037
-4.244200
-3.376068
-3.954823
-3.954823
-3.183150
2.218559
2.893773
-0.096459
1.736264
-0.578755
-1.832723
-1.061050
-0.771673
0.096459
0.000000
-2.411477
-2.797314
-2.700855
-0.771673
5.305250
8.681319
11.189255
6.848596
4.822955
1.543346
-1.832723
-1.157509
-2.315018
-4.147741
-2.411477
-3.279609
-5.208791
-4.147741
-0.578755
-0.482295
-0.964591
-1.061050
-0.385836
-0.385836
2.315018
4.051282
10.031746
12.925519
8.681319
3.665446
0.096459
0.964591
2.990232
4.437118
0.289377
-4.340659
-6.945055
-8.006105
-5.884005
-3.665446
-0.289377
1.639805
-1.253968
-2.990232
-3.761905
-5.305250
-2.797314
-1.350427
0.289377
0.289377
0.578755
0.385836
-0.192918
-3.472527
-2.700855
-3.858364
-4.919414
-0.868132
1.157509
0.385836
2.700855
3.761905
4.437118
6.655678
10.031746
9.260073
8.102564
9.549451
7.813187
5.015873
6.366300
5.208791
4.919414
2.122100
-0.868132
-4.244200
-3.279609
-2.411477
0.578755
1.446886
4.051282
6.173382
5.787546
5.884005
3.086691
1.061050
3.279609
3.472527
3.376068
6.366300
2.893773
4.244200
2.025641
2.411477
2.025641
4.147741
7.137973
8.006105
7.234432
7.234432
9.935287
10.031746
9.067155
9.549451
10.321123
9.549451
10.706960
13.890110
12.250305
13.890110
15.819292
16.590965
17.941392
16.783883
14.661783
13.504274
11.189255
9.645910
5.015873
5.884005
3.858364
2.315018
2.990232
2.990232
0.964591
5.401709
5.305250
5.208791
8.102564
8.102564
8.295482
8.681319
6.173382
4.340659
4.437118
2.990232
5.015873
3.279609
3.086691
2.122100
2.025641
2.218559
5.401709
6.462759
7.813187
7.813187
4.822955
4.533578
2.315018
2.990232
2.218559
1.736264
1.157509
1.929182
4.051282
6.559219
6.655678
7.137973
7.041514
6.655678
1.061050
0.385836
-0.385836
1.639805
5.305250
6.655678
1.446886
-0.289377
-3.183150
-4.630037
-3.568987
-4.437118
-3.183150
-5.401709
-7.909646
-8.488400
-8.102564
-5.208791
-6.559219
-9.356532
-9.838828
-6.462759
-7.041514
-3.954823
-4.051282
-3.086691
-5.787546
-4.822955
-4.533578
-5.884005
-7.909646
-8.391941
-10.031746
-10.031746
-10.417582
-13.021978
-10.514042
-9.452991
-7.909646
-10.031746
-12.443223
-10.996337
-7.620269
-5.208791
-2.990232
-2.507937
-2.315018
-1.543346
0.192918
0.385836
-3.086691
-3.376068
-2.990232
-2.507937
-3.183150
-7.234432
-6.462759
-7.234432
-6.366300
-3.568987
-6.269841
-8.584860
-9.067155
-7.234432
-5.015873
-4.147741
-4.919414
-3.472527
-1.639805
-0.771673
-1.157509
-1.736264
-1.253968
-3.086691
-2.507937
-2.604396
-3.761905
-4.919414
-4.533578
-6.366300
-6.269841
-8.006105
-6.366300
-9.838828
-11.671551
-12.346764
-14.661783
-12.443223
-10.321123
-9.645910
-7.137973
-5.980464
-7.041514
-7.427350
-5.884005
-8.006105
-9.452991
-5.787546
-2.604396
-4.437118
-8.681319
-12.829060
-12.925519
-13.600733
-11.864469
-9.645910
-9.260073
-9.452991
-7.620269
-5.498168
-2.700855
2.893773
6.752137
10.417582
11.960928
9.742369
3.279609
-1.350427
-5.594628
-7.813187
-11.864469
-10.803419
-6.945055
-3.954823
-2.507937
-3.183150
-2.990232
-0.868132
-4.340659
-4.437118
-3.568987
-1.736264
-1.736264
-3.376068
-5.691087
-4.533578
-7.620269
-9.742369
-5.208791
-2.122100
-0.096459
0.289377
-0.385836
1.157509
3.376068
4.533578
2.218559
0.096459
-2.218559
-4.437118
-4.147741
1.543346
7.041514
9.163614
9.935287
9.645910
10.128205
13.311355
15.433455
18.520147
16.398046
12.636142
7.330891
3.376068
4.340659
5.980464
8.199023
6.173382
2.604396
-4.437118
-8.199023
-8.102564
-6.462759
-0.675214
0.289377
-3.472527
-7.620269
-9.067155
-13.021978
-5.980464
-0.578755
-2.700855
-5.498168
-9.452991
-8.199023
-3.376068
3.568987
7.330891
6.076923
1.061050
-3.472527
-2.604396
-1.253968
2.218559
5.498168
2.990232
2.122100
1.543346
-1.253968
-2.122100
0.192918
0.964591
-0.771673
-4.822955
-6.848596
-6.462759
-8.970696
-10.031746
-7.523810
-5.980464
-7.234432
-1.543346
-1.639805
-0.771673
0.096459
0.192918
1.350427
0.675214
0.289377
2.700855
2.218559
1.543346
2.893773
5.787546
6.848596
7.813187
7.523810
4.533578
7.523810
7.620269
7.330891
9.838828
8.391941
8.391941
9.067155
6.366300
6.366300
5.112332
1.639805
-0.482295
-2.990232
-2.604396
-0.771673
1.543346
6.269841
8.199023
7.427350
9.935287
12.153846
13.697192
16.494505
14.661783
12.346764
10.996337
10.706960
10.417582
6.945055
8.391941
6.752137
6.559219
6.945055
8.488400
10.610501
9.645910
11.092796
9.356532
10.803419
11.671551
13.504274
13.600733
10.031746
10.031746
6.173382
5.305250
8.006105
7.041514
6.559219
6.173382
6.269841
4.533578
2.218559
-0.578755
-2.507937
-4.147741
-3.376068
-4.147741
-2.315018
-1.929182
-1.639805
0.675214
0.385836
-0.771673
-1.736264
-2.315018
-5.305250
-4.919414
-1.736264
-2.893773
-0.675214
-0.096459
-0.868132
1.157509
0.964591
-1.253968
-2.507937
-3.665446
-5.594628
-3.086691
-5.691087
-5.401709
-3.665446
-2.411477
-0.771673
-0.675214
-1.639805
-1.157509
2.411477
4.340659
5.015873
1.832723
-0.096459
1.253968
3.086691
5.980464
6.559219
7.330891
9.935287
10.803419
11.189255
12.636142
10.514042
8.777778
6.173382
7.620269
6.848596
8.006105
6.559219
6.559219
8.391941
6.559219
5.401709
4.244200
2.411477
3.183150
1.929182
2.315018
0.289377
-2.315018
-2.218559
0.096459
-1.639805
0.096459
-2.990232
-6.173382
-5.691087
-6.076923
-5.498168
-3.183150
-0.096459
1.832723
0.385836
0.096459
1.639805
0.771673
5.594628
7.041514
9.645910
12.250305
12.346764
10.803419
9.935287
5.787546
0.385836
-2.411477
-3.279609
-2.218559
0.578755
-1.929182
-5.594628
-9.452991
-10.996337
-7.909646
-0.771673
2.507937
0.000000
-5.112332
-10.224664
-11.960928
-5.498168
-3.665446
-1.157509
-1.350427
-7.041514
-9.067155
-4.919414
-3.086691
-0.289377
-0.482295
-1.736264
-1.061050
2.893773
8.391941
10.996337
10.514042
8.874237
4.244200
1.061050
1.157509
3.183150
5.015873
6.366300
6.076923
5.015873
3.472527
4.147741
3.761905
3.376068
3.568987
1.832723
-1.157509
-1.929182
-5.401709
-0.482295
-0.096459
-1.061050
2.218559
1.446886
1.736264
5.884005
8.874237
9.742369
12.153846
10.899878
13.890110
16.301587
18.809524
21.413919
20.449328
18.905983
16.012210
14.372405
12.539683
13.311355
10.031746
11.092796
10.031746
7.137973
6.076923
7.523810
8.391941
9.935287
11.285714
9.260073
6.366300
3.665446
4.822955
4.147741
4.437118
7.234432
9.163614
8.681319
7.909646
4.630037
4.630037
4.822955
3.376068
3.086691
1.157509
0.096459
-1.350427
-2.411477
-5.498168
-5.980464
-2.218559
-0.868132
3.376068
2.315018
0.771673
3.086691
4.051282
2.604396
4.630037
6.366300
7.716728
4.919414
4.919414
1.736264
2.122100
0.096459
-1.446886
-2.604396
-3.665446
-5.594628
-6.173382
-5.980464
-4.147741
-4.919414
-2.315018
-0.192918
-1.736264
-1.543346
0.096459
-0.192918
-0.385836
1.446886
3.761905
8.681319
10.899878
10.803419
10.031746
8.681319
7.523810
4.822955
2.025641
-3.183150
-3.665446
-6.269841
-9.260073
-8.584860
-10.417582
-9.935287
-7.716728
-10.803419
-12.153846
-11.671551
-11.864469
-9.838828
-9.742369
-10.610501
-9.260073
-8.970696
-8.006105
-6.462759
-5.112332
-3.183150
-0.385836
-0.482295
-3.279609
-3.279609
-1.832723
-0.868132
-1.157509
-0.192918
-1.832723
-1.543346
0.096459
1.350427
5.015873
3.568987
5.401709
4.147741
3.568987
2.411477
-1.929182
-2.411477
-6.752137
-9.742369
-11.960928
-14.758242
-13.890110
