10.610501
9.549451
13.021978
10.514042
10.321123
2.797314
-5.305250
-7.330891
-4.822955
-2.797314
1.350427
3.279609
2.797314
1.543346
0.675214
3.086691
8.102564
7.523810
7.330891
1.736264
-2.122100
-8.777778
-5.691087
-4.726496
0.385836
-2.025641
-3.472527
-8.584860
-9.452991
-10.417582
-6.076923
-3.279609
1.929182
-1.253968
-6.173382
-13.214896
-12.829060
-12.732601
-7.041514
-4.919414
-5.015873
-5.691087
-6.076923
-9.549451
-7.330891
-8.295482
-6.752137
-9.838828
-10.899878
-13.214896
-12.539683
-15.529915
-12.925519
-10.706960
-9.163614
-10.706960
-8.970696
-8.295482
-7.041514
-6.269841
-2.315018
-3.183150
-0.385836
0.289377
4.726496
5.401709
4.630037
1.253968
2.893773
2.122100
4.147741
5.884005
9.163614
9.935287
9.549451
5.208791
3.279609
2.604396
3.472527
7.523810
7.523810
7.523810
9.742369
9.645910
10.899878
8.970696
9.163614
8.391941
7.620269
6.559219
7.813187
1.639805
-2.315018
-7.234432
-7.523810
-12.153846
-12.346764
-15.529915
-10.899878
-6.462759
-1.543346
-0.385836
0.385836
-2.411477
-0.964591
-2.315018
0.000000
1.157509
3.183150
-2.122100
-4.919414
-8.199023
-4.822955
-5.498168
-5.112332
-8.295482
-6.848596
-6.366300
-6.269841
-10.514042
-10.514042
-10.417582
-13.118437
-13.890110
-10.899878
-13.890110
-13.021978
-15.722833
-15.722833
-16.012210
-11.285714
-9.935287
-5.305250
-1.929182
2.990232
0.868132
-1.736264
-4.630037
-2.604396
-2.411477
-0.964591
-2.315018
-1.446886
-1.832723
-0.964591
-0.482295
3.858364
3.761905
6.269841
6.559219
9.838828
11.092796
11.478632
8.681319
8.488400
7.041514
10.514042
11.092796
9.935287
8.584860
5.980464
3.954823
4.533578
2.218559
2.218559
0.192918
-0.385836
0.096459
1.832723
1.350427
1.253968
0.675214
3.665446
2.604396
4.051282
4.051282
3.568987
3.183150
4.726496
2.315018
3.376068
3.761905
5.884005
5.401709
4.437118
8.391941
13.793651
17.555556
20.256410
19.291819
20.063492
19.195360
18.809524
18.327228
18.327228
17.652015
17.555556
16.494505
16.687424
11.671551
11.478632
8.391941
8.391941
3.954823
2.218559
0.385836
2.315018
0.675214
2.122100
-1.543346
-2.411477
-3.279609
-0.385836
0.868132
3.086691
0.868132
2.990232
0.000000
-0.289377
-1.639805
-0.385836
-2.315018
-1.736264
-2.700855
-1.061050
-2.218559
-4.051282
-4.051282
-3.279609
-3.086691
1.350427
-2.411477
-1.446886
-1.639805
-2.411477
-2.315018
-0.385836
-3.472527
0.192918
2.797314
5.884005
4.919414
5.594628
4.630037
2.604396
-0.964591
-2.604396
-4.147741
-1.832723
0.192918
-0.289377
-0.964591
0.192918
-0.578755
-0.192918
-1.061050
-2.507937
-2.122100
-2.411477
-1.253968
-1.350427
-2.411477
-2.797314
-3.568987
-3.376068
-5.498168
-5.401709
-6.269841
-7.523810
-4.919414
-5.787546
-4.051282
-2.700855
-2.218559
-0.868132
2.700855
0.964591
5.787546
6.269841
5.594628
4.630037
3.183150
2.218559
3.183150
4.051282
6.945055
5.691087
8.391941
5.884005
1.350427
-2.218559
-4.437118
-2.700855
-4.244200
-3.086691
-1.543346
-1.832723
0.868132
0.675214
2.218559
0.771673
2.893773
6.173382
6.366300
6.848596
7.523810
5.208791
3.376068
-1.736264
-1.061050
-2.122100
-4.919414
-6.752137
-8.681319
-9.260073
-7.909646
-11.575092
-9.260073
-7.523810
-2.893773
-1.543346
-2.700855
-4.919414
-4.630037
-7.716728
-7.137973
-9.067155
-11.478632
-10.899878
-7.620269
-6.269841
-4.726496
-4.340659
0.771673
2.797314
8.199023
8.295482
5.305250
0.868132
-2.122100
-8.874237
-8.584860
-8.970696
-5.884005
-4.919414
-5.208791
-6.462759
-6.848596
-10.321123
-8.391941
-4.533578
2.122100
1.929182
0.192918
-6.366300
-8.874237
-10.128205
-6.848596
-3.568987
0.771673
-3.568987
-7.330891
-13.697192
-14.275946
-10.899878
-6.655678
-3.858364
-3.665446
-6.269841
-3.376068
-4.533578
-2.604396
-2.122100
2.700855
1.446886
0.578755
-3.761905
-7.330891
-11.960928
-8.584860
-7.137973
0.289377
2.411477
1.639805
-1.929182
-0.482295
1.253968
5.980464
10.514042
16.398046
15.626374
11.960928
3.568987
2.507937
3.086691
10.514042
9.935287
11.382173
6.945055
4.340659
-0.964591
-0.771673
-1.253968
-0.868132
-2.604396
-8.584860
-14.661783
-15.433455
-15.626374
-8.970696
-1.639805
2.990232
5.401709
2.700855
-4.822955
-5.884005
-3.665446
0.771673
3.086691
0.385836
-3.376068
-6.559219
-6.655678
-6.462759
-2.122100
4.244200
2.797314
-1.061050
-7.523810
-5.112332
-1.929182
5.498168
9.838828
11.864469
6.269841
2.218559
0.192918
-0.482295
4.147741
10.224664
14.661783
10.610501
2.990232
-1.543346
-1.832723
2.700855
8.102564
10.031746
9.742369
5.691087
2.700855
1.350427
0.096459
4.147741
7.137973
8.391941
3.376068
-2.411477
-3.183150
-2.604396
3.183150
7.234432
8.681319
2.990232
-1.253968
-2.218559
0.000000
0.771673
2.025641
1.832723
-2.218559
-5.884005
-5.594628
-1.832723
5.498168
8.584860
5.594628
1.253968
0.578755
4.822955
5.015873
5.884005
5.980464
4.630037
3.472527
0.771673
1.832723
0.385836
1.736264
1.736264
4.340659
6.462759
6.462759
6.752137
6.752137
6.655678
6.173382
4.919414
4.822955
4.726496
5.691087
6.559219
12.250305
12.829060
15.433455
12.636142
10.610501
6.752137
3.279609
0.675214
-0.675214
-2.315018
0.385836
-0.289377
-2.411477
-6.173382
-3.665446
-5.498168
-7.909646
-9.549451
-5.594628
1.543346
4.822955
6.848596
9.163614
8.199023
8.584860
7.523810
10.514042
8.874237
6.848596
4.630037
0.385836
-2.025641
-4.147741
-4.244200
-1.639805
-2.604396
1.446886
2.700855
2.411477
-1.736264
-4.533578
-3.086691
-6.269841
-4.340659
-2.218559
-3.086691
-1.639805
-2.604396
-1.446886
-3.279609
-2.893773
-6.173382
-5.498168
-1.832723
5.594628
9.935287
8.199023
4.437118
2.507937
-2.315018
-5.787546
-11.285714
-12.057387
-13.986569
-13.021978
-14.179487
-10.706960
-10.321123
-8.102564
-9.356532
-8.295482
-9.452991
-11.189255
-11.960928
-12.829060
-13.890110
-11.575092
-9.645910
-5.980464
-3.858364
-0.578755
-1.061050
5.787546
5.498168
4.340659
1.446886
-1.446886
-2.990232
-2.604396
-4.726496
-5.884005
-6.945055
-7.041514
-7.234432
-6.173382
-7.427350
-3.761905
-2.700855
1.157509
0.000000
-1.446886
-5.208791
-5.208791
-7.427350
-9.260073
-10.417582
-9.935287
-12.732601
-11.671551
-9.935287
-8.777778
-9.549451
-6.269841
-4.244200
-0.482295
-2.315018
-1.446886
-1.639805
1.446886
2.990232
7.137973
8.584860
6.173382
-1.929182
-4.437118
-5.208791
-0.096459
-0.192918
0.771673
1.157509
-0.096459
-3.472527
-5.112332
-4.726496
1.543346
2.411477
8.970696
5.980464
7.813187
3.472527
3.665446
2.507937
2.315018
-0.289377
-3.472527
-6.945055
-7.427350
-6.173382
1.639805
5.305250
10.514042
5.015873
1.253968
-7.427350
-9.935287
-8.970696
-5.401709
-4.437118
0.771673
1.543346
0.385836
-0.096459
0.385836
-2.604396
1.446886
0.096459
-0.482295
-6.945055
-6.655678
-8.199023
-4.726496
0.385836
3.761905
4.726496
4.533578
0.385836
-3.761905
-2.700855
3.954823
3.761905
2.411477
-0.289377
2.025641
3.761905
6.173382
2.604396
5.015873
6.076923
9.549451
11.575092
11.671551
5.401709
7.909646
8.777778
12.732601
16.976801
23.246642
22.282051
21.703297
21.510379
20.256410
16.108669
11.478632
5.401709
1.543346
-2.990232
0.675214
1.253968
4.244200
3.086691
6.076923
8.006105
8.102564
4.630037
3.858364
3.761905
6.366300
3.086691
7.041514
8.391941
12.346764
11.478632
13.890110
11.575092
11.864469
11.189255
13.021978
14.179487
17.169719
15.336996
16.301587
12.346764
11.960928
5.015873
2.797314
-0.964591
0.385836
1.350427
1.929182
-0.096459
-1.350427
-2.797314
-2.218559
-6.173382
-5.498168
-8.295482
-5.401709
-5.208791
-2.700855
-2.893773
0.096459
0.675214
0.385836
-2.025641
-0.675214
-0.482295
-1.446886
-4.437118
-5.112332
-8.102564
-5.691087
-1.157509
3.568987
2.218559
0.000000
-6.945055
-12.346764
-18.809524
-18.423687
-17.266178
-10.514042
-9.163614
-7.909646
-6.752137
-5.401709
-0.868132
4.244200
8.970696
8.295482
3.665446
5.015873
0.289377
0.771673
-1.929182
1.736264
2.604396
3.472527
0.868132
3.472527
6.366300
10.321123
13.214896
10.610501
5.498168
1.929182
-3.279609
-6.559219
-10.031746
-4.147741
-0.771673
-0.771673
-4.147741
-7.909646
-9.935287
-5.498168
1.832723
13.311355
16.205128
18.230769
13.311355
8.584860
7.041514
8.681319
11.575092
10.031746
8.584860
8.874237
4.437118
3.665446
2.218559
6.848596
12.057387
11.382173
0.096459
-8.488400
-15.915751
-16.108669
-14.758242
-8.102564
-5.208791
-7.137973
-14.758242
-16.783883
-17.941392
-14.951160
-11.478632
-4.919414
-4.147741
-4.919414
-9.067155
-10.610501
-12.153846
-8.199023
-5.980464
-5.112332
-10.514042
-13.986569
-19.774115
-17.844933
-20.449328
-16.880342
-13.118437
-12.539683
-13.793651
-12.829060
-11.382173
-9.067155
-8.102564
-7.813187
-8.391941
-8.199023
-6.366300
-5.498168
-3.472527
-1.543346
1.543346
4.437118
2.700855
5.594628
7.620269
7.620269
7.234432
7.716728
9.838828
13.793651
19.388278
17.941392
18.520147
14.083028
10.803419
4.726496
-2.122100
-7.041514
-8.584860
-7.813187
-7.909646
-8.295482
-8.102564
-7.330891
-3.086691
-2.315018
1.543346
5.401709
6.848596
7.716728
7.716728
5.787546
3.568987
1.446886
-1.157509
-2.990232
-2.411477
-5.594628
-1.929182
-0.675214
2.893773
3.279609
6.269841
7.137973
9.838828
7.716728
3.858364
-0.385836
3.376068
-1.832723
0.000000
-3.086691
-0.192918
-2.411477
-2.893773
-3.568987
-1.736264
2.218559
3.568987
-1.929182
-5.498168
-9.549451
-11.864469
-16.976801
-16.783883
-18.423687
-13.504274
-10.224664
-4.244200
-1.543346
4.244200
7.137973
7.523810
5.305250
3.858364
0.385836
-1.446886
-6.752137
-7.620269
-12.925519
-15.819292
-19.581197
-16.687424
-10.031746
-2.893773
-0.096459
1.736264
2.218559
3.761905
2.025641
2.315018
-2.315018
-0.096459
0.096459
3.858364
6.752137
9.452991
3.761905
-3.761905
-8.874237
-12.346764
-9.838828
-0.675214
5.208791
7.041514
3.858364
0.385836
-0.385836
7.909646
11.960928
16.976801
8.874237
5.980464
1.736264
0.675214
2.411477
10.128205
14.951160
18.037851
13.697192
7.137973
6.848596
8.006105
7.523810
4.630037
-1.543346
-7.041514
-8.006105
-1.157509
5.015873
12.443223
9.163614
7.234432
1.157509
-2.025641
-2.893773
-2.797314
-8.102564
-9.356532
-14.468864
-14.083028
-9.742369
4.051282
13.118437
13.118437
11.768010
3.954823
-1.929182
-1.157509
0.868132
5.787546
8.874237
7.716728
-1.543346
-8.874237
-11.575092
-9.645910
-2.411477
3.665446
3.279609
1.929182
-2.893773
-1.736264
-1.350427
3.086691
0.868132
2.411477
1.736264
0.192918
0.096459
-0.192918
-1.543346
3.086691
3.761905
7.909646
5.015873
2.218559
-1.061050
-1.543346
-1.253968
1.061050
3.568987
7.620269
5.884005
5.787546
1.543346
0.675214
-6.752137
-4.630037
-7.620269
-5.112332
-6.076923
-2.218559
-1.350427
-1.253968
-0.482295
0.385836
-2.507937
-3.954823
-4.822955
-5.208791
-6.366300
-4.244200
-5.305250
-7.716728
-11.285714
-12.153846
-13.118437
-12.057387
-6.076923
1.061050
9.356532
13.504274
17.266178
19.774115
18.520147
20.352869
18.520147
18.230769
17.266178
15.722833
11.092796
9.067155
6.559219
4.051282
1.543346
1.157509
-0.675214
3.183150
6.366300
6.752137
8.391941
5.787546
4.822955
1.061050
-4.340659
-5.401709
-7.137973
-5.980464
-5.594628
-2.700855
-2.218559
-1.157509
1.929182
1.446886
2.025641
2.218559
0.385836
0.578755
0.385836
3.086691
5.401709
10.321123
12.153846
10.031746
4.822955
0.771673
-3.858364
-7.041514
-10.610501
-10.128205
-12.539683
-9.742369
-9.645910
-8.874237
-6.655678
-4.822955
-4.919414
-3.376068
-4.630037
-4.533578
-4.919414
-3.568987
-1.736264
1.446886
3.858364
3.568987
-0.675214
1.736264
3.568987
6.366300
3.954823
5.691087
0.868132
-5.884005
-10.996337
-13.600733
-13.890110
-14.372405
-9.742369
-5.980464
-1.832723
5.498168
6.462759
10.706960
11.768010
15.144078
15.240537
16.108669
10.031746
2.411477
-3.183150
-6.752137
-9.645910
-8.970696
-9.356532
-8.488400
-9.163614
-3.858364
-3.858364
0.000000
0.868132
0.868132
0.096459
-1.061050
-2.315018
-5.980464
-6.269841
-6.173382
-7.041514
-7.427350
-10.031746
-10.321123
-10.321123
-5.980464
-4.147741
0.192918
2.411477
2.604396
3.568987
3.954823
2.122100
1.350427
2.411477
1.639805
5.787546
4.630037
2.604396
0.385836
0.385836
2.700855
8.874237
10.706960
12.153846
8.006105
5.594628
-0.482295
0.675214
5.691087
3.858364
2.122100
-3.954823
-11.478632
-14.275946
-8.488400
-0.385836
-0.868132
-5.305250
-13.697192
-14.951160
-10.417582
-1.543346
2.604396
5.884005
4.147741
2.990232
1.253968
3.086691
10.031746
16.687424
18.327228
19.967033
7.330891
-5.305250
-14.372405
-11.478632
-7.427350
-2.604396
1.929182
2.507937
-5.208791
-5.305250
0.000000
9.356532
13.697192
19.002442
11.575092
-1.350427
-7.813187
-9.067155
-6.752137
-0.482295
3.376068
5.691087
-2.411477
-6.076923
-8.970696
0.000000
5.980464
13.697192
13.504274
4.919414
-6.945055
-13.986569
-16.205128
-10.899878
-5.980464
-0.289377
-3.183150
-8.681319
-12.925519
-10.321123
-4.437118
4.051282
12.250305
15.722833
8.681319
3.568987
-0.771673
0.675214
0.192918
2.797314
0.675214
-2.990232
-7.137973
-7.813187
-7.234432
-1.253968
4.726496
10.514042
11.768010
8.295482
3.279609
4.244200
5.208791
8.777778
9.163614
4.822955
-0.482295
-6.173382
-9.452991
-7.137973
-5.498168
1.736264
6.173382
7.427350
6.655678
10.128205
6.076923
1.253968
-4.533578
-4.147741
-2.218559
1.832723
6.269841
7.234432
2.025641
-0.096459
-7.620269
-10.224664
-13.600733
-12.346764
-10.706960
-5.112332
-3.183150
1.929182
1.832723
2.797314
4.147741
1.446886
-2.893773
0.000000
1.350427
6.462759
4.244200
7.716728
6.848596
2.025641
-1.543346
-2.507937
-5.112332
-4.244200
-5.980464
-3.568987
-1.061050
1.446886
0.385836
-1.736264
-3.761905
-2.700855
-3.665446
-2.604396
-3.183150
-2.700855
-5.498168
-5.208791
-7.813187
-8.681319
-11.671551
-11.864469
-10.899878
-10.706960
-11.864469
-10.128205
-11.575092
-9.742369
-8.295482
-9.452991
-10.224664
-11.092796
-13.697192
-12.925519
-15.144078
-14.275946
-13.021978
-8.006105
-6.076923
-7.234432
-9.067155
-10.610501
-10.899878
-8.681319
-7.427350
-6.848596
-5.594628
-4.822955
-6.655678
-2.507937
-1.157509
4.822955
7.041514
10.031746
8.199023
5.112332
3.279609
1.157509
2.218559
5.884005
2.507937
-0.771673
-4.533578
-5.112332
-5.015873
1.157509
6.559219
10.224664
6.269841
1.543346
-3.761905
-5.594628
-5.691087
-2.315018
-0.964591
-1.736264
-4.919414
-8.584860
-10.803419
-8.006105
-5.498168
3.858364
8.006105
12.443223
12.346764
10.803419
5.112332
6.173382
2.507937
5.112332
6.462759
7.427350
1.157509
2.700855
3.761905
6.848596
3.665446
1.832723
0.385836
-2.122100
-8.874237
-9.935287
-10.899878
-8.295482
-2.411477
5.015873
8.295482
10.899878
7.234432
3.568987
0.096459
1.253968
1.253968
-0.578755
-1.157509
-2.218559
-5.015873
-1.157509
-2.990232
-4.340659
-6.848596
-5.498168
-4.340659
-6.076923
-8.970696
-7.909646
-11.768010
-9.067155
-9.356532
-4.533578
-5.980464
-9.549451
-12.636142
-11.285714
-11.189255
-5.594628
-4.437118
-4.244200
-2.411477
0.096459
-0.192918
4.340659
5.112332
10.803419
11.382173
10.610501
7.427350
7.523810
6.269841
2.315018
2.411477
1.446886
-0.385836
2.797314
2.122100
3.376068
2.025641
1.350427
0.578755
3.858364
4.437118
7.234432
8.102564
8.199023
7.523810
3.761905
-1.446886
-0.096459
-0.192918
0.096459
1.446886
2.025641
2.797314
8.777778
8.681319
9.163614
9.356532
10.514042
13.697192
17.362637
16.108669
17.748474
15.626374
13.118437
10.031746
5.787546
-0.192918
-0.578755
-2.893773
-4.919414
-8.295482
-8.102564
-10.899878
-11.189255
-9.549451
-5.305250
-1.929182
-0.192918
-1.446886
-4.533578
-6.269841
-5.594628
-3.665446
-0.675214
1.543346
6.559219
7.523810
7.909646
4.919414
4.822955
4.437118
5.015873
5.015873
4.822955
3.761905
4.244200
2.122100
4.533578
2.507937
-2.315018
-5.015873
-2.700855
-4.919414
-3.858364
-7.041514
-7.813187
-7.427350
-6.848596
-9.356532
-10.514042
-12.925519
-11.671551
-10.417582
-6.269841
-7.427350
-7.234432
-6.752137
-5.691087
-6.269841
-5.015873
-1.832723
2.122100
4.244200
8.488400
5.498168
0.771673
-5.594628
-5.498168
-6.269841
-2.507937
-1.832723
2.604396
4.437118
5.208791
3.472527
6.076923
8.199023
13.407814
13.118437
11.864469
5.401709
3.472527
-2.797314
-6.366300
-11.092796
-10.321123
-7.041514
-3.954823
-2.990232
-0.578755
1.446886
4.726496
4.630037
5.305250
0.289377
-1.736264
-2.122100
-2.507937
-3.183150
-0.675214
-1.061050
-1.350427
-0.482295
0.964591
-1.543346
0.289377
-3.376068
-2.315018
-5.884005
-5.498168
-5.112332
-3.086691
-5.691087
-8.391941
-7.523810
-6.559219
-8.006105
-6.173382
-4.726496
-3.376068
-0.964591
-1.929182
-2.507937
0.385836
1.929182
3.086691
3.568987
1.639805
2.507937
0.385836
-2.025641
-1.350427
-0.868132
-0.675214
-0.964591
-0.578755
1.929182
3.761905
4.437118
3.086691
1.639805
-0.192918
-1.061050
-3.472527
-3.954823
-0.964591
2.507937
5.305250
6.173382
5.594628
6.559219
10.899878
9.163614
4.437118
3.279609
1.350427
2.218559
2.990232
4.822955
6.559219
6.848596
4.919414
6.655678
7.427350
9.452991
11.092796
13.600733
15.047619
15.529915
12.443223
10.996337
5.594628
3.472527
3.183150
2.218559
0.192918
-0.192918
-0.192918
-0.868132
2.507937
5.691087
5.884005
2.411477
0.096459
1.350427
-2.411477
-1.350427
0.385836
-1.061050
-1.253968
1.061050
-0.192918
-0.385836
-1.253968
0.385836
1.446886
3.568987
5.015873
4.822955
3.472527
7.620269
7.620269
8.681319
8.006105
7.716728
5.401709
3.858364
1.061050
2.411477
3.568987
8.681319
7.909646
10.128205
6.848596
5.208791
3.472527
2.025641
-2.507937
-2.218559
-2.122100
-0.096459
0.192918
2.122100
0.385836
5.208791
5.401709
5.884005
2.797314
1.446886
-0.675214
1.446886
0.192918
0.289377
-3.086691
-3.858364
-4.437118
-1.639805
-2.797314
2.218559
1.929182
2.990232
1.736264
3.376068
3.761905
5.112332
3.376068
5.401709
6.752137
8.102564
5.787546
7.234432
6.462759
4.051282
2.507937
2.315018
2.700855
3.568987
2.218559
1.253968
-3.376068
-5.691087
-6.462759
-5.884005
-8.488400
-8.006105
-8.681319
-2.797314
-1.543346
3.086691
1.061050
3.472527
4.051282
7.330891
3.376068
2.025641
-0.482295
1.736264
0.385836
-0.192918
-1.061050
0.771673
-1.446886
0.192918
0.964591
4.919414
8.681319
10.224664
8.488400
7.234432
7.234432
5.980464
5.112332
2.604396
-1.832723
-5.112332
-8.777778
-9.645910
-10.128205
-6.752137
-4.051282
-5.208791
-6.076923
-1.639805
2.122100
4.244200
5.208791
3.665446
4.726496
5.594628
4.726496
4.726496
3.376068
-1.061050
-6.269841
-7.620269
-9.838828
-11.382173
-11.864469
-9.645910
-8.681319
-8.295482
-9.645910
-8.874237
-5.980464
-7.523810
-3.472527
-1.157509
2.025641
1.832723
2.507937
-0.578755
1.736264
-0.482295
-2.507937
-3.183150
-3.086691
-2.893773
0.868132
1.253968
3.665446
3.568987
1.929182
-0.964591
-1.061050
-4.437118
-6.269841
-7.523810
-7.813187
-8.102564
-6.366300
-6.076923
-4.244200
-2.315018
-1.350427
-3.086691
-2.604396
-2.315018
0.192918
3.279609
5.498168
6.173382
8.777778
7.620269
5.305250
0.964591
1.061050
-2.411477
0.771673
0.578755
0.096459
0.096459
5.691087
2.411477
1.446886
1.736264
4.533578
5.884005
10.321123
6.848596
9.645910
6.752137
3.858364
-2.893773
-5.498168
-6.752137
-2.315018
-2.990232
-4.533578
-6.173382
-6.655678
-9.067155
-4.147741
-0.578755
3.376068
4.244200
7.813187
3.376068
4.340659
0.964591
1.157509
-0.385836
2.315018
1.446886
4.437118
4.244200
4.437118
2.507937
5.208791
5.015873
5.112332
3.858364
4.051282
2.411477
2.507937
0.675214
0.675214
-2.797314
-2.893773
-6.173382
-6.269841
-6.848596
-7.523810
-7.427350
-4.340659
-3.954823
-2.604396
-4.051282
-2.315018
0.385836
2.797314
0.675214
2.700855
1.929182
1.350427
2.507937
4.822955
3.183150
5.305250
4.919414
6.559219
5.594628
8.102564
3.665446
5.112332
4.437118
3.954823
4.340659
4.822955
0.289377
2.315018
2.893773
5.980464
6.462759
6.752137
2.893773
5.498168
3.472527
3.376068
2.411477
3.376068
4.051282
9.163614
8.006105
7.330891
1.736264
-3.086691
-7.234432
-7.330891
-8.391941
-2.411477
-0.578755
3.761905
4.919414
4.822955
6.366300
