4.685714
2.973626
5.767033
7.659341
-3.964835
1.081319
-2.613187
-5.226374
-8.920879
-9.912088
-9.101099
-5.767033
-4.145055
0.540659
3.784615
9.101099
11.984615
14.417582
13.876923
16.129670
10.903297
9.281319
3.424176
1.171429
-2.703297
-1.802198
0.810989
4.054945
8.290110
14.327473
14.057143
16.309890
11.624176
11.173626
7.118681
6.487912
-0.810989
-3.784615
-8.560440
-9.641758
-12.164835
-8.200000
-7.749451
-2.883516
0.000000
2.613187
2.883516
2.342857
3.514286
6.037363
-0.450549
-6.578022
-15.408791
-17.661538
-22.076923
-18.112088
-14.057143
-9.101099
-2.883516
2.973626
3.334066
2.973626
2.883516
2.523077
0.540659
0.810989
-4.775824
-4.956044
-7.749451
-6.668132
-5.947253
-4.325275
1.081319
7.749451
10.903297
16.309890
18.832967
21.265934
17.661538
14.057143
8.740659
4.865934
-0.450549
-2.703297
-6.037363
-5.767033
-4.505495
-1.982418
0.991209
5.316484
4.145055
4.325275
6.668132
5.767033
1.351648
-4.145055
-11.083516
-18.021978
-20.815385
-22.978022
-21.175824
-18.832967
-13.786813
-10.903297
-4.235165
-1.441758
1.351648
0.360440
-0.810989
-4.235165
-7.569231
-11.353846
-16.309890
-19.013187
-18.202198
-18.382418
-15.769231
-12.345055
-6.397802
-5.767033
1.171429
0.000000
-1.261538
-0.901099
-2.432967
-6.307692
-6.848352
-11.624176
-12.254945
-12.975824
-10.092308
-9.281319
-5.676923
-0.991209
2.432967
4.865934
6.397802
4.145055
3.243956
-2.162637
-1.892308
-6.307692
-8.650549
-9.281319
-8.830769
-9.010989
-8.740659
-3.874725
0.720879
3.153846
7.118681
6.037363
6.938462
8.650549
8.470330
4.325275
2.342857
-3.063736
-3.604396
-4.325275
-1.261538
-1.802198
-0.270330
-0.180220
4.685714
6.487912
8.380220
6.578022
11.624176
8.830769
8.650549
6.668132
8.019780
5.947253
6.307692
4.685714
8.200000
6.217582
10.362637
8.830769
13.336264
14.597802
17.030769
14.597802
16.670330
14.057143
15.048352
12.345055
10.272527
6.578022
7.118681
4.865934
5.676923
2.793407
1.621978
0.270330
2.342857
2.703297
6.307692
6.127473
9.010989
10.723077
14.417582
11.984615
12.345055
7.569231
7.208791
5.226374
3.784615
2.703297
2.703297
-0.360440
0.360440
-0.630769
0.180220
-1.982418
-0.810989
-1.081319
1.171429
-1.441758
2.432967
3.243956
2.432967
-0.720879
0.360440
-1.892308
-1.621978
-4.505495
-2.613187
-4.235165
1.261538
3.153846
5.496703
5.136264
7.569231
7.208791
7.929670
5.586813
5.676923
3.784615
1.261538
-0.180220
-0.450549
-0.630769
-0.360440
-0.090110
1.802198
0.991209
1.712088
0.450549
1.351648
1.351648
1.892308
1.531868
0.450549
-1.621978
1.712088
1.351648
7.028571
7.298901
6.397802
2.342857
3.874725
-2.432967
5.226374
4.956044
3.694505
-0.090110
1.351648
-1.712088
-3.153846
-5.136264
-2.523077
-3.424176
-3.243956
-2.793407
-0.180220
-0.901099
3.874725
4.685714
7.028571
6.668132
5.947253
5.676923
4.865934
2.252747
7.569231
2.613187
1.171429
1.982418
1.802198
1.351648
4.054945
4.415385
7.028571
6.578022
5.046154
5.316484
7.749451
5.046154
2.162637
-1.982418
-7.569231
-10.542857
-9.821978
-6.487912
-5.676923
-6.217582
-3.784615
-1.261538
0.180220
2.072527
4.325275
4.054945
1.531868
-0.450549
3.153846
0.000000
1.621978
-1.081319
0.630769
0.180220
0.991209
2.793407
2.162637
3.424176
5.586813
4.685714
6.397802
5.767033
5.767033
1.712088
1.712088
0.270330
-0.540659
-3.784615
-1.171429
1.351648
3.424176
3.694505
5.226374
2.162637
2.342857
0.901099
-0.180220
-2.703297
-2.072527
-1.802198
1.261538
-0.360440
1.802198
-0.180220
-0.360440
-1.351648
-0.540659
-1.892308
1.171429
0.000000
0.991209
-0.901099
-3.784615
-6.127473
-1.621978
-0.360440
1.171429
0.720879
-0.810989
0.090110
2.613187
1.171429
0.360440
-2.072527
-2.703297
-3.514286
-1.982418
-4.235165
-2.342857
-2.342857
-0.540659
-1.081319
1.802198
2.342857
4.865934
2.793407
2.072527
-0.090110
-0.360440
-2.703297
-2.523077
-3.153846
-2.613187
-2.252747
-0.360440
-0.090110
0.360440
0.180220
2.432967
3.424176
6.217582
2.432967
0.180220
-4.865934
-4.865934
-8.290110
-6.217582
-8.380220
-3.153846
-4.235165
-0.901099
-0.180220
1.712088
-1.081319
-1.712088
-3.874725
-4.054945
-7.208791
-6.307692
-5.406593
-1.081319
-1.261538
0.000000
-0.810989
-3.153846
-5.406593
-4.595604
-8.470330
-5.406593
-5.406593
-3.604396
-4.505495
0.090110
-8.200000
-1.261538
1.261538
-0.090110
-1.441758
-2.432967
-5.406593
-3.604396
-2.793407
-1.982418
-0.090110
1.892308
-1.171429
-1.351648
-5.857143
-8.830769
-10.092308
-7.479121
-4.775824
-2.973626
-2.883516
-0.360440
-0.720879
2.072527
1.081319
0.630769
-1.982418
0.000000
-1.351648
1.802198
1.892308
4.415385
1.712088
0.540659
-0.450549
1.531868
4.685714
7.028571
7.118681
5.136264
3.243956
5.947253
4.505495
2.973626
1.982418
0.630769
-1.712088
-0.540659
-0.630769
1.351648
-0.991209
0.720879
0.901099
1.351648
-0.630769
0.991209
1.261538
5.226374
3.424176
4.235165
3.964835
3.874725
0.991209
2.793407
1.531868
-0.270330
-5.136264
-3.153846
-5.947253
-2.523077
-3.063736
0.000000
-0.991209
0.991209
0.090110
-1.261538
-2.703297
-2.162637
-1.081319
1.531868
1.892308
4.054945
0.540659
-0.360440
0.000000
0.270330
-0.901099
-0.360440
-1.441758
-5.046154
-6.487912
-6.127473
-3.784615
-4.956044
-3.964835
-2.793407
-2.162637
-4.595604
-5.767033
-1.441758
1.441758
-1.531868
0.540659
-1.081319
-3.964835
-4.505495
-4.054945
-6.487912
-3.694505
-5.947253
-3.243956
-3.874725
0.000000
-0.991209
-0.810989
-1.892308
1.621978
-0.450549
0.540659
-0.270330
0.180220
-1.892308
0.720879
0.810989
3.874725
5.226374
8.380220
4.054945
5.496703
-1.982418
7.118681
5.316484
4.325275
1.531868
2.523077
5.316484
8.560440
8.560440
9.461538
11.263736
12.525275
13.786813
13.246154
12.705495
10.002198
6.938462
7.389011
8.650549
7.929670
7.028571
9.731868
9.461538
12.615385
10.632967
10.903297
8.470330
7.929670
6.037363
9.461538
10.632967
10.452747
11.263736
12.254945
13.065934
14.147253
12.435165
13.606593
12.705495
9.191209
8.830769
6.758242
1.441758
-2.883516
-3.153846
-3.604396
-1.171429
-1.261538
0.991209
2.072527
3.874725
6.397802
9.371429
11.714286
10.542857
9.912088
10.362637
6.668132
5.496703
5.226374
7.298901
6.578022
5.767033
7.839560
6.127473
8.290110
8.470330
4.235165
4.054945
-0.810989
-1.531868
-1.261538
-0.270330
-1.351648
0.090110
-0.180220
-4.595604
3.874725
3.334066
2.523077
-0.090110
-5.947253
-7.929670
-10.002198
-10.452747
-8.830769
-8.109890
-7.479121
-5.046154
-4.054945
-0.720879
-3.424176
-2.613187
-2.973626
-2.973626
-3.964835
-1.802198
-2.703297
-1.802198
-2.162637
2.973626
3.604396
4.054945
0.450549
1.081319
-4.145055
-2.973626
-4.325275
-0.901099
-2.973626
-2.613187
-5.046154
-4.865934
-4.865934
-3.243956
-5.406593
-0.630769
0.450549
0.991209
-0.090110
0.360440
-2.523077
4.505495
2.883516
5.947253
3.784615
3.784615
3.063736
1.621978
-1.892308
0.270330
0.540659
1.712088
-0.090110
-0.180220
-0.810989
0.450549
0.540659
0.901099
-0.991209
0.540659
0.090110
1.351648
2.432967
1.081319
0.630769
2.613187
0.180220
-3.784615
-6.037363
-7.389011
-6.668132
-8.740659
-10.182418
-11.534066
-9.281319
-8.740659
-8.470330
-8.740659
-4.775824
-6.848352
-5.586813
-6.848352
-6.127473
-6.848352
-5.586813
-6.217582
-4.505495
-4.235165
-1.892308
-0.450549
2.883516
0.720879
-0.090110
-1.441758
-4.505495
-8.290110
-4.775824
-3.694505
-1.982418
-4.775824
-11.353846
-4.145055
-3.694505
-6.127473
-3.694505
-4.505495
-7.479121
-8.830769
-8.650549
-8.830769
-4.775824
-1.171429
-0.901099
0.090110
1.351648
1.621978
1.351648
1.171429
-1.081319
0.810989
1.441758
-2.703297
-7.028571
-9.641758
-10.452747
-7.208791
-7.118681
-3.514286
-1.982418
0.720879
2.973626
2.523077
1.441758
0.270330
-0.991209
-3.243956
-7.298901
-7.208791
-8.830769
-7.929670
-7.929670
-0.450549
3.604396
8.109890
5.947253
5.226374
3.514286
3.334066
1.802198
1.621978
-2.523077
-5.226374
-5.406593
-2.883516
-4.235165
-0.720879
-2.613187
0.720879
1.802198
2.793407
-0.090110
-0.360440
-5.947253
-8.290110
-10.993407
-11.804396
-12.074725
-10.632967
-6.578022
-4.054945
0.450549
4.054945
6.758242
7.208791
8.290110
5.316484
0.450549
-2.432967
-6.578022
-8.019780
-8.740659
-6.758242
-6.127473
-4.054945
-5.857143
-3.694505
1.351648
2.973626
4.415385
1.171429
-0.360440
-4.865934
-8.109890
-7.929670
-3.334066
-0.630769
1.171429
2.523077
3.694505
4.054945
6.668132
5.316484
7.749451
3.063736
3.964835
-1.351648
-1.892308
-5.406593
-5.316484
-6.668132
-4.145055
-4.415385
-2.973626
-3.964835
-2.973626
-5.496703
-1.171429
-3.243956
1.621978
0.360440
0.450549
-0.901099
-1.081319
0.540659
3.604396
8.470330
9.641758
8.470330
8.830769
7.659341
11.353846
11.083516
11.443956
9.101099
8.920879
13.246154
9.191209
8.200000
3.874725
4.595604
7.749451
13.786813
13.696703
18.742857
19.193407
22.257143
19.553846
21.896703
17.481319
18.562637
10.903297
20.184615
18.923077
18.202198
15.859341
14.868132
15.769231
17.301099
15.408791
13.786813
13.696703
15.318681
9.641758
10.813187
6.938462
7.118681
3.334066
3.604396
0.450549
2.883516
2.793407
6.938462
6.668132
8.740659
6.127473
4.956044
-0.991209
-1.531868
-2.432967
0.991209
2.523077
5.226374
4.685714
6.578022
4.145055
2.613187
0.901099
0.360440
-1.892308
-1.892308
-3.424176
-1.621978
-2.973626
-3.153846
-2.342857
-2.252747
-1.982418
-1.802198
-0.270330
1.351648
2.613187
1.802198
1.712088
0.180220
-0.991209
0.090110
1.261538
1.712088
3.153846
1.712088
0.991209
-4.145055
-4.145055
-4.325275
-3.514286
-3.514286
-1.802198
-1.712088
0.360440
-0.090110
-0.540659
-0.720879
2.072527
0.720879
1.261538
2.703297
-0.090110
2.793407
3.604396
4.775824
3.063736
0.270330
1.441758
1.441758
6.037363
2.523077
0.630769
-0.810989
-2.162637
-1.802198
0.540659
0.360440
1.802198
-0.450549
-1.982418
-1.802198
5.226374
6.668132
10.272527
8.740659
2.973626
7.298901
4.235165
2.162637
0.720879
-1.712088
-3.153846
-3.514286
-2.432967
-4.235165
-5.406593
-6.668132
-4.415385
-5.857143
-5.316484
-6.668132
-5.586813
-6.037363
-3.424176
-5.046154
-1.802198
-3.063736
-0.630769
-3.784615
-2.793407
-1.261538
-0.810989
1.982418
1.892308
2.162637
4.145055
1.621978
0.000000
-2.162637
-2.432967
-6.397802
-6.848352
-5.406593
-4.685714
-3.153846
-2.072527
-4.145055
-5.496703
-5.316484
-3.604396
-5.136264
-4.685714
-5.226374
-2.072527
-2.072527
-0.901099
1.351648
2.793407
2.883516
2.973626
1.351648
1.261538
-0.720879
-0.901099
-0.991209
-1.441758
-0.180220
-1.892308
-3.153846
-1.621978
-0.901099
1.892308
3.424176
0.991209
0.901099
-3.153846
-2.973626
-5.496703
-6.578022
-6.127473
-3.784615
-2.883516
-0.901099
0.540659
2.523077
2.613187
3.604396
2.252747
4.145055
2.432967
4.054945
4.685714
9.551648
12.164835
12.705495
9.912088
7.569231
3.964835
1.712088
-0.540659
-1.712088
-6.037363
-0.270330
1.712088
6.037363
4.054945
5.676923
8.830769
9.731868
8.109890
1.982418
10.903297
8.650549
5.586813
3.964835
0.180220
-1.081319
-5.947253
-8.200000
-9.191209
-5.046154
-2.883516
2.432967
6.848352
10.813187
9.731868
2.613187
7.929670
5.947253
1.712088
0.090110
0.901099
2.162637
0.090110
1.081319
1.171429
4.505495
7.569231
8.109890
6.127473
6.578022
2.252747
3.694505
2.072527
2.793407
1.892308
0.360440
3.063736
4.685714
6.758242
5.226374
4.054945
-5.676923
0.360440
-2.252747
-7.839560
-9.731868
-11.804396
-11.353846
-10.903297
-7.659341
-7.749451
-0.540659
0.360440
3.604396
3.514286
4.865934
2.162637
-0.090110
-4.054945
-3.514286
-7.389011
-7.389011
-11.353846
-7.839560
-8.290110
-5.767033
-4.775824
-1.081319
1.982418
5.046154
-0.991209
3.604396
-0.180220
-3.694505
-7.659341
-7.389011
-9.281319
-6.487912
-6.668132
-3.604396
-0.090110
1.351648
2.973626
9.010989
9.101099
5.947253
1.712088
-1.982418
-8.109890
-6.938462
-7.298901
-3.694505
-3.334066
2.613187
0.810989
6.487912
4.505495
2.072527
0.540659
-0.360440
-5.316484
-6.668132
-6.758242
-6.397802
-5.136264
-2.252747
-2.613187
-1.531868
-3.874725
-0.540659
1.171429
2.342857
1.351648
3.514286
0.540659
0.090110
-2.162637
-1.621978
-2.523077
-2.432967
-3.784615
-0.901099
-1.712088
0.810989
1.802198
2.342857
0.360440
1.171429
-2.072527
-0.180220
-0.991209
1.351648
-1.802198
-0.270330
1.261538
3.153846
3.694505
3.153846
2.883516
2.793407
-1.802198
-3.063736
-4.325275
-1.081319
2.162637
4.685714
6.938462
6.938462
3.964835
3.604396
1.351648
5.947253
-3.604396
6.487912
4.685714
4.956044
3.784615
5.676923
1.621978
-5.406593
-10.542857
-13.967033
-12.254945
-11.353846
-7.929670
-3.514286
-2.252747
1.621978
4.235165
1.982418
2.613187
1.892308
-0.991209
-2.613187
-5.226374
-6.037363
-5.496703
-1.261538
0.180220
2.793407
4.054945
6.037363
7.839560
8.920879
8.109890
9.641758
11.534066
11.714286
12.705495
10.452747
8.380220
6.397802
5.136264
5.316484
6.487912
7.839560
8.380220
6.668132
6.487912
4.865934
2.162637
0.901099
0.090110
-0.901099
-1.982418
-1.982418
-2.342857
-3.334066
-1.261538
-0.720879
-0.991209
-4.505495
-5.316484
-8.200000
-7.118681
-8.650549
-7.118681
-7.569231
-4.325275
-3.604396
-1.351648
-5.406593
-8.920879
-10.903297
-9.551648
-10.182418
-11.443956
-11.984615
-8.200000
-10.182418
-7.659341
-6.668132
-3.063736
-4.685714
-4.145055
-4.145055
-0.270330
1.081319
3.964835
3.243956
3.243956
3.063736
6.397802
3.964835
4.865934
5.316484
5.496703
-0.450549
2.342857
4.145055
5.857143
5.316484
6.397802
1.441758
-1.621978
-4.235165
-5.857143
-9.191209
-9.281319
-11.624176
-11.894505
-10.272527
-5.316484
-4.415385
-4.685714
-7.028571
-3.874725
-2.342857
-4.054945
-6.487912
-6.668132
-6.487912
-4.595604
0.090110
4.054945
5.226374
5.046154
5.947253
6.307692
5.406593
6.127473
4.775824
4.685714
3.243956
6.578022
6.217582
6.578022
5.046154
4.415385
5.316484
6.668132
5.857143
7.208791
9.371429
10.993407
12.615385
13.426374
13.426374
8.920879
6.217582
3.334066
1.712088
1.621978
3.694505
3.784615
6.037363
4.865934
5.676923
6.127473
9.821978
11.443956
13.786813
12.795604
15.679121
14.057143
14.417582
15.589011
14.868132
13.967033
14.237363
11.984615
12.795604
4.505495
3.063736
2.703297
2.342857
1.261538
2.432967
2.162637
3.243956
1.261538
2.973626
0.810989
-0.450549
-0.360440
2.342857
1.171429
5.496703
5.767033
8.470330
11.804396
13.606593
9.912088
7.028571
1.802198
3.604396
2.252747
2.883516
4.235165
7.839560
8.109890
11.534066
12.705495
14.868132
17.210989
19.734066
15.679121
10.452747
8.200000
5.136264
3.964835
0.630769
-4.505495
-7.028571
-7.749451
-9.281319
-11.714286
-10.723077
-13.065934
-12.074725
-11.443956
-9.101099
-11.173626
-21.085714
-16.039560
-18.472527
-25.771429
-18.652747
-18.382418
-22.167033
-18.021978
-15.498901
-10.092308
-11.173626
-9.912088
-11.534066
-12.795604
-13.516484
-12.615385
-15.498901
-14.778022
-15.408791
-13.065934
-11.624176
-7.839560
-9.281319
-6.397802
-8.109890
-9.641758
-10.182418
-10.813187
-12.435165
-8.830769
-7.389011
-2.523077
-1.531868
2.162637
3.694505
1.081319
0.991209
1.441758
-2.252747
-2.793407
-5.406593
-5.676923
-3.243956
-3.424176
-5.767033
-4.685714
-6.217582
-6.758242
-8.019780
-8.470330
-8.019780
-6.127473
-3.964835
-2.703297
-6.938462
-5.947253
-7.389011
-5.676923
-5.857143
-4.595604
-5.406593
-5.136264
-0.360440
1.531868
3.694505
5.136264
3.604396
2.162637
-1.892308
-0.991209
0.180220
0.540659
-1.621978
4.325275
4.235165
2.703297
6.127473
7.839560
8.920879
3.694505
0.000000
-1.351648
-1.261538
-2.252747
0.000000
-1.351648
0.630769
-7.749451
4.235165
3.243956
6.578022
8.560440
5.947253
-0.540659
-1.712088
-5.947253
-1.351648
0.000000
1.712088
2.883516
4.595604
2.973626
5.496703
7.749451
10.542857
8.290110
7.479121
5.496703
5.226374
2.703297
4.775824
4.145055
5.496703
5.857143
6.578022
7.749451
9.010989
7.839560
10.723077
11.624176
13.786813
12.435165
8.290110
5.857143
5.496703
1.171429
-3.424176
0.090110
6.217582
6.037363
7.298901
6.127473
5.316484
4.505495
5.226374
0.000000
-1.621978
-6.487912
-9.461538
-14.507692
-11.624176
-11.443956
-11.894505
-13.246154
-13.876923
-13.876923
-11.894505
-10.813187
-10.362637
-13.426374
-13.156044
-13.516484
-11.894505
-10.182418
-8.380220
-7.569231
-4.775824
-3.334066
-2.252747
-3.604396
-0.540659
0.540659
0.180220
-4.865934
-7.028571
-6.397802
-5.586813
-4.145055
-4.145055
-3.334066
2.252747
7.659341
13.065934
16.670330
17.481319
15.949451
13.786813
11.263736
10.723077
11.173626
10.723077
12.254945
13.246154
13.246154
9.191209
10.993407
9.461538
11.714286
13.065934
13.606593
13.606593
14.147253
13.606593
14.687912
12.164835
10.002198
5.406593
4.956044
5.857143
9.010989
7.659341
8.650549
6.758242
10.002198
6.848352
8.560440
6.307692
6.397802
5.046154
4.775824
4.685714
9.281319
7.839560
10.542857
8.109890
9.731868
5.947253
7.389011
9.010989
10.632967
9.191209
8.290110
5.857143
5.586813
3.514286
2.252747
-1.531868
-2.883516
-1.171429
2.523077
4.054945
8.740659
7.298901
8.830769
8.019780
9.641758
6.397802
7.208791
2.703297
6.487912
4.235165
5.406593
4.054945
6.668132
8.019780
6.578022
5.586813
11.714286
14.237363
21.265934
19.914286
19.193407
14.868132
15.589011
12.705495
9.731868
7.749451
2.703297
-0.810989
-0.630769
-2.072527
-1.351648
-3.334066
1.712088
3.243956
7.028571
8.380220
9.191209
5.226374
2.883516
0.540659
2.523077
3.063736
2.523077
0.180220
1.351648
-1.261538
1.351648
1.621978
2.883516
0.901099
3.243956
0.000000
-1.351648
-2.883516
-7.569231
-7.208791
-2.613187
0.000000
0.090110
-1.081319
0.090110
0.180220
1.441758
1.802198
4.325275
0.991209
-1.261538
-4.325275
-6.217582
-9.641758
-7.479121
-7.298901
-3.784615
-2.883516
2.793407
6.217582
8.740659
10.272527
11.263736
9.731868
10.813187
9.010989
8.290110
4.505495
5.676923
3.514286
2.973626
1.261538
1.351648
1.531868
-0.540659
-2.523077
-2.613187
-2.613187
-2.523077
-1.081319
-0.630769
-0.810989
-1.802198
-2.613187
-5.767033
-5.767033
-7.839560
-8.019780
-8.200000
-5.406593
-8.200000
-10.182418
-6.668132
-5.586813
-6.217582
-8.560440
-10.362637
-10.542857
-12.615385
-10.813187
-11.173626
-6.487912
-3.063736
-4.145055
-3.063736
-2.523077
-6.127473
-7.118681
-8.200000
-11.624176
-12.795604
-9.371429
-10.903297
-8.200000
-8.650549
-8.740659
-11.173626
-9.731868
-10.182418
-7.569231
-5.947253
-3.514286
-6.487912
-5.676923
-5.676923
-5.857143
-4.054945
-0.540659
0.090110
7.208791
9.281319
10.723077
9.641758
10.993407
9.191209
9.010989
3.874725
3.153846
-0.270330
-0.090110
-1.712088
0.720879
0.810989
0.810989
-1.621978
-2.973626
-3.694505
-3.063736
-5.676923
-3.964835
-7.389011
-7.298901
-7.208791
-3.153846
-3.243956
-0.450549
-2.342857
-3.063736
-4.956044
-4.505495
-6.758242
-6.758242
-6.758242
-1.621978
-3.604396
-1.531868
-1.351648
-0.810989
-3.874725
-1.261538
-0.991209
0.270330
-0.360440
-1.531868
-4.595604
-3.964835
-3.334066
-2.523077
-2.342857
-2.523077
-3.514286
-1.081319
-5.226374
-7.028571
-8.290110
-5.947253
-5.947253
-4.505495
-4.505495
-3.604396
-3.063736
-1.982418
-7.118681
-7.208791
-8.650549
-7.208791
-6.037363
-2.162637
-2.883516
-1.892308
-4.775824
-2.703297
-5.316484
-5.586813
-8.830769
-9.101099
-7.749451
-6.668132
-9.010989
-6.307692
-3.604396
0.360440
-1.171429
-1.351648
-4.325275
-1.621978
-2.613187
-2.072527
-1.802198
0.540659
2.342857
3.784615
2.613187
4.054945
5.226374
11.083516
9.821978
9.281319
6.397802
9.191209
10.002198
14.147253
15.408791
17.481319
17.661538
17.301099
14.057143
14.237363
11.804396
11.443956
9.371429
11.173626
11.353846
12.074725
13.336264
16.219780
16.039560
15.859341
13.156044
13.156044
9.641758
5.857143
7.569231
9.010989
6.127473
5.316484
1.081319
0.090110
0.270330
1.351648
2.793407
4.235165
4.054945
4.054945
-0.991209
-0.540659
-3.063736
-1.802198
-2.432967
-2.703297
-4.235165
-3.874725
-2.523077
3.243956
5.136264
10.002198
2.523077
11.083516
6.307692
1.531868
-2.072527
-2.432967
-3.243956
