8.727961
8.727961
3.474237
3.558974
3.897924
4.236874
0.169475
-3.474237
-9.236386
-9.575336
-9.490598
-3.474237
-3.050549
0.338950
-2.457387
-4.914774
-11.609035
-11.524298
-12.541148
-5.423199
-4.067399
-1.101587
-5.168987
-3.474237
-6.440049
-3.304762
-4.491087
-2.796337
4.152137
12.202198
8.219536
15.422222
12.541148
14.151160
10.592186
12.541148
6.524786
11.524298
7.033211
11.270085
6.863736
9.405861
2.203175
4.660562
0.338950
1.186325
-1.440537
-1.101587
-3.558974
-3.558974
-11.609035
-8.812698
-10.168498
-3.728449
0.254212
7.965324
8.389011
13.896947
12.541148
15.591697
12.032723
12.541148
8.389011
7.880586
3.220024
3.050549
-1.016850
0.423687
-3.643712
0.593162
-3.474237
-2.796337
-2.881074
2.287912
4.830037
7.372161
3.558974
3.643712
2.203175
1.101587
0.254212
0.169475
1.016850
0.932112
3.558974
3.643712
1.101587
-3.982662
-3.220024
-12.541148
-2.542125
-2.287912
2.711600
1.101587
3.304762
1.440537
6.609524
0.932112
2.033700
-2.372650
-1.271062
-5.338462
-3.135287
-7.711111
-6.016361
-10.253236
-6.185836
-10.761661
-6.101099
-8.897436
-8.982173
-13.134310
-12.286935
-17.286447
-15.337485
-21.014896
-20.506471
-25.082295
-21.269109
-25.082295
-20.930159
-22.709646
-19.828571
-24.234921
-19.659096
-22.540171
-15.422222
-15.591697
-9.236386
-10.846398
-2.457387
-3.643712
3.558974
0.847375
6.270574
4.236874
9.236386
5.592674
5.762149
1.525275
0.254212
-6.440049
-6.185836
-4.575824
-0.254212
-8.389011
0.762637
-7.287424
-5.677411
-9.490598
-4.236874
-6.355311
-0.593162
-4.745299
-2.203175
-7.117949
-4.999512
-4.745299
3.813187
4.321612
13.981685
10.931136
14.066422
13.473260
19.913309
19.913309
24.150183
21.353846
24.658608
17.540659
20.421734
15.422222
19.065934
15.845910
20.506471
18.557509
24.658608
20.336996
22.540171
15.252747
15.083272
8.897436
7.795849
0.677900
6.609524
6.185836
12.202198
10.507448
14.829060
12.541148
10.761661
6.863736
9.914286
7.456899
9.490598
7.372161
9.066911
7.117949
8.389011
3.897924
2.457387
-0.677900
-0.338950
-1.779487
-0.254212
-3.389499
-2.881074
-6.524786
-5.084249
-4.914774
-5.931624
-3.220024
-3.135287
0.169475
-0.677900
-0.847375
0.847375
1.525275
1.694750
4.745299
4.575824
5.168987
2.626862
1.694750
-0.762637
-5.762149
-5.338462
-3.558974
-1.440537
-1.864225
-2.287912
0.000000
0.762637
1.779487
2.457387
4.067399
4.745299
6.016361
3.728449
6.270574
3.643712
0.847375
-4.236874
-4.660562
-7.033211
-5.592674
-8.219536
-7.117949
-10.507448
-9.660073
-12.371673
-9.829548
-13.049573
-10.168498
-11.524298
-11.015873
-14.744322
-10.083761
-10.253236
-6.778999
-10.083761
-6.948474
-9.575336
-7.795849
-7.033211
-4.067399
-6.778999
-6.185836
-6.948474
-1.271062
-3.474237
0.593162
1.694750
7.626374
6.185836
8.558486
7.795849
10.761661
5.592674
8.897436
5.507937
7.626374
5.677411
10.168498
6.948474
10.168498
7.965324
11.185348
8.219536
11.693773
8.982173
13.896947
9.405861
13.303785
9.151648
11.185348
6.185836
9.575336
3.897924
6.609524
-1.779487
-0.677900
-6.524786
-2.965812
-8.812698
-1.440537
-3.813187
0.338950
-2.287912
0.762637
-5.338462
-1.779487
-7.117949
-2.711600
-5.168987
-2.796337
-6.101099
-4.321612
-11.185348
-7.033211
-7.541636
-0.254212
-4.152137
-4.660562
-11.778510
-4.745299
-8.134799
-1.864225
-1.355800
5.592674
3.050549
4.660562
-0.338950
0.000000
-4.999512
-0.932112
-2.711600
1.779487
-2.372650
-3.050549
-9.405861
-7.456899
-6.270574
1.355800
2.881074
13.134310
11.524298
14.490110
11.354823
10.931136
10.168498
13.388523
2.542125
14.913797
10.592186
11.947985
8.812698
13.896947
8.389011
15.676435
13.134310
13.557998
9.829548
11.609035
8.558486
11.524298
11.015873
14.574847
12.286935
11.270085
4.321612
5.762149
3.982662
5.084249
2.711600
5.762149
2.542125
0.508425
-6.948474
-9.829548
-16.439072
-13.557998
-15.930647
-13.642735
-19.659096
-18.896459
-24.573871
-23.133333
-24.912821
-23.472283
-20.845421
-17.201709
-16.862759
-16.778022
-18.388034
-16.269597
-12.541148
-9.066911
-8.050061
-9.999023
-9.575336
-10.507448
-14.151160
-14.744322
-15.845910
-14.405372
-14.913797
-15.930647
-19.659096
-21.099634
-20.930159
-14.659585
-10.083761
-6.863736
-3.220024
-1.948962
-3.813187
-4.999512
-5.846886
-5.084249
-1.779487
-1.779487
-0.169475
0.762637
1.440537
-0.084737
1.271062
0.423687
-1.186325
-2.626862
-3.304762
-2.372650
-3.897924
-4.406349
-5.507937
-6.270574
-0.847375
3.897924
9.236386
9.914286
10.931136
8.643223
6.778999
3.558974
3.220024
1.271062
4.830037
5.507937
3.728449
0.932112
-0.254212
-5.507937
-10.083761
-11.015873
-11.185348
-11.693773
-7.541636
-7.541636
-7.541636
-12.371673
-13.896947
-16.100122
-15.845910
-17.710134
-16.184860
-18.811722
-18.981197
-20.845421
-18.726984
-23.133333
-23.302808
-25.082295
-22.540171
-24.573871
-18.981197
-20.167521
-17.964347
-17.540659
-16.269597
-19.743834
-17.116972
-16.608547
-15.676435
-16.862759
-15.422222
-14.659585
-12.880098
-11.947985
-13.049573
-17.201709
-17.540659
-18.896459
-13.727473
-11.354823
-11.609035
-15.591697
-15.930647
-14.913797
-10.507448
-9.066911
-4.152137
-1.694750
5.338462
7.711111
10.507448
11.439560
10.931136
10.168498
11.524298
9.914286
8.727961
7.880586
6.863736
3.728449
1.186325
-2.457387
-5.338462
-8.219536
-8.219536
-10.761661
-9.999023
-6.524786
-3.643712
-3.813187
-8.727961
-9.236386
-8.982173
-6.609524
-2.457387
0.000000
0.847375
4.067399
-0.338950
2.711600
4.575824
7.541636
5.592674
7.541636
4.236874
6.863736
4.830037
7.541636
6.016361
9.575336
7.117949
7.880586
8.473748
11.693773
8.897436
10.422711
8.389011
15.506960
12.541148
18.726984
20.506471
26.099145
24.573871
27.539683
24.997558
30.251282
28.048107
31.607082
28.895482
31.183394
26.522833
26.268620
18.133822
17.625397
13.303785
13.981685
8.643223
11.609035
10.592186
14.744322
14.744322
19.404884
16.862759
23.302808
19.235409
22.285958
18.133822
21.099634
13.981685
14.151160
11.439560
12.964835
10.931136
14.998535
12.541148
15.930647
14.320635
20.336996
18.049084
21.523321
18.388034
21.862271
17.794872
17.032234
10.422711
12.880098
6.101099
7.287424
0.084737
3.474237
-3.643712
-1.101587
-10.168498
-1.355800
-7.880586
-6.185836
-8.219536
-2.796337
-5.084249
1.610012
2.203175
12.032723
14.066422
19.998046
17.455922
21.608059
18.642247
23.302808
21.692796
24.319658
22.201221
23.895971
19.574359
20.252259
17.540659
18.811722
14.744322
13.981685
10.507448
10.676923
8.897436
9.236386
7.202686
8.134799
3.389499
0.762637
-3.220024
-1.694750
-3.135287
-4.575824
-6.524786
-8.134799
-9.236386
-10.422711
-12.710623
-14.405372
-19.235409
-22.455433
-28.048107
-28.387057
-30.166545
-27.454945
-26.692308
-24.234921
-22.031746
-21.947009
-21.523321
-23.895971
-21.353846
-19.235409
-11.524298
-11.354823
-12.456410
-17.625397
-16.778022
-20.167521
-14.320635
-13.049573
-6.101099
-3.982662
2.457387
-2.372650
-2.203175
-5.253724
-1.440537
-1.525275
4.745299
4.491087
9.999023
8.558486
10.761661
5.507937
6.778999
4.236874
14.066422
14.490110
18.557509
15.506960
18.049084
11.609035
14.659585
9.999023
16.015385
15.168010
18.472772
14.829060
16.015385
9.744811
9.490598
4.321612
5.338462
0.508425
5.507937
2.965812
4.914774
-0.423687
0.084737
-3.982662
-1.948962
-6.355311
-2.965812
-8.134799
-4.152137
-4.830037
0.084737
1.779487
5.931624
5.677411
9.405861
10.931136
13.557998
11.270085
11.015873
6.863736
9.236386
8.727961
8.473748
6.778999
7.456899
3.474237
0.762637
1.864225
3.389499
6.524786
7.372161
7.033211
4.491087
-0.084737
-3.050549
-3.813187
-1.779487
-1.355800
-2.881074
-2.033700
-2.881074
-3.897924
-8.134799
-8.897436
-8.812698
-7.965324
-6.609524
-3.304762
-1.779487
2.372650
1.355800
1.864225
0.000000
0.000000
-2.372650
0.000000
-2.796337
-1.864225
-6.440049
-3.135287
-3.474237
-2.626862
-1.948962
2.203175
-0.084737
6.185836
3.474237
7.287424
5.762149
7.711111
1.440537
-1.864225
-13.388523
-4.745299
-6.440049
-4.491087
-5.168987
-0.169475
-1.779487
0.762637
-2.796337
-0.932112
-2.881074
-2.033700
-3.897924
-1.610012
-1.355800
5.084249
7.880586
11.185348
11.609035
14.320635
14.066422
13.473260
11.947985
13.896947
13.049573
14.829060
12.456410
12.456410
9.490598
9.490598
4.067399
3.897924
2.542125
2.203175
-2.033700
-4.067399
-7.033211
-6.694261
-12.625885
-13.219048
-19.065934
-17.625397
-23.048596
-20.760684
-22.963858
-22.201221
-27.200733
-26.692308
-32.623932
-30.505495
-30.251282
-26.777045
-28.217582
-23.980708
-27.793895
-24.234921
-27.454945
-25.844933
-31.098657
-32.200244
-35.250794
-38.809768
-37.453968
-31.691819
-30.590232
-26.777045
-28.048107
-24.234921
-27.539683
-23.557021
-24.404396
-18.303297
-20.421734
-18.472772
-22.031746
-16.184860
-16.862759
-7.456899
-6.101099
4.067399
4.321612
9.405861
3.304762
7.626374
3.813187
7.456899
4.152137
7.117949
0.084737
-0.084737
-3.135287
0.847375
-2.033700
4.745299
4.491087
8.897436
3.897924
1.525275
-6.609524
-2.796337
-4.999512
-0.169475
-0.677900
-0.338950
-3.135287
-1.440537
-3.897924
-4.236874
-6.524786
-5.084249
-6.355311
-8.304274
-10.761661
-12.371673
-14.405372
-11.778510
-12.964835
-12.371673
-14.574847
-13.896947
-16.523810
-16.523810
-18.642247
-16.269597
-14.659585
-12.880098
-7.965324
-4.660562
-1.948962
-2.118437
-5.253724
-5.592674
-4.321612
-3.643712
-2.287912
-3.982662
-3.643712
-6.440049
-5.846886
-5.423199
-6.185836
-9.744811
-8.219536
-12.371673
-14.066422
-19.320147
-19.235409
-21.692796
-18.642247
-20.082784
-16.947497
-18.896459
-16.184860
-19.489621
-15.930647
-16.269597
-11.185348
-13.473260
-12.032723
-18.981197
-16.947497
-17.455922
-10.083761
-12.117460
-5.931624
-11.015873
-9.575336
-13.981685
-10.422711
-14.405372
-8.473748
-9.575336
-1.271062
-2.626862
3.643712
4.745299
11.609035
8.558486
12.795360
9.236386
15.083272
9.829548
12.880098
7.711111
14.490110
12.880098
16.184860
12.117460
13.303785
8.050061
2.542125
3.728449
5.762149
2.626862
5.253724
2.626862
6.016361
1.694750
2.033700
-3.558974
-0.169475
-2.711600
2.711600
3.220024
5.592674
2.203175
4.152137
-0.677900
-4.575824
-6.609524
-3.304762
-2.372650
-0.254212
0.677900
3.050549
5.253724
4.830037
6.609524
7.372161
4.914774
6.524786
4.321612
4.406349
0.762637
1.271062
0.677900
3.389499
3.220024
5.846886
8.897436
13.812210
16.354335
19.743834
19.489621
22.201221
20.336996
19.065934
18.557509
21.099634
21.438584
20.591209
19.404884
17.794872
15.422222
10.761661
11.693773
12.710623
12.625885
13.727473
13.473260
11.439560
13.049573
13.134310
17.371184
18.557509
18.472772
14.490110
14.913797
13.049573
14.998535
15.761172
18.303297
17.540659
16.947497
16.862759
16.523810
16.608547
17.286447
17.540659
19.743834
20.336996
17.710134
14.913797
10.931136
13.049573
12.964835
10.337973
10.592186
11.185348
13.049573
12.964835
16.439072
17.540659
22.285958
21.523321
25.590720
22.794383
22.709646
22.031746
21.353846
18.642247
21.692796
17.879609
17.625397
13.727473
13.219048
10.676923
10.846398
7.287424
9.744811
6.016361
7.202686
3.728449
4.321612
0.423687
1.271062
1.016850
3.728449
2.203175
6.270574
2.457387
4.321612
2.118437
3.982662
1.016850
2.457387
-2.372650
2.965812
2.203175
3.982662
2.033700
5.338462
1.864225
4.914774
0.677900
3.474237
1.779487
5.507937
3.558974
5.084249
3.389499
6.440049
3.304762
5.592674
-0.508425
-1.440537
-7.287424
-5.931624
-9.660073
-5.846886
-10.422711
-6.778999
-7.795849
-5.338462
-9.999023
-7.456899
-11.947985
-7.117949
-10.168498
-2.965812
-4.575824
2.287912
1.610012
7.202686
2.287912
6.778999
3.474237
3.813187
1.186325
2.118437
-4.575824
-2.881074
-9.151648
-6.524786
-9.914286
-5.762149
-8.558486
-5.592674
-9.999023
-8.643223
-13.727473
-13.303785
-18.133822
-15.252747
-20.082784
-20.082784
-27.031258
-24.404396
-25.505983
-20.506471
-21.523321
-19.404884
-20.591209
-15.168010
-15.506960
-7.626374
-8.389011
-2.203175
-7.117949
-6.185836
-8.050061
-5.592674
-7.117949
0.423687
3.813187
13.219048
12.286935
14.405372
11.185348
11.100611
7.795849
10.761661
7.202686
11.947985
6.440049
8.727961
5.931624
5.762149
2.033700
3.643712
1.186325
1.016850
-4.067399
-6.355311
-11.863248
-10.846398
-15.337485
-15.422222
-23.048596
-21.692796
-25.421245
-21.523321
-23.472283
-16.184860
-15.591697
-13.473260
-14.829060
-16.100122
-21.523321
-16.439072
-17.032234
-10.676923
-13.303785
-11.947985
-18.218559
-18.811722
-22.285958
-20.421734
-19.065934
-10.253236
-7.372161
-8.727961
-16.608547
-15.591697
-17.710134
-8.727961
-4.575824
5.507937
8.134799
9.066911
1.271062
1.271062
0.000000
8.389011
12.625885
18.981197
14.066422
10.422711
-0.338950
-1.779487
-4.660562
2.287912
5.677411
8.982173
-1.610012
-7.626374
-16.439072
-12.710623
-12.371673
1.355800
3.558974
2.203175
-8.304274
-9.575336
-11.609035
-9.999023
-8.897436
-0.423687
-1.355800
-8.389011
-17.964347
-22.624908
-23.472283
-20.506471
-18.472772
-12.371673
-14.574847
-18.049084
-21.777534
-19.828571
-15.845910
-7.795849
2.711600
9.829548
11.354823
14.151160
17.625397
23.641758
29.827595
34.742369
40.080830
41.945055
40.758730
39.402930
38.216606
34.318681
33.979731
32.284982
32.793407
27.624420
24.150183
20.845421
20.675946
19.235409
20.252259
17.964347
16.439072
7.287424
2.287912
-4.406349
-7.711111
-9.744811
-8.643223
-11.015873
-13.473260
-17.540659
-20.591209
-22.624908
-22.540171
-21.184371
-18.726984
-18.388034
-19.913309
-21.523321
-25.844933
-26.438095
-28.132845
-26.777045
-25.505983
-23.048596
-23.726496
-25.760195
-25.844933
-25.760195
-26.183883
-23.133333
-16.862759
-13.727473
-10.761661
-11.270085
-12.541148
-12.625885
-13.642735
-10.846398
-9.575336
-8.473748
-9.321123
-10.083761
-14.066422
-14.066422
-13.557998
-12.795360
-11.693773
-4.914774
-3.135287
-1.355800
-2.881074
0.847375
3.304762
9.575336
9.405861
11.185348
9.914286
10.676923
9.321123
10.083761
6.101099
11.015873
11.609035
16.523810
15.337485
17.794872
17.201709
21.608059
19.913309
26.099145
24.658608
25.760195
23.895971
26.353358
23.302808
26.014408
18.811722
23.472283
22.116484
27.370208
24.150183
25.590720
21.692796
22.285958
17.625397
21.269109
15.506960
19.235409
15.845910
20.252259
15.083272
20.167521
18.811722
21.862271
20.930159
26.692308
25.251770
31.183394
30.590232
34.911844
31.776557
33.132357
27.793895
32.369719
28.302320
29.827595
26.183883
27.793895
24.319658
25.167033
21.523321
23.895971
21.014896
23.218071
18.726984
17.964347
11.863248
9.914286
3.474237
1.525275
-4.406349
-4.575824
-12.795360
-14.235897
-20.252259
-21.438584
-28.980220
-27.878632
-28.471795
-26.268620
-30.505495
-26.777045
-29.234432
-27.709158
-28.895482
-27.624420
-30.844444
-27.624420
-29.319170
-26.861783
-30.759707
-31.776557
-34.318681
-32.623932
-35.081319
-35.843956
-38.216606
-29.573382
-28.387057
-25.760195
-25.760195
-23.302808
-25.505983
-25.760195
-27.285470
-26.607570
-30.081807
-28.302320
-27.963370
-25.167033
-23.557021
-17.964347
-15.083272
-10.168498
-8.727961
-8.897436
-8.050061
-8.473748
-7.965324
-3.982662
-3.474237
-4.321612
-3.558974
-3.135287
-0.762637
3.474237
4.321612
7.626374
6.270574
5.253724
3.220024
-0.593162
3.050549
3.389499
1.101587
-0.932112
-3.813187
-3.813187
-3.558974
-0.169475
3.474237
6.016361
2.711600
1.016850
-2.457387
-3.897924
-3.135287
-2.372650
-3.728449
-7.287424
-6.778999
-5.846886
-1.440537
1.186325
5.338462
6.778999
7.117949
7.711111
12.880098
14.659585
19.489621
21.608059
27.031258
24.997558
27.878632
24.404396
26.946520
23.895971
26.522833
27.454945
30.166545
26.522833
25.590720
17.625397
19.404884
16.439072
18.981197
17.455922
21.777534
17.964347
20.167521
12.964835
16.439072
12.880098
15.168010
11.778510
14.829060
6.948474
6.440049
-2.881074
-1.016850
-4.745299
-1.948962
-7.880586
-7.372161
-13.049573
-10.168498
-12.710623
-8.643223
-8.727961
-4.152137
-6.863736
-2.542125
-6.101099
-4.745299
-7.287424
-2.542125
-3.643712
1.186325
-2.965812
2.118437
-4.660562
-1.186325
-5.084249
-2.542125
-7.033211
-3.474237
-5.084249
-1.694750
-7.711111
-5.168987
-5.931624
-1.271062
-10.592186
-0.169475
-3.389499
-2.203175
-4.575824
-0.593162
-4.745299
-3.474237
-6.694261
-4.575824
-5.507937
-3.728449
-5.253724
-5.931624
-8.643223
-7.711111
-10.507448
-11.693773
-9.321123
-8.643223
-11.354823
-15.168010
-16.439072
-15.422222
-15.676435
-11.863248
-9.829548
-11.270085
-9.660073
-12.710623
-12.371673
-14.574847
-11.947985
-16.015385
-15.168010
-18.726984
-19.404884
-19.065934
-16.269597
-20.252259
-14.574847
-14.151160
-10.931136
-9.575336
-5.168987
-10.676923
-1.610012
-0.932112
-2.626862
1.101587
2.965812
-0.423687
0.084737
-6.778999
-5.592674
-9.321123
-8.050061
-11.693773
-6.948474
-7.117949
-0.847375
-1.525275
3.897924
1.271062
4.660562
1.610012
3.474237
1.440537
6.185836
1.440537
5.762149
2.372650
3.982662
0.847375
2.965812
0.762637
2.457387
3.304762
8.558486
8.558486
14.320635
11.609035
18.981197
17.032234
21.099634
21.184371
25.336508
20.252259
21.862271
16.354335
19.150672
13.134310
16.523810
13.812210
19.574359
19.743834
25.844933
24.234921
29.742857
29.912332
31.522344
26.522833
28.556532
22.201221
24.828083
21.692796
22.370696
16.862759
20.591209
15.422222
14.998535
11.693773
16.778022
12.371673
12.710623
5.338462
3.135287
-2.626862
-0.677900
-4.067399
-1.525275
-4.575824
-0.677900
-4.999512
-2.203175
-7.880586
-5.592674
-7.287424
-5.507937
-11.185348
-7.795849
-11.354823
-7.372161
-11.185348
-7.795849
-12.456410
-11.270085
-14.151160
-7.541636
-11.015873
-7.202686
-10.761661
-7.287424
-11.185348
-7.033211
-9.236386
-6.863736
-11.185348
-7.965324
-13.049573
-8.982173
-10.592186
-5.762149
-9.321123
-6.609524
-8.473748
-3.643712
-5.592674
0.338950
-1.355800
1.864225
-2.033700
-1.525275
-4.745299
-0.762637
-5.931624
-1.694750
-4.830037
3.643712
-1.440537
-0.762637
-5.846886
-1.525275
-3.643712
-3.558974
-7.287424
-4.491087
-11.270085
-10.083761
-11.100611
-4.406349
-2.033700
0.847375
-5.846886
-6.948474
-13.557998
-11.947985
-13.896947
-8.219536
-8.473748
-7.795849
-11.947985
-14.405372
-17.540659
-13.642735
-13.473260
-9.829548
-9.321123
-9.914286
-10.676923
-10.676923
-8.643223
-3.728449
2.626862
6.440049
7.202686
4.914774
2.626862
3.220024
7.117949
9.066911
12.117460
11.947985
9.999023
8.558486
12.286935
13.473260
17.455922
19.320147
21.099634
16.015385
15.506960
10.337973
13.049573
12.541148
16.778022
13.473260
12.795360
7.626374
8.473748
7.202686
14.405372
13.219048
16.100122
8.812698
7.287424
3.220024
7.287424
7.372161
15.337485
14.490110
17.455922
12.117460
16.862759
12.710623
15.761172
9.999023
12.202198
8.558486
9.575336
2.626862
2.965812
-2.965812
-0.169475
-3.728449
2.457387
-3.050549
-3.728449
-9.575336
-8.473748
-14.066422
-11.270085
-14.744322
-10.507448
-12.541148
-8.473748
-11.778510
-10.337973
-16.269597
-12.880098
-16.184860
-13.981685
-16.862759
-14.320635
-18.049084
-15.252747
-20.167521
-18.472772
-24.150183
-17.964347
-22.540171
-18.218559
-23.302808
-23.641758
-29.403907
-22.370696
-26.607570
-19.574359
-22.031746
-18.726984
-21.523321
-21.523321
-23.472283
-18.811722
-20.845421
-14.405372
-14.320635
-7.541636
-11.100611
-7.626374
-9.066911
-5.507937
-8.558486
-1.864225
-2.796337
1.864225
-1.610012
-0.762637
-5.423199
-1.186325
-3.558974
1.101587
-0.084737
4.152137
2.287912
2.965812
-0.423687
4.321612
0.000000
4.321612
1.779487
4.575824
1.694750
-0.677900
-5.338462
-3.643712
-5.084249
-3.982662
-7.626374
-4.660562
-8.219536
-5.084249
-10.507448
-6.778999
-6.609524
-0.254212
0.762637
2.711600
-0.423687
-1.440537
-2.372650
-0.254212
-3.474237
-1.525275
-0.338950
-0.423687
-3.643712
-2.203175
-4.575824
-3.982662
-5.846886
-4.491087
-3.982662
-4.830037
-5.423199
-8.219536
-10.083761
-13.134310
-11.524298
-12.964835
-11.947985
-12.117460
-9.490598
-8.727961
-4.830037
-9.660073
-9.236386
-11.439560
-8.558486
-7.456899
-3.982662
-5.168987
-2.287912
-5.253724
-3.897924
-8.304274
-6.440049
-9.066911
-8.304274
-12.371673
-8.050061
-10.931136
-8.473748
-9.914286
-4.321612
-5.338462
1.016850
0.762637
6.524786
5.762149
10.507448
9.321123
13.134310
12.117460
17.201709
14.490110
17.879609
13.727473
17.201709
13.896947
17.371184
14.405372
17.794872
13.134310
17.032234
15.761172
19.743834
16.778022
19.489621
16.354335
22.624908
20.930159
27.454945
26.861783
32.878144
30.759707
32.369719
27.624420
29.997070
25.336508
26.522833
22.116484
24.912821
19.150672
20.336996
17.540659
17.879609
10.337973
8.812698
1.271062
-2.203175
