3.752381
4.714530
4.714530
4.906960
5.291819
3.752381
2.501587
1.347009
0.096215
-1.154579
-1.443223
-3.175092
-4.233455
-4.906960
-7.119902
-6.927473
-8.274481
-8.370696
-6.253968
-6.157753
-8.178266
-6.927473
-7.312332
-5.099389
-4.522100
-5.484249
-6.350183
-6.157753
-7.119902
-6.542613
-5.676679
-4.329670
-4.810745
-4.714530
-3.944811
-2.116728
0.769719
2.886447
3.175092
0.865934
-0.673504
-2.405372
-3.463736
-2.694017
-2.597802
-2.405372
-1.924298
-1.443223
-3.656166
-4.137241
-7.793407
-8.947985
-8.466911
-7.023687
-6.061538
-2.886447
-0.962149
-0.481074
-2.694017
-5.580464
-8.466911
-9.140415
-10.294994
-10.776068
-7.985836
-4.522100
-1.539438
-0.096215
1.828083
3.944811
2.405372
0.865934
0.192430
-2.790232
-3.559951
-4.906960
-4.906960
-4.233455
-0.481074
0.288645
5.003175
6.253968
5.965324
6.638828
7.408547
9.140415
10.102564
7.889621
7.600977
8.370696
8.178266
9.621490
9.717705
11.064713
11.353358
10.583639
8.851770
6.927473
2.501587
1.443223
0.384860
0.000000
-0.384860
3.367521
8.370696
11.257143
12.411722
14.720879
12.507937
10.102564
5.965324
5.195604
4.329670
3.944811
5.003175
5.195604
5.484249
7.312332
9.044200
8.563126
7.697192
6.735043
3.848596
0.481074
-0.962149
-0.384860
-0.384860
3.944811
6.735043
6.542613
4.714530
0.288645
-2.501587
-4.041026
-5.580464
-8.659341
-10.487424
-10.776068
-12.892796
-14.432234
-15.490598
-15.009524
-13.566300
-9.525275
-8.178266
-6.253968
-4.233455
-5.003175
-5.003175
-1.347009
3.175092
9.717705
14.624664
16.452747
16.741392
17.895971
16.645177
12.315507
6.253968
-0.673504
-3.752381
-4.329670
-2.982662
-2.501587
-2.790232
-2.597802
0.769719
4.137241
8.082051
11.353358
14.528449
17.607326
20.108913
22.899145
27.902320
27.228816
23.091575
15.683028
6.735043
-1.731868
-9.332845
-11.064713
-5.580464
-1.058364
3.078877
4.233455
4.233455
6.253968
8.851770
9.044200
14.528449
18.473260
17.511111
15.394383
17.318681
16.741392
17.318681
18.280830
19.724054
22.321856
19.916484
17.318681
17.222466
19.339194
19.820269
20.782418
14.913309
5.003175
-3.463736
-8.082051
-10.294994
-10.006349
-8.563126
-7.600977
-9.910134
-13.085226
-15.683028
-15.105739
-12.026862
-6.927473
-6.061538
-8.851770
-11.449573
-14.047375
-15.009524
-12.411722
-8.947985
-3.175092
0.000000
0.962149
-2.982662
-6.927473
-9.332845
-8.659341
-3.944811
-2.886447
-5.388034
-13.085226
-22.225641
-28.479609
-29.537973
-28.383394
-24.246154
-17.992186
-14.817094
-17.703541
-23.861294
-27.613675
-29.153114
-26.074237
-18.473260
-14.239805
-12.604151
-15.779243
-19.339194
-20.878632
-18.569475
-13.951160
-5.099389
-4.618315
0.096215
-4.522100
-10.872283
-14.047375
-10.968498
-5.484249
-2.501587
-3.656166
-4.522100
-7.408547
-7.600977
-6.061538
-4.041026
2.116728
4.137241
2.116728
-2.694017
-7.985836
-7.985836
-3.656166
5.291819
16.164103
23.380220
25.785592
21.552137
15.009524
9.044200
5.772894
6.157753
12.026862
13.758730
14.336020
10.583639
8.274481
5.772894
4.137241
4.810745
4.906960
5.388034
0.865934
-4.233455
-9.525275
-12.123077
-10.776068
-9.813919
-7.793407
-6.061538
-7.889621
-8.082051
-11.642002
-9.621490
-9.813919
-13.951160
-14.817094
-15.875458
-16.837607
-16.548962
-13.758730
-12.026862
-6.831258
-1.635653
2.982662
5.869109
5.965324
4.810745
5.003175
3.367521
2.501587
-0.288645
-1.924298
-4.618315
-5.869109
-3.848596
-2.309158
0.481074
1.635653
1.443223
-0.481074
0.096215
2.020513
2.405372
2.405372
-0.865934
0.096215
1.347009
5.003175
5.676679
6.253968
6.542613
9.813919
11.257143
15.009524
15.201954
16.548962
13.373871
12.604151
11.738217
14.720879
17.222466
21.167277
22.321856
21.648352
19.050549
14.528449
11.545788
10.102564
9.813919
9.236630
9.621490
5.869109
1.828083
-1.539438
-0.962149
1.828083
4.233455
6.927473
4.714530
4.714530
6.157753
6.927473
8.082051
9.044200
8.851770
8.755556
7.023687
0.481074
2.597802
2.020513
0.577289
7.793407
7.216117
3.752381
1.058364
0.000000
-9.621490
-0.865934
-1.539438
0.000000
-4.137241
-3.367521
-3.175092
-2.694017
-2.982662
-0.288645
-1.058364
-3.559951
-4.233455
-4.425885
-5.003175
-3.367521
1.539438
0.096215
-1.058364
-1.250794
-2.694017
-2.982662
-1.731868
-1.635653
-2.501587
-3.175092
-3.656166
-4.329670
-6.157753
-5.484249
-5.484249
-5.484249
-3.656166
-4.906960
-3.078877
-2.020513
-0.481074
1.731868
3.367521
5.676679
3.559951
-0.096215
-6.350183
-12.123077
-18.184615
-23.284005
-28.383394
-26.747741
-25.112088
-20.493773
-17.126252
-20.397558
-9.621490
-6.350183
-3.463736
-3.078877
-1.058364
0.769719
2.597802
5.003175
6.157753
8.466911
6.927473
7.023687
5.869109
5.099389
4.906960
8.659341
11.160928
14.336020
16.067888
15.971673
14.336020
14.336020
11.738217
8.466911
4.810745
0.865934
-0.384860
-3.559951
-5.869109
-9.332845
-14.432234
-16.837607
-16.548962
-16.645177
-14.143590
-9.044200
-5.965324
-5.484249
-4.329670
-2.694017
-2.694017
-2.790232
-0.096215
5.003175
10.872283
9.717705
8.563126
6.350183
6.735043
4.137241
2.790232
2.309158
-0.673504
-1.250794
0.481074
3.271306
7.889621
9.621490
6.061538
5.676679
2.982662
-1.154579
-4.714530
-4.810745
-8.755556
-6.638828
-3.848596
-2.597802
-2.309158
-1.443223
-0.769719
0.000000
0.769719
2.982662
4.329670
4.329670
6.157753
4.714530
0.288645
-1.154579
-4.714530
-7.023687
-7.985836
-8.947985
-9.429060
-10.487424
-11.160928
-10.776068
-9.140415
-7.023687
-6.061538
-5.195604
-5.580464
-8.178266
-5.965324
-1.154579
2.020513
1.154579
0.000000
0.673504
2.405372
4.425885
5.484249
9.140415
9.044200
8.370696
12.026862
15.201954
16.067888
15.779243
17.222466
20.205128
19.916484
21.840781
22.802930
22.033211
22.706716
20.205128
20.108913
19.242979
20.974847
21.167277
19.820269
19.242979
20.108913
20.878632
17.511111
15.009524
12.892796
10.679853
9.332845
10.294994
11.257143
11.930647
9.621490
5.195604
0.288645
-4.329670
-7.408547
-6.831258
-2.982662
-1.635653
-3.848596
-6.350183
-7.889621
-5.291819
-2.982662
1.828083
3.944811
3.271306
0.096215
-1.154579
-0.384860
1.828083
7.119902
11.449573
9.525275
5.484249
1.154579
-3.078877
-5.869109
-7.985836
-7.408547
-6.350183
-5.580464
-7.889621
-10.679853
-9.910134
-8.659341
-5.195604
-2.597802
-2.116728
-4.233455
-7.408547
-9.332845
-9.621490
-6.542613
1.154579
7.408547
6.350183
0.000000
-1.539438
-1.828083
-3.656166
-2.982662
-2.020513
-5.195604
-9.140415
-15.105739
-17.126252
-18.858120
-16.067888
-8.851770
-7.119902
-8.851770
-9.236630
-10.968498
-7.408547
-6.350183
-4.425885
0.481074
1.924298
-0.481074
0.288645
-0.481074
1.250794
4.233455
11.353358
10.102564
4.233455
-0.384860
-4.522100
-6.638828
-7.216117
-5.195604
-3.848596
-16.260317
-11.449573
-16.933822
-19.050549
-19.916484
-17.511111
-11.930647
-5.772894
-5.099389
-6.253968
-8.563126
-8.755556
-7.312332
-4.425885
0.384860
0.192430
1.250794
2.694017
-0.577289
-4.137241
-8.563126
-15.009524
-16.548962
-18.184615
-17.895971
-17.703541
-16.260317
-15.105739
-14.624664
-10.968498
-7.793407
-3.848596
-2.405372
0.000000
-1.443223
-2.212943
-3.078877
-1.058364
-1.058364
-3.078877
-5.965324
-8.755556
-11.545788
-12.700366
-14.047375
-13.854945
-14.720879
-13.373871
-14.047375
-14.336020
-15.875458
-19.242979
-18.088400
-14.817094
-9.717705
-5.580464
-9.140415
-12.507937
-14.528449
-14.913309
-13.854945
-10.968498
-6.157753
-1.154579
1.058364
1.731868
2.694017
0.096215
0.962149
2.020513
4.425885
5.772894
5.676679
1.347009
-2.501587
-4.233455
-4.906960
-3.175092
-2.694017
-4.329670
-3.944811
-6.638828
-7.889621
-10.487424
-9.621490
-6.831258
-6.446398
-3.559951
-2.309158
-1.828083
0.384860
1.058364
2.886447
2.886447
0.769719
2.212943
1.924298
4.233455
9.429060
14.047375
16.741392
12.219292
8.851770
8.274481
7.600977
7.023687
9.140415
12.315507
11.545788
9.044200
5.869109
6.253968
5.003175
4.233455
7.600977
13.470085
14.239805
14.624664
15.394383
14.720879
15.394383
13.854945
14.143590
13.662515
17.607326
19.435409
16.356532
21.359707
22.033211
23.187790
24.053724
25.015873
26.459096
27.228816
25.978022
25.593162
23.380220
24.631013
27.613675
29.153114
32.135775
31.654701
29.345543
25.304518
20.974847
17.222466
10.968498
8.178266
6.350183
6.638828
6.253968
0.769719
-3.367521
-8.563126
-12.604151
-12.892796
-11.738217
-12.892796
-12.411722
-14.047375
-14.624664
-17.799756
-20.686203
-17.607326
-15.779243
-16.452747
-17.030037
-16.837607
-16.260317
-15.971673
-16.645177
-16.933822
-19.627839
-19.435409
-19.724054
-19.724054
-16.548962
-11.834432
-6.350183
-3.175092
-2.405372
-2.597802
-3.463736
-4.810745
-2.309158
2.020513
0.096215
6.638828
8.082051
8.947985
10.198779
10.583639
11.545788
13.277656
15.298168
16.164103
17.607326
17.511111
18.665690
17.318681
16.452747
16.548962
18.280830
20.108913
22.418071
22.514286
21.359707
19.916484
20.012698
20.397558
21.263492
22.418071
23.284005
23.284005
20.205128
16.933822
10.487424
10.583639
9.910134
8.659341
6.735043
4.233455
2.020513
2.597802
4.137241
5.195604
5.195604
6.350183
6.157753
6.638828
6.735043
5.388034
7.216117
7.312332
8.851770
10.391209
12.700366
12.604151
13.085226
11.449573
10.391209
9.813919
7.889621
5.965324
4.810745
1.443223
0.096215
-1.828083
-5.580464
-8.659341
-7.889621
-8.466911
-7.312332
-8.563126
-9.332845
-9.525275
-10.968498
-13.662515
-15.105739
-16.164103
-12.989011
-11.545788
-12.026862
-11.834432
-11.160928
-13.662515
-11.064713
-9.429060
-8.755556
-9.813919
-14.432234
-19.724054
-22.321856
-24.246154
-22.995360
-19.916484
-18.473260
-21.744567
-27.517460
-28.287179
-25.304518
-25.112088
-5.484249
4.137241
7.408547
6.542613
6.638828
3.944811
-3.271306
-6.831258
-7.985836
-6.157753
-3.271306
-0.288645
5.388034
8.466911
10.487424
11.834432
13.566300
18.858120
22.995360
27.325031
29.922833
29.249328
28.768254
28.287179
26.747741
26.170452
26.266667
25.785592
23.957509
22.225641
17.607326
12.026862
6.157753
4.618315
3.271306
3.175092
0.577289
-2.501587
-4.041026
-5.965324
-8.082051
-11.449573
-13.854945
-14.528449
-16.260317
-19.435409
-20.974847
-22.225641
-22.802930
-22.129426
-21.840781
-21.840781
-20.301343
-19.820269
-22.225641
-21.552137
-21.840781
-21.263492
-22.418071
-23.476435
-25.496947
-24.919658
-26.843956
-27.228816
-28.094750
-27.998535
-27.036386
-27.228816
-23.861294
-22.033211
-21.744567
-24.823443
-25.112088
-27.613675
-25.978022
-32.424420
-26.459096
-24.727228
-27.132601
-22.610501
-20.878632
-21.455922
-21.071062
-25.112088
-31.654701
-34.733578
-35.695726
-35.407082
-29.634188
-25.881807
-24.919658
-20.782418
-20.589988
-17.992186
-15.298168
-13.085226
-10.679853
-11.353358
-13.085226
-12.796581
-14.432234
-16.741392
-17.511111
-19.724054
-18.088400
-15.105739
-12.219292
-12.411722
-10.198779
-7.600977
-3.367521
0.384860
5.772894
8.082051
9.429060
7.312332
4.714530
2.501587
0.384860
-0.577289
3.559951
8.563126
11.834432
13.373871
13.181441
14.817094
14.817094
14.817094
15.105739
15.394383
18.665690
19.916484
19.339194
17.992186
15.683028
12.700366
12.219292
13.181441
14.624664
15.490598
16.933822
15.971673
16.741392
16.356532
17.703541
16.645177
15.875458
13.085226
12.315507
13.951160
15.586813
18.377045
19.531624
18.761905
17.030037
12.315507
9.140415
9.429060
8.563126
8.274481
8.947985
9.525275
7.023687
5.195604
2.597802
1.731868
1.058364
2.309158
2.597802
2.790232
1.443223
1.731868
0.000000
2.886447
2.597802
2.790232
1.635653
3.175092
5.869109
6.157753
9.236630
13.085226
14.624664
18.665690
20.205128
22.033211
24.342369
28.287179
29.345543
30.788767
29.730403
29.441758
28.768254
27.421245
25.593162
26.362882
26.651526
27.132601
25.496947
26.074237
29.922833
34.637363
38.967033
40.121612
40.314042
40.314042
38.678388
35.214652
33.771429
34.637363
36.850305
35.503297
32.424420
28.287179
22.514286
18.665690
14.817094
13.373871
8.755556
2.694017
0.673504
-2.020513
-4.329670
-4.329670
-4.329670
-4.137241
-2.597802
-3.463736
-5.388034
-8.851770
-13.181441
-13.470085
-11.064713
-9.717705
-8.563126
-7.697192
-6.446398
-7.504762
-8.466911
-7.408547
-5.484249
-2.982662
0.192430
2.501587
3.559951
1.154579
-1.924298
-6.157753
-10.391209
-15.201954
-15.779243
-17.030037
-20.686203
-21.936996
-23.765079
-26.459096
-24.534799
-21.455922
-19.146764
-18.184615
-14.336020
-11.545788
-9.044200
-6.831258
-7.119902
-7.697192
-10.487424
-12.315507
-15.779243
-16.645177
-13.470085
-12.507937
-13.470085
-15.683028
-14.239805
-11.160928
-8.755556
-5.772894
-4.329670
-4.618315
-3.463736
-5.772894
-5.484249
-3.367521
2.597802
3.078877
3.271306
3.752381
3.848596
5.195604
7.312332
6.638828
7.697192
10.583639
11.545788
9.717705
7.600977
4.329670
5.772894
7.023687
7.408547
8.755556
11.449573
9.525275
10.006349
8.370696
6.638828
5.965324
5.772894
3.656166
2.694017
1.250794
0.673504
-1.828083
-2.020513
-2.694017
-2.982662
-0.192430
2.694017
1.539438
-2.982662
-6.061538
-8.947985
-12.219292
-11.257143
-9.429060
-8.851770
-11.064713
-14.239805
-17.222466
-19.242979
-19.531624
-19.050549
-19.242979
-21.648352
-25.112088
-27.517460
-27.325031
-26.074237
-22.610501
-19.050549
-13.277656
-6.831258
-3.271306
-4.041026
-5.291819
-7.697192
0.962149
7.889621
10.872283
13.566300
7.889621
4.329670
4.137241
7.985836
12.604151
17.511111
18.473260
14.047375
7.697192
2.982662
1.058364
3.367521
5.676679
8.466911
10.006349
9.332845
7.312332
7.119902
7.793407
6.831258
3.559951
-0.769719
-4.810745
-6.831258
-5.676679
-1.154579
4.714530
7.408547
6.542613
6.927473
6.350183
8.563126
10.487424
11.545788
10.294994
6.735043
1.443223
-4.425885
-8.755556
-10.968498
-12.315507
-11.642002
-11.449573
-13.277656
-15.201954
-16.356532
-14.239805
-11.449573
-8.370696
-3.752381
-3.848596
-6.638828
-11.738217
-14.720879
-15.394383
-14.720879
-12.219292
-10.487424
-10.294994
-9.429060
-10.294994
-11.642002
-12.507937
-8.755556
-4.810745
-3.078877
-5.676679
-8.370696
-6.350183
-5.388034
-3.559951
0.096215
0.769719
-1.058364
-3.559951
-8.466911
-11.642002
-10.102564
-8.755556
-4.618315
-0.481074
2.790232
5.965324
11.064713
18.184615
27.421245
31.943346
30.211477
29.249328
28.864469
26.170452
25.785592
26.074237
25.400733
23.957509
22.610501
20.974847
19.627839
17.030037
16.260317
15.779243
15.009524
13.181441
12.507937
14.528449
17.895971
20.686203
22.610501
22.225641
19.627839
20.108913
20.012698
21.071062
21.167277
16.356532
10.776068
5.676679
1.635653
0.000000
-0.962149
-1.828083
-0.769719
-4.137241
-9.910134
-11.449573
-12.892796
-14.528449
-13.373871
-14.528449
-17.318681
-20.589988
-21.071062
-20.686203
-21.263492
-17.992186
-15.201954
-16.356532
-18.088400
-19.820269
-17.992186
-18.761905
-19.146764
-19.531624
-17.222466
-15.394383
-15.875458
-15.779243
-13.181441
-11.449573
-12.411722
-12.026862
-10.776068
-12.796581
-16.645177
-20.301343
-19.146764
-16.741392
-12.604151
-6.735043
-4.329670
-5.388034
-6.350183
-7.793407
-9.044200
-6.831258
0.000000
4.041026
6.735043
7.504762
7.023687
5.099389
4.329670
2.694017
2.886447
2.309158
3.367521
1.443223
-1.443223
-4.714530
-5.772894
-7.023687
-7.312332
-6.061538
-6.446398
-7.697192
-6.350183
-8.947985
-7.889621
-4.137241
-0.865934
0.384860
0.288645
-4.041026
-2.309158
-0.384860
-0.577289
-0.384860
-2.597802
-3.656166
-5.869109
-7.697192
-7.697192
-9.429060
-10.487424
-9.525275
-7.312332
-7.504762
-8.082051
-9.717705
-12.123077
-13.951160
-16.164103
-16.933822
-15.779243
-16.164103
-14.720879
-14.624664
-12.411722
-9.236630
-7.889621
-8.082051
-8.082051
-6.831258
-6.542613
-4.810745
-1.154579
0.384860
2.212943
5.484249
6.831258
7.504762
5.195604
4.618315
2.982662
0.384860
0.192430
-1.443223
0.577289
3.078877
4.041026
3.559951
6.350183
6.446398
6.253968
3.367521
1.924298
1.058364
0.673504
0.481074
-1.443223
-3.271306
-5.003175
-4.810745
-3.752381
-2.982662
-3.078877
-6.157753
-5.388034
-6.831258
-7.985836
-4.906960
-6.927473
-6.253968
-5.772894
-3.656166
0.192430
0.288645
1.443223
4.714530
5.099389
5.291819
7.504762
8.851770
12.026862
13.854945
15.586813
17.799756
20.205128
20.493773
20.878632
20.878632
18.954335
18.377045
19.531624
18.954335
21.648352
21.359707
22.610501
23.765079
22.995360
21.552137
24.246154
24.149939
26.459096
26.555311
25.978022
22.610501
19.242979
21.840781
23.187790
22.033211
20.686203
19.916484
18.088400
16.837607
14.913309
14.143590
12.892796
12.507937
11.930647
11.930647
14.528449
15.201954
16.356532
12.796581
10.006349
10.583639
9.236630
10.583639
9.621490
7.793407
6.350183
7.023687
7.504762
7.119902
5.869109
4.522100
2.886447
3.271306
3.559951
5.772894
6.927473
9.813919
10.679853
11.353358
11.545788
10.198779
8.563126
6.542613
5.291819
4.906960
5.965324
7.023687
5.772894
5.484249
4.329670
2.597802
3.175092
1.058364
0.673504
2.212943
1.635653
0.577289
-1.539438
-1.154579
-0.673504
-2.020513
-0.962149
0.192430
0.769719
0.481074
-0.962149
-1.154579
-1.443223
-1.731868
-5.099389
-5.580464
-4.618315
-5.099389
-7.600977
-11.545788
-12.989011
-15.201954
-18.377045
-17.703541
-17.607326
-17.414896
-16.164103
-14.817094
-13.470085
-11.930647
-13.181441
-10.198779
-5.965324
-3.271306
-0.096215
-4.810745
-4.233455
-6.446398
-4.522100
-1.058364
1.058364
2.597802
1.058364
-1.828083
-2.694017
-5.580464
-6.253968
-4.041026
-2.790232
-2.694017
-4.041026
-6.350183
-6.735043
-7.889621
-7.023687
-7.600977
-10.198779
-10.968498
-12.411722
-11.353358
-6.157753
-3.078877
-1.443223
-0.096215
2.116728
2.790232
2.116728
3.463736
6.157753
6.542613
4.425885
1.828083
0.865934
-0.384860
-3.752381
-5.099389
-5.388034
-5.869109
-8.563126
-9.140415
-9.429060
-7.216117
-5.099389
-2.982662
-5.869109
-7.889621
-12.604151
-15.683028
-15.971673
-15.201954
-12.989011
-11.642002
-11.449573
-13.566300
-17.895971
-20.301343
-22.610501
-22.706716
-20.108913
-19.242979
-20.589988
-20.301343
-19.435409
-17.030037
-14.432234
-9.525275
-6.350183
-7.504762
-15.971673
-9.044200
-12.604151
-16.548962
-18.569475
-18.377045
-17.126252
-16.645177
-14.624664
-10.583639
-6.638828
-5.195604
-2.886447
-1.443223
-4.810745
-8.947985
-12.315507
-16.164103
-15.105739
-14.432234
-12.892796
-11.738217
-9.429060
-6.350183
-5.676679
-3.848596
-2.405372
-2.597802
-3.463736
-4.522100
-5.580464
-5.099389
-6.446398
-6.735043
-5.869109
-2.116728
-1.443223
0.000000
2.694017
1.443223
2.405372
3.463736
3.944811
4.810745
1.250794
5.388034
3.367521
1.731868
0.769719
0.384860
2.116728
1.924298
4.233455
4.137241
7.889621
7.985836
10.776068
10.006349
8.178266
6.831258
7.600977
6.638828
7.793407
7.216117
8.082051
7.119902
8.563126
6.638828
2.501587
-0.384860
1.635653
2.886447
2.597802
5.195604
6.927473
7.889621
7.119902
5.291819
3.367521
0.192430
0.288645
0.577289
3.175092
-8.178266
0.673504
-0.865934
-1.154579
-1.635653
-1.443223
-2.309158
-3.367521
-2.886447
-3.463736
-3.271306
-2.790232
-6.061538
-12.604151
-2.790232
-1.058364
-0.288645
-0.192430
-2.116728
-5.099389
-8.082051
-7.697192
-5.676679
-2.982662
-2.597802
-0.865934
-3.078877
0.673504
2.020513
1.924298
0.192430
-2.309158
-2.886447
-3.559951
-1.828083
-0.288645
3.367521
5.772894
6.253968
7.216117
7.889621
6.157753
6.157753
6.157753
7.216117
8.851770
8.755556
9.621490
13.181441
18.280830
20.686203
22.321856
27.421245
31.173626
31.943346
30.981197
29.441758
22.129426
17.030037
14.624664
16.164103
18.377045
21.167277
18.858120
15.201954
11.449573
10.679853
12.219292
14.720879
15.105739
16.741392
16.452747
14.143590
10.968498
7.312332
3.944811
0.865934
-5.388034
-10.006349
-14.239805
-15.586813
-12.604151
-9.236630
-3.271306
-0.673504
-2.694017
-4.522100
-7.023687
-6.831258
-6.157753
-5.580464
-4.425885
-6.542613
-7.793407
-10.968498
-12.315507
-9.717705
-7.216117
-6.350183
-7.504762
-9.910134
-13.277656
-13.566300
-11.642002
-9.332845
-6.735043
-6.253968
-7.504762
-10.102564
-10.968498
-9.910134
-8.755556
-8.274481
-8.466911
-4.425885
-2.116728
0.481074
-0.962149
-0.577289
-1.828083
-2.116728
-1.154579
-2.212943
-7.504762
-9.140415
-8.274481
-5.099389
-3.078877
-0.192430
1.154579
-0.096215
-4.425885
-6.831258
-9.717705
-10.006349
-9.621490
-7.793407
-6.253968
-0.865934
4.329670
7.985836
13.181441
15.971673
20.686203
23.380220
24.919658
25.400733
24.534799
24.149939
23.861294
25.689377
25.112088
21.744567
17.318681
12.507937
9.044200
5.580464
5.388034
5.772894
7.504762
5.676679
0.481074
-4.233455
