4.865934
2.613187
2.432967
3.514286
4.325275
5.046154
7.028571
6.397802
8.830769
7.749451
7.659341
9.101099
9.641758
11.804396
5.046154
7.839560
7.569231
8.560440
12.615385
12.345055
12.164835
9.191209
7.749451
2.432967
-0.360440
-4.235165
-8.019780
-6.307692
-6.037363
-6.307692
-8.200000
-8.650549
-10.632967
-11.984615
-15.228571
-17.571429
-19.283516
-18.923077
-18.923077
-19.463736
-18.112088
-16.850549
-14.057143
-7.569231
-8.740659
-11.534066
-16.580220
-18.382418
-19.193407
-18.652747
-17.931868
-15.679121
-12.975824
-9.551648
-6.217582
-2.793407
-1.892308
-3.063736
-1.802198
-2.883516
-6.127473
-9.821978
-10.813187
-10.813187
-8.560440
-6.037363
-3.874725
-2.793407
-2.162637
-2.973626
-2.432967
-4.505495
-2.703297
-5.857143
-3.063736
-5.226374
-3.874725
-1.712088
0.090110
1.081319
1.171429
2.162637
3.604396
4.415385
5.136264
3.874725
1.712088
0.991209
-1.621978
-1.802198
-3.243956
-2.793407
-2.432967
0.090110
6.307692
9.191209
11.624176
13.065934
9.461538
6.668132
3.334066
-1.351648
-1.802198
-4.956044
-7.389011
-4.775824
-4.956044
-2.072527
2.342857
6.578022
10.903297
13.246154
12.885714
13.336264
11.804396
9.101099
9.101099
9.461538
11.353846
12.975824
10.092308
8.740659
3.604396
1.892308
-0.540659
-1.531868
-2.793407
-2.523077
0.090110
0.090110
-0.630769
-0.180220
-0.180220
0.810989
-0.720879
1.712088
0.630769
-0.810989
-0.630769
2.252747
-0.360440
-0.090110
-1.802198
-3.153846
-4.505495
-6.938462
-9.821978
-9.461538
-4.775824
-0.720879
2.613187
9.281319
8.650549
6.848352
2.072527
0.901099
2.252747
-0.901099
-0.720879
-1.621978
-2.613187
-4.685714
-3.784615
-9.101099
0.630769
2.793407
5.496703
3.424176
4.595604
6.938462
8.740659
9.731868
9.641758
7.118681
2.072527
-1.712088
-1.261538
-2.703297
-0.090110
1.621978
1.802198
0.360440
-1.621978
-0.720879
-0.991209
-1.351648
-1.982418
-0.450549
0.901099
0.360440
-0.901099
-2.072527
-5.406593
-8.200000
-6.938462
-3.063736
2.252747
6.217582
10.903297
10.272527
10.723077
7.659341
6.848352
6.848352
6.758242
8.560440
8.650549
6.758242
7.298901
6.668132
4.415385
-0.540659
-1.712088
-4.325275
-4.595604
-5.316484
-4.054945
-1.712088
0.000000
-1.081319
0.450549
-1.081319
-3.514286
-6.487912
-5.947253
-6.037363
-7.118681
-9.101099
-9.731868
-10.723077
-11.173626
-8.920879
-11.083516
-11.534066
-12.164835
-11.443956
-9.191209
-7.028571
-5.046154
-1.621978
0.901099
4.415385
6.217582
6.307692
5.406593
2.072527
3.874725
3.243956
3.604396
3.243956
2.703297
0.810989
0.180220
4.865934
4.685714
7.118681
6.127473
6.758242
5.586813
4.956044
5.676923
3.964835
5.947253
6.307692
1.892308
7.569231
7.749451
7.208791
8.019780
5.857143
8.019780
8.109890
7.118681
6.758242
6.938462
5.767033
4.505495
7.298901
7.389011
9.101099
11.173626
11.804396
13.156044
13.336264
14.147253
10.632967
7.839560
5.496703
7.118681
8.740659
9.912088
9.731868
10.182418
11.083516
9.821978
6.127473
7.298901
8.290110
10.542857
10.002198
9.010989
7.479121
6.127473
3.784615
3.694505
4.775824
5.496703
2.883516
4.415385
-4.865934
1.531868
1.441758
3.334066
4.865934
4.415385
4.865934
2.523077
0.000000
-1.351648
-3.604396
-2.523077
-1.171429
0.901099
3.784615
5.947253
7.659341
9.641758
9.010989
10.813187
8.290110
10.002198
8.560440
5.046154
2.613187
-0.090110
-2.432967
-1.712088
-2.342857
0.630769
1.261538
2.252747
3.874725
1.531868
-0.720879
-3.874725
-5.947253
-6.938462
-7.298901
-9.191209
-10.723077
-6.397802
-1.081319
0.540659
0.991209
3.063736
6.487912
3.964835
4.054945
1.531868
-0.540659
-3.334066
-3.874725
-0.720879
-3.964835
-3.874725
-5.857143
-9.461538
-13.426374
-15.949451
-15.589011
-16.129670
-16.039560
-16.309890
-14.868132
-14.597802
-12.885714
-12.795604
-12.975824
-12.975824
-9.191209
-9.821978
-10.723077
-13.876923
-13.516484
-12.254945
-12.975824
-14.057143
-12.615385
-13.696703
-15.859341
-19.734066
-20.635165
-20.635165
-16.580220
-9.010989
-1.621978
4.325275
11.804396
15.498901
15.138462
12.885714
10.452747
9.821978
8.200000
2.793407
-2.613187
-8.470330
-11.894505
-10.993407
-7.659341
-1.621978
6.397802
13.696703
14.507692
13.246154
8.560440
3.604396
-0.540659
-0.540659
-5.316484
-3.243956
-1.441758
1.351648
3.514286
5.406593
4.956044
3.153846
1.621978
1.892308
2.523077
3.874725
1.171429
-0.901099
-0.270330
-2.703297
-3.424176
-3.424176
-2.793407
-2.793407
-2.162637
-3.153846
-2.342857
-0.090110
-0.991209
-0.360440
0.810989
-2.162637
-8.470330
-12.345055
-9.281319
-11.263736
-10.092308
-9.912088
-6.938462
-3.153846
-0.630769
0.000000
4.325275
2.252747
1.531868
-2.703297
-4.595604
-9.010989
-6.487912
-5.767033
-2.883516
-1.081319
2.973626
2.523077
5.496703
4.956044
6.487912
8.380220
9.912088
12.435165
13.696703
15.498901
16.219780
15.589011
11.353846
6.578022
2.252747
0.450549
-0.450549
-2.432967
-2.973626
-5.676923
-7.749451
-9.821978
-12.975824
-11.534066
-10.182418
-7.479121
-8.019780
-6.487912
-1.982418
-1.351648
1.712088
3.874725
-0.450549
-3.243956
-4.505495
-7.479121
-8.740659
-7.929670
-5.496703
-0.540659
0.630769
2.252747
6.127473
8.830769
13.876923
14.417582
15.498901
14.327473
13.696703
14.597802
16.219780
17.571429
23.068132
24.780220
19.373626
20.454945
14.687912
12.345055
9.371429
8.019780
5.226374
1.171429
-2.072527
-3.874725
-6.487912
-5.857143
-4.685714
-4.775824
-4.145055
-2.703297
-1.531868
0.360440
2.432967
5.046154
8.109890
10.723077
9.101099
9.281319
5.496703
4.054945
5.226374
9.641758
9.461538
6.938462
2.613187
0.630769
0.901099
3.604396
4.235165
5.586813
6.217582
6.397802
3.424176
-0.810989
-2.703297
-8.920879
-3.063736
-2.342857
-1.081319
3.964835
7.479121
10.903297
12.254945
12.435165
13.786813
10.723077
8.560440
7.569231
2.432967
-4.415385
-5.586813
-9.731868
-9.821978
-10.002198
-7.028571
-6.307692
-6.487912
-2.252747
0.630769
0.090110
1.621978
2.432967
-1.171429
-0.901099
-2.973626
-3.153846
-3.784615
-1.621978
2.883516
3.514286
0.540659
-2.252747
-6.938462
-7.208791
-4.775824
-3.784615
1.171429
4.505495
8.380220
16.850549
24.329670
33.520879
39.828571
41.360440
43.973626
46.767033
49.200000
52.263736
50.912088
52.083516
53.254945
51.452747
47.668132
40.279121
30.817582
21.716484
15.769231
12.885714
10.813187
9.281319
8.740659
2.432967
-2.883516
-8.200000
-13.336264
-15.408791
-18.742857
-23.608791
-25.591209
-28.114286
-36.043956
-30.907692
-32.349451
-32.259341
-36.314286
-37.575824
-37.035165
-34.331868
-33.340659
-36.674725
-41.720879
-40.549451
-41.270330
-40.549451
-43.342857
-43.973626
-46.226374
-45.325275
-44.243956
-43.342857
-43.162637
-41.090110
-41.000000
-38.567033
-36.494505
-34.151648
-31.628571
-31.448352
-33.701099
-34.692308
-34.061538
-34.782418
-30.817582
-28.474725
-23.879121
-22.797802
-22.707692
-22.347253
-21.716484
-20.454945
-15.048352
-12.435165
-10.993407
-13.516484
-15.048352
-14.147253
-9.731868
-3.424176
5.947253
11.624176
12.345055
10.903297
8.290110
7.479121
6.758242
11.173626
14.687912
17.481319
14.958242
11.984615
10.632967
11.984615
16.400000
22.527473
31.178022
35.863736
32.169231
27.573626
25.320879
23.518681
23.879121
27.213187
29.375824
32.980220
33.610989
35.503297
37.936264
41.720879
47.127473
49.470330
50.461538
52.353846
49.650549
45.956044
39.107692
34.962637
31.628571
33.340659
35.683516
37.395604
39.107692
41.630769
42.802198
43.342857
43.252747
44.243956
41.180220
36.404396
32.529670
27.303297
27.123077
27.303297
25.591209
21.896703
20.815385
19.824176
21.986813
21.356044
20.635165
20.274725
19.643956
15.679121
12.435165
9.551648
4.505495
5.496703
5.947253
5.406593
4.685714
4.415385
5.316484
2.973626
0.000000
-1.531868
-3.784615
-5.406593
-4.505495
-1.531868
-2.072527
-3.063736
-6.938462
-11.534066
-14.507692
-14.868132
-14.237363
-8.650549
-6.848352
-5.136264
-7.208791
-9.281319
-12.615385
-11.894505
-12.795604
-12.345055
-10.903297
-12.525275
-14.778022
-16.670330
-17.301099
-15.408791
-10.903297
-9.010989
-6.578022
-7.749451
-10.452747
-14.778022
-21.175824
-25.861538
-27.032967
-27.483516
-25.140659
-23.969231
-20.815385
-20.545055
-18.472527
-18.562637
-15.138462
-18.112088
-17.301099
-19.373626
-23.248352
-26.492308
-28.564835
-29.916484
-26.852747
-24.870330
-20.815385
-22.257143
-22.167033
-22.617582
-22.076923
-20.905495
-20.815385
-22.076923
-24.239560
-25.501099
-32.439560
-27.934066
-26.131868
-26.762637
-25.681319
-22.076923
-17.120879
-13.156044
-13.065934
-14.327473
-14.778022
-11.984615
-11.714286
-9.281319
-8.920879
-6.127473
-3.514286
-2.072527
-5.226374
-4.956044
-7.028571
-7.298901
-9.461538
-6.758242
-6.938462
-5.136264
-0.090110
2.793407
5.136264
6.037363
1.892308
-0.720879
-5.676923
-6.037363
-6.668132
-3.604396
0.000000
4.865934
9.371429
13.696703
14.417582
14.687912
12.345055
9.461538
6.578022
8.019780
8.830769
7.028571
4.505495
1.531868
-0.360440
2.252747
6.397802
7.839560
10.993407
13.065934
10.813187
9.731868
8.380220
4.775824
1.441758
0.720879
0.180220
3.964835
9.731868
11.353846
12.705495
14.327473
13.426374
9.461538
4.325275
0.540659
1.171429
1.351648
0.901099
0.000000
3.153846
9.821978
15.498901
20.905495
18.832967
22.707692
22.527473
15.949451
13.426374
9.281319
3.153846
2.523077
0.090110
-0.270330
2.613187
2.072527
4.325275
10.182418
14.057143
14.327473
8.830769
4.595604
3.694505
2.973626
3.694505
5.136264
4.956044
3.514286
2.793407
2.342857
2.523077
3.063736
3.694505
1.171429
0.901099
1.351648
0.630769
0.450549
0.450549
2.973626
4.235165
7.479121
8.830769
9.912088
13.246154
13.516484
13.516484
13.876923
13.156044
10.002198
9.912088
6.578022
4.685714
-1.982418
3.964835
6.217582
9.010989
12.975824
14.778022
18.472527
18.923077
16.039560
14.687912
13.336264
10.182418
9.191209
5.676923
4.685714
3.784615
6.217582
4.775824
3.334066
3.334066
2.973626
0.450549
-0.360440
-0.450549
0.270330
3.694505
5.316484
5.586813
6.848352
5.496703
4.505495
4.865934
4.235165
3.874725
2.432967
1.802198
2.703297
1.441758
2.342857
-6.127473
-1.441758
-3.153846
-1.892308
-2.613187
-2.432967
-4.415385
-7.298901
-10.092308
-13.156044
-14.327473
-16.039560
-13.246154
-12.074725
-8.920879
-7.749451
-9.731868
-12.885714
-16.580220
-18.112088
-17.210989
-17.931868
-16.490110
-15.408791
-15.318681
-15.048352
-13.696703
-10.723077
-6.848352
-4.145055
-2.973626
-3.514286
-5.136264
-6.758242
-7.389011
-6.668132
-6.037363
-7.028571
-8.560440
-11.083516
-12.254945
-12.254945
-7.389011
0.810989
7.569231
12.164835
14.868132
14.958242
15.318681
13.516484
13.156044
11.173626
10.723077
4.325275
-0.720879
-5.316484
-9.371429
-8.109890
-4.145055
1.171429
3.964835
5.947253
4.595604
2.703297
1.531868
3.153846
3.874725
5.316484
2.703297
-0.450549
-6.758242
-10.813187
-11.263736
-10.542857
-5.136264
-2.072527
0.270330
1.171429
0.810989
0.180220
-1.351648
-0.090110
1.261538
2.162637
1.802198
2.162637
1.261538
2.883516
5.676923
12.435165
17.030769
18.923077
16.219780
13.696703
8.740659
7.839560
5.046154
5.676923
7.208791
9.912088
5.316484
2.613187
-0.180220
-1.712088
-2.703297
-3.874725
-1.351648
-0.090110
3.334066
3.514286
2.613187
2.072527
2.793407
1.621978
-1.351648
-2.252747
-5.586813
-3.424176
-1.892308
1.982418
3.424176
7.929670
12.345055
11.984615
10.903297
4.054945
0.810989
-3.874725
-4.505495
-4.865934
-2.613187
2.162637
6.487912
6.037363
7.028571
7.749451
6.037363
4.865934
4.775824
2.252747
2.973626
-0.090110
-1.712088
-3.514286
-0.991209
-2.252747
-1.351648
1.892308
5.316484
5.767033
7.569231
4.775824
-0.540659
-10.903297
-5.046154
-9.551648
-8.380220
-10.272527
-11.353846
-13.336264
-12.615385
-12.795604
-12.074725
-12.345055
-13.065934
-15.949451
-16.580220
-22.076923
-21.446154
-23.068132
-21.896703
-21.716484
-19.103297
-15.679121
-11.624176
-11.173626
-13.426374
-15.679121
-15.408791
-15.679121
-17.210989
-17.120879
-12.885714
-8.830769
-3.424176
2.342857
7.118681
8.740659
7.659341
5.586813
3.334066
-0.180220
-0.720879
2.793407
2.613187
3.424176
4.595604
10.002198
9.731868
8.560440
-1.081319
0.540659
-3.334066
-6.848352
-10.542857
-10.182418
-10.092308
-6.127473
-4.595604
-3.334066
-1.081319
2.523077
2.973626
3.514286
2.162637
3.334066
1.261538
-0.270330
-0.270330
1.892308
0.991209
0.270330
-0.090110
-0.270330
-2.252747
-1.712088
-3.604396
-4.235165
-5.136264
-4.054945
-2.072527
-2.523077
-1.081319
1.261538
2.973626
4.775824
6.758242
6.848352
5.857143
8.019780
7.929670
5.316484
3.243956
1.982418
0.450549
-0.630769
1.081319
-0.090110
-0.270330
-0.991209
-0.901099
-0.810989
0.180220
0.540659
-1.802198
-0.180220
-0.450549
-2.523077
-4.956044
-8.740659
-11.624176
-12.615385
-13.606593
-11.353846
-8.109890
-3.063736
1.892308
5.316484
8.560440
10.723077
10.632967
6.307692
2.793407
0.901099
0.450549
-0.270330
0.810989
0.090110
0.540659
2.072527
3.424176
5.676923
6.938462
11.534066
16.400000
17.661538
16.039560
16.850549
14.868132
11.263736
6.938462
-1.531868
3.694505
3.604396
3.964835
8.380220
8.380220
10.182418
12.074725
13.426374
12.164835
9.731868
11.263736
11.984615
8.830769
8.019780
8.200000
10.002198
10.993407
13.246154
14.327473
16.129670
16.129670
17.391209
18.112088
18.202198
21.175824
19.553846
18.472527
15.498901
10.272527
5.947253
2.973626
3.063736
4.685714
5.046154
9.461538
14.237363
18.923077
21.175824
23.248352
22.527473
19.643956
17.391209
13.336264
11.804396
10.903297
7.839560
9.281319
6.758242
2.432967
2.342857
-1.712088
-2.703297
-4.235165
-5.947253
-6.758242
-6.397802
-6.217582
-6.487912
-8.650549
-7.569231
-9.010989
-9.101099
-6.037363
-1.621978
-2.252747
-0.450549
0.360440
1.621978
0.720879
-0.180220
-0.991209
-1.802198
-2.613187
-2.162637
-1.261538
1.081319
3.964835
5.676923
10.362637
12.525275
12.254945
8.380220
9.191209
5.046154
3.334066
1.261538
4.325275
5.496703
7.479121
8.019780
9.010989
5.767033
2.883516
-0.180220
-1.621978
-8.650549
-8.019780
-6.487912
-6.127473
-4.685714
-1.081319
0.901099
4.595604
5.586813
4.505495
2.342857
-0.090110
-2.973626
-6.848352
-9.821978
-11.083516
-13.246154
-11.624176
-11.263736
-10.993407
-6.127473
-2.523077
-1.081319
-0.180220
0.540659
-0.901099
-5.226374
-5.857143
-6.848352
-8.380220
-9.281319
-10.542857
-14.958242
-20.635165
-23.698901
-23.248352
-20.725275
-19.824176
-18.923077
-17.120879
-16.940659
-14.958242
-15.318681
-13.876923
-12.074725
-10.903297
-7.028571
-1.171429
-0.630769
-1.621978
-5.947253
-6.578022
-8.920879
-8.380220
-5.316484
-2.072527
1.081319
3.424176
3.424176
1.892308
-0.180220
-3.874725
-5.857143
-7.118681
-6.127473
-3.964835
-4.235165
-4.415385
-3.063736
0.540659
2.883516
8.109890
12.435165
15.408791
15.048352
10.452747
3.694505
-3.514286
-6.938462
-9.371429
-8.740659
-5.767033
-0.630769
2.523077
3.243956
5.406593
8.560440
9.101099
9.461538
7.569231
7.028571
3.334066
-0.360440
-3.424176
-4.865934
-4.685714
-5.496703
0.090110
4.775824
8.650549
12.435165
15.138462
15.679121
12.615385
9.281319
4.775824
1.171429
-1.171429
-1.351648
-1.892308
-1.802198
-0.360440
0.180220
-0.991209
6.848352
12.615385
16.309890
18.562637
18.742857
17.210989
11.083516
6.127473
1.531868
-0.180220
-0.810989
1.802198
1.261538
0.901099
2.252747
0.090110
-1.351648
-3.694505
-1.621978
-1.982418
-1.171429
-0.450549
2.252747
0.450549
2.973626
6.578022
8.470330
6.758242
5.676923
3.063736
2.252747
-0.090110
-2.342857
-5.767033
-8.109890
-8.019780
-7.749451
-7.749451
-11.624176
-2.613187
0.270330
3.514286
8.920879
11.804396
15.228571
18.382418
18.742857
17.481319
15.048352
11.353846
4.325275
-0.450549
-5.226374
-8.650549
-9.191209
-6.037363
-4.054945
-1.441758
-0.180220
-1.261538
-1.802198
-4.325275
-5.136264
-7.749451
-6.397802
-5.767033
-5.947253
-4.325275
-3.694505
-5.046154
-5.767033
-7.659341
-9.101099
-14.237363
-18.021978
-20.364835
-21.265934
-21.626374
-20.364835
-16.940659
-11.443956
-9.912088
-2.613187
-3.604396
-4.415385
-6.397802
-9.010989
-11.173626
-10.542857
-8.560440
-6.217582
-2.613187
0.090110
2.973626
7.208791
7.839560
9.731868
12.345055
14.868132
13.065934
12.254945
10.452747
12.525275
15.408791
18.472527
20.905495
25.140659
26.131868
26.312088
25.320879
23.338462
20.004396
19.193407
17.301099
15.859341
11.714286
5.316484
1.531868
0.180220
-1.712088
-4.054945
-5.496703
-4.505495
-4.775824
-4.685714
-6.848352
-7.929670
-5.676923
-4.505495
2.072527
5.226374
5.857143
3.694505
0.901099
1.171429
0.090110
-2.252747
-4.235165
-5.406593
-4.956044
-6.668132
-6.397802
-6.217582
-2.703297
-2.342857
-2.432967
-7.118681
-9.821978
-10.002198
-5.586813
-4.685714
-3.243956
-4.054945
-5.316484
-4.054945
-2.523077
-2.523077
-6.758242
-12.975824
-15.228571
-18.112088
-18.292308
-17.841758
-13.876923
-9.731868
-8.470330
-7.929670
-3.874725
1.441758
6.217582
9.912088
8.200000
6.397802
4.505495
1.531868
-2.523077
-1.621978
-2.523077
-5.406593
-5.406593
-6.127473
-4.956044
-2.883516
-1.892308
1.441758
3.334066
4.054945
4.956044
4.956044
3.424176
0.720879
3.243956
3.334066
3.604396
6.668132
9.010989
12.525275
13.246154
16.039560
16.580220
17.841758
15.949451
11.353846
7.118681
7.028571
9.371429
12.795604
14.958242
15.228571
16.219780
17.030769
18.292308
18.923077
18.562637
15.949451
12.074725
6.848352
2.072527
-2.072527
-3.334066
-5.136264
-2.613187
-1.712088
2.703297
9.010989
13.606593
16.039560
14.687912
6.487912
0.360440
-1.621978
-0.540659
-3.243956
-8.650549
-6.758242
-5.406593
-4.685714
-3.334066
1.531868
3.153846
3.784615
5.226374
1.171429
-3.604396
-7.659341
-13.065934
-18.832967
-20.364835
-21.175824
-18.652747
-16.940659
-11.353846
-6.938462
-1.982418
0.000000
2.703297
0.360440
-0.630769
-2.883516
-5.046154
-9.461538
-11.804396
-13.967033
-14.057143
-14.507692
-14.687912
-10.542857
-6.758242
-4.505495
-4.956044
-6.397802
-11.714286
-13.786813
-17.120879
-18.652747
-19.193407
-18.202198
-13.606593
-12.164835
-13.696703
-16.850549
-8.109890
-4.054945
-2.523077
0.000000
1.261538
0.180220
-3.334066
-5.496703
-6.578022
-6.397802
-6.758242
-5.496703
-4.054945
-3.063736
-2.342857
1.081319
0.630769
-4.505495
-0.540659
-4.145055
-5.226374
-7.479121
-8.470330
-9.191209
-10.002198
-11.984615
-13.065934
-10.813187
-9.461538
-7.298901
-8.470330
-9.101099
-8.920879
-6.758242
-6.217582
-4.415385
-5.586813
-4.775824
-3.424176
-1.351648
-1.892308
-0.090110
4.415385
8.200000
9.371429
12.254945
11.443956
11.804396
14.868132
16.760440
15.138462
13.786813
11.804396
15.318681
19.193407
19.734066
22.167033
26.131868
26.041758
25.681319
22.437363
21.356044
19.824176
17.841758
16.580220
18.382418
19.734066
20.815385
25.501099
29.375824
28.925275
28.745055
28.745055
27.032967
24.690110
21.536264
16.940659
13.156044
14.057143
14.417582
15.408791
17.210989
19.463736
21.716484
23.608791
23.879121
21.806593
17.391209
11.624176
5.226374
-0.630769
-3.604396
-4.145055
-3.514286
-5.226374
-5.316484
-3.334066
2.883516
7.749451
11.443956
13.786813
13.065934
10.452747
6.397802
2.613187
-3.694505
-8.019780
-7.569231
-5.136264
-1.441758
0.090110
-1.892308
-6.938462
-13.426374
-15.589011
-12.164835
-10.452747
-10.632967
-12.525275
-15.498901
-21.626374
-25.771429
-24.059341
-19.734066
-11.894505
-2.432967
8.109890
16.850549
14.687912
11.534066
8.920879
10.813187
11.443956
9.461538
5.586813
-0.901099
-5.857143
-10.813187
-14.057143
-12.074725
-7.028571
-1.712088
1.351648
0.720879
0.360440
0.000000
-2.342857
-4.325275
-3.243956
-0.720879
3.784615
9.641758
12.525275
16.580220
21.716484
29.285714
33.520879
36.314286
35.683516
33.340659
28.745055
24.329670
18.923077
14.327473
10.542857
10.092308
7.479121
7.028571
9.281319
10.993407
13.967033
15.769231
17.030769
17.210989
15.679121
13.606593
11.353846
11.624176
9.101099
8.920879
1.081319
7.569231
4.505495
3.334066
-0.090110
-3.063736
-3.874725
-6.758242
-8.740659
-11.894505
-12.885714
-13.967033
-15.408791
-15.048352
-15.228571
-15.228571
-15.228571
-16.039560
-15.859341
-13.516484
-11.624176
-7.929670
-5.316484
-4.775824
-7.298901
-11.083516
-13.156044
-12.885714
-11.984615
-10.272527
-8.290110
-8.920879
-8.380220
-9.551648
-9.101099
-9.371429
-10.723077
-9.731868
-12.615385
-14.958242
-18.832967
-23.518681
-26.402198
-28.925275
-30.006593
-28.024176
-23.698901
