-4.914774
-4.745299
-11.524298
-7.456899
-9.490598
-5.084249
-6.355311
-2.203175
-5.507937
-4.491087
-9.151648
-5.762149
-7.202686
1.016850
-1.610012
3.050549
-3.558974
2.118437
3.220024
10.592186
11.185348
15.761172
7.626374
3.643712
-8.727961
-11.185348
-16.693284
-10.083761
-10.083761
-9.236386
-14.405372
-11.609035
-14.998535
-6.863736
-2.796337
5.592674
6.694261
6.270574
-0.169475
-0.338950
-5.084249
0.084737
5.423199
12.625885
12.880098
13.388523
6.524786
1.525275
-3.897924
-1.440537
3.389499
11.778510
16.184860
18.303297
14.829060
10.168498
1.779487
-1.610012
-2.118437
4.152137
6.694261
7.711111
5.592674
3.474237
3.813187
0.762637
3.728449
4.321612
7.372161
6.524786
4.406349
1.016850
2.542125
0.084737
3.389499
3.643712
5.762149
4.236874
10.846398
12.202198
12.710623
10.253236
10.676923
9.660073
11.354823
12.286935
12.202198
7.880586
9.236386
4.999512
4.914774
2.033700
3.982662
-1.186325
2.118437
-2.287912
-0.508425
-4.575824
-0.508425
-4.321612
-1.694750
-6.778999
-2.796337
-8.643223
-5.084249
-7.965324
-0.762637
0.847375
6.440049
4.491087
6.101099
0.169475
3.897924
0.932112
3.220024
1.186325
4.236874
0.254212
2.372650
-4.406349
-8.897436
-8.558486
-8.982173
-10.083761
-8.304274
-11.100611
-8.473748
-11.354823
-9.321123
-11.100611
-8.473748
-8.727961
-4.152137
-5.507937
-4.914774
-4.406349
-3.558974
-4.491087
-1.948962
-0.423687
-0.762637
-2.796337
-6.863736
-8.219536
-8.643223
-6.948474
-5.846886
-3.135287
-1.186325
-0.762637
-1.271062
-0.677900
1.440537
4.321612
5.253724
6.440049
4.575824
2.711600
1.440537
3.643712
4.321612
6.440049
6.185836
8.897436
1.440537
-4.406349
-9.660073
-6.863736
-7.965324
-7.202686
-10.676923
-12.541148
-15.083272
-13.727473
-15.930647
-6.948474
-4.236874
0.338950
0.169475
5.677411
3.050549
9.575336
7.202686
11.439560
3.304762
2.796337
-4.830037
-5.084249
-10.676923
-4.406349
-5.423199
-3.897924
-6.185836
-0.932112
-3.220024
-0.593162
-1.864225
3.982662
-1.610012
-1.101587
-4.491087
-5.846886
-8.643223
-7.795849
-13.134310
-3.897924
-4.575824
-2.457387
-4.830037
-1.525275
-2.033700
-0.762637
-1.694750
1.186325
-0.508425
-0.762637
-2.033700
-1.186325
1.271062
3.050549
7.287424
10.931136
12.202198
9.744811
10.253236
10.507448
11.270085
12.371673
17.540659
14.066422
10.337973
3.474237
1.779487
-0.169475
1.779487
0.169475
3.304762
1.440537
0.677900
-3.558974
-0.254212
-2.626862
1.355800
-0.762637
4.745299
2.796337
3.813187
0.338950
3.474237
-1.948962
1.779487
1.101587
5.507937
0.847375
1.101587
-4.321612
-3.474237
-8.134799
-5.423199
-7.372161
0.423687
-1.101587
-1.016850
-5.846886
-3.813187
-10.083761
-4.914774
-8.643223
-4.999512
-12.117460
-8.219536
-12.202198
-8.558486
-10.761661
-6.355311
-6.609524
-3.728449
-6.609524
-4.152137
-11.015873
-11.015873
-13.303785
-11.693773
-10.846398
-8.812698
-10.337973
-7.626374
-8.812698
-7.033211
-5.423199
-4.491087
-4.321612
-1.779487
0.593162
-0.932112
-0.847375
-5.253724
-6.524786
-8.134799
-8.050061
-8.219536
-7.541636
-7.880586
-1.948962
-3.897924
0.508425
-0.593162
5.762149
3.643712
7.626374
6.185836
11.524298
8.643223
15.930647
13.981685
17.201709
13.388523
13.134310
9.236386
12.032723
7.711111
14.151160
15.761172
21.099634
18.472772
20.167521
12.710623
11.270085
6.185836
6.778999
6.016361
11.778510
6.270574
2.457387
-7.795849
-10.592186
-19.320147
-17.879609
-19.659096
-16.100122
-19.235409
-16.862759
-23.472283
-20.421734
-25.421245
-22.963858
-22.963858
-15.761172
-17.455922
-14.066422
-17.540659
-15.845910
-18.049084
-15.930647
-15.252747
-12.032723
-14.829060
-13.134310
-13.134310
-12.371673
-13.134310
-13.981685
-14.744322
-10.083761
-5.338462
-2.287912
-0.762637
-0.254212
-2.033700
-1.864225
-1.101587
-1.610012
-0.677900
-0.423687
-0.847375
-2.457387
-3.135287
-6.440049
-5.338462
-7.117949
-5.084249
-6.270574
-5.253724
-7.117949
-2.881074
-2.711600
1.525275
0.084737
4.067399
5.592674
11.354823
11.609035
17.964347
16.947497
21.353846
18.218559
19.574359
17.964347
20.252259
19.574359
23.302808
20.675946
15.591697
18.303297
21.269109
17.625397
20.930159
17.032234
18.472772
14.151160
18.472772
13.049573
12.880098
5.846886
9.066911
8.982173
14.744322
13.388523
17.032234
11.863248
11.270085
7.965324
12.286935
11.100611
17.201709
16.354335
19.659096
16.184860
15.083272
9.744811
11.693773
7.456899
12.371673
11.947985
15.168010
8.304274
8.134799
2.118437
1.610012
0.000000
3.558974
3.897924
5.423199
-2.965812
-2.033700
-5.423199
-3.474237
-3.389499
0.169475
-3.389499
-1.016850
-5.677411
-2.881074
-3.728449
1.779487
0.000000
5.253724
2.372650
0.677900
-7.456899
-9.829548
-14.913797
-13.049573
-13.473260
-10.507448
-13.134310
-11.609035
-12.541148
-9.575336
-6.948474
-4.830037
-4.660562
-0.423687
-4.321612
-6.609524
-8.643223
-8.389011
-7.541636
-4.745299
-1.779487
0.847375
0.084737
1.694750
4.491087
6.524786
5.507937
6.440049
7.965324
2.711600
2.542125
-2.033700
-2.203175
-3.897924
-2.372650
-6.355311
-4.999512
-8.982173
-6.778999
-11.015873
-8.134799
-10.676923
-9.151648
-12.541148
-10.253236
-13.049573
-9.236386
-10.083761
-9.321123
-10.253236
-8.473748
-9.914286
-8.134799
-7.965324
-8.050061
-7.202686
-3.643712
-4.914774
-2.118437
-0.677900
2.965812
4.321612
8.643223
7.033211
9.575336
8.219536
11.270085
10.846398
11.863248
13.134310
14.066422
15.506960
13.642735
11.185348
8.643223
4.745299
-0.593162
-3.389499
-4.745299
-4.406349
-6.609524
-8.558486
-11.947985
-14.574847
-15.422222
-13.473260
-16.269597
-11.778510
-12.625885
-9.575336
-9.744811
-7.372161
-6.185836
-2.287912
1.694750
3.389499
5.253724
9.490598
11.354823
14.829060
14.744322
19.574359
17.371184
16.184860
13.049573
12.880098
11.100611
9.744811
6.694261
5.762149
2.203175
3.050549
-1.271062
2.965812
0.847375
4.745299
1.864225
4.830037
0.932112
0.338950
-1.948962
-1.016850
-1.948962
-0.423687
-1.948962
2.203175
1.355800
7.287424
10.168498
16.015385
17.879609
24.150183
22.285958
23.472283
21.777534
21.692796
15.761172
14.659585
10.592186
10.253236
7.711111
11.524298
9.660073
11.100611
4.914774
7.456899
1.779487
3.135287
1.525275
1.440537
-3.389499
-2.796337
-7.795849
-6.948474
-13.981685
-16.862759
-22.370696
-20.252259
-24.404396
-19.659096
-22.794383
-23.387546
-28.726007
-27.200733
-33.047619
-27.539683
-27.285470
-19.828571
-22.201221
-17.794872
-21.947009
-20.930159
-25.167033
-18.218559
-15.930647
-6.440049
-9.236386
-7.117949
-13.896947
-14.490110
-22.455433
-18.981197
-19.998046
-21.184371
-14.574847
-9.405861
-11.439560
-10.083761
-11.947985
-7.965324
-7.541636
-1.271062
0.762637
4.236874
0.593162
1.186325
-2.881074
-2.542125
-1.864225
-0.677900
-1.694750
-1.779487
-1.948962
-0.762637
-2.626862
-2.203175
-1.186325
0.932112
-4.067399
-7.965324
-10.337973
-9.660073
-8.473748
-9.321123
-8.389011
-6.948474
-5.253724
-3.982662
-1.864225
-2.711600
0.254212
0.593162
3.982662
5.677411
8.473748
7.287424
9.744811
7.880586
11.185348
11.100611
15.591697
13.557998
16.947497
14.151160
14.405372
12.541148
14.320635
14.066422
17.540659
14.490110
14.913797
10.931136
13.896947
10.507448
14.744322
13.727473
14.574847
7.965324
8.727961
1.525275
0.677900
-5.084249
-3.474237
-6.524786
-4.491087
-6.440049
-3.304762
-5.592674
2.287912
1.525275
6.101099
1.694750
6.101099
3.982662
8.727961
3.728449
3.897924
-0.677900
3.558974
-1.779487
0.593162
-0.677900
4.999512
1.610012
5.846886
1.864225
7.965324
6.101099
11.354823
10.337973
16.015385
11.185348
10.083761
4.745299
2.881074
-0.169475
4.491087
3.813187
6.355311
0.000000
2.033700
-0.932112
-0.508425
-2.542125
1.779487
-0.593162
-1.948962
-5.762149
-8.389011
-10.761661
-11.354823
-8.643223
-7.541636
-8.473748
-10.083761
-10.168498
-13.303785
-10.253236
-12.371673
-9.151648
-8.219536
-3.897924
-1.101587
2.287912
3.728449
5.084249
-0.254212
1.779487
2.287912
7.880586
6.694261
7.795849
3.558974
4.321612
1.016850
3.897924
2.372650
-0.254212
2.203175
6.270574
5.423199
10.761661
5.168987
3.643712
-0.423687
1.016850
0.000000
4.491087
4.236874
9.490598
6.778999
9.914286
7.033211
8.812698
5.084249
6.270574
3.897924
6.778999
2.203175
5.762149
4.660562
8.134799
3.728449
6.524786
1.779487
4.999512
1.948962
3.135287
1.610012
6.778999
4.067399
7.795849
6.524786
10.168498
5.592674
3.897924
-2.118437
-0.338950
-3.220024
-2.711600
-4.491087
-2.881074
-1.694750
1.271062
2.033700
4.830037
5.931624
9.744811
9.405861
10.592186
9.829548
7.626374
4.236874
-0.932112
-5.507937
-8.982173
-12.456410
-15.422222
-18.388034
-22.624908
-23.726496
-23.048596
-22.370696
-22.455433
-18.049084
-21.438584
-21.608059
-23.133333
-24.489133
-25.929670
-24.234921
-23.980708
-20.930159
-21.438584
-17.201709
-18.811722
-14.659585
-24.404396
-10.422711
-11.524298
-6.016361
-6.694261
-4.999512
-10.507448
-9.575336
-14.320635
-10.676923
-15.591697
-8.389011
-10.507448
-6.694261
-10.253236
-4.830037
-5.253724
0.677900
0.762637
2.711600
-4.830037
-7.117949
-12.456410
-13.981685
-19.065934
-13.134310
-11.524298
-4.660562
-2.626862
2.626862
3.813187
7.541636
5.338462
4.152137
1.948962
0.084737
-4.067399
-5.762149
-7.880586
-7.711111
-1.694750
-1.271062
3.050549
1.610012
7.117949
6.524786
10.083761
7.541636
9.490598
11.863248
18.981197
17.201709
16.608547
12.710623
14.066422
11.015873
14.744322
12.032723
15.083272
10.507448
13.557998
8.558486
12.032723
8.982173
13.303785
7.541636
13.473260
11.015873
14.235897
8.727961
12.032723
5.253724
9.914286
8.897436
13.642735
11.524298
12.964835
9.575336
10.253236
9.066911
9.151648
4.152137
2.542125
-1.440537
-3.813187
-6.270574
-7.541636
-8.134799
-10.592186
-9.405861
-9.829548
-5.846886
-4.406349
-1.610012
-1.525275
-1.271062
-3.813187
-3.135287
-7.711111
-7.965324
-13.642735
-12.541148
-17.116972
-13.557998
-15.506960
-11.947985
-14.490110
-11.778510
-11.270085
-6.440049
-7.033211
-0.338950
-0.169475
0.508425
4.067399
8.897436
4.236874
7.965324
2.287912
5.846886
-0.932112
3.558974
-0.593162
2.626862
-2.203175
-0.423687
-3.304762
2.965812
2.203175
8.558486
8.050061
12.710623
9.829548
14.574847
12.710623
16.269597
14.829060
22.455433
19.743834
23.980708
18.896459
21.947009
16.608547
18.896459
13.134310
15.337485
12.795360
15.422222
12.117460
15.506960
10.422711
13.812210
10.592186
12.964835
11.185348
16.862759
14.405372
18.388034
12.117460
15.337485
12.710623
16.354335
13.812210
19.913309
17.710134
19.998046
17.455922
16.778022
12.880098
11.609035
7.033211
1.864225
-3.220024
-5.677411
-7.287424
-4.745299
-4.152137
-0.423687
-0.338950
3.135287
2.372650
1.610012
2.542125
0.423687
-0.338950
-1.610012
-0.593162
-3.220024
-6.440049
-8.643223
-8.050061
-13.049573
-11.354823
-15.252747
-13.049573
-15.761172
-12.456410
-14.066422
-9.405861
-6.863736
-1.948962
-4.491087
-4.321612
-7.965324
-5.931624
-6.524786
-2.796337
-6.185836
-3.982662
-9.660073
-10.507448
-15.506960
-11.693773
-14.066422
-9.490598
-18.133822
-9.829548
-14.151160
-9.914286
-12.795360
-8.897436
-9.405861
-6.440049
-8.304274
-3.728449
-3.220024
3.220024
1.101587
2.287912
-5.253724
-6.524786
-14.829060
-15.591697
-18.472772
-17.710134
-20.675946
-17.286447
-22.201221
-20.760684
-26.438095
-22.709646
-23.133333
-18.303297
-18.896459
-16.184860
-17.964347
-14.151160
-17.964347
-17.710134
-18.218559
-14.151160
-13.134310
-7.965324
-7.626374
-1.355800
-1.779487
-2.626862
-4.914774
-0.338950
-2.796337
-2.457387
-1.440537
-1.186325
0.000000
-0.169475
-0.169475
-2.542125
-3.389499
-7.795849
-8.982173
-12.964835
-9.490598
-7.795849
-4.660562
-4.152137
-4.491087
-7.626374
-6.016361
-9.066911
-8.473748
-9.744811
-8.389011
-10.168498
-6.016361
-6.440049
-2.881074
-6.694261
-1.779487
-5.423199
-3.220024
-4.999512
-2.796337
-3.389499
1.101587
-2.203175
1.016850
1.186325
6.948474
8.897436
13.557998
10.507448
11.439560
8.558486
9.151648
4.152137
7.287424
3.474237
6.270574
2.287912
-1.525275
3.389499
6.863736
4.067399
13.219048
11.609035
17.032234
14.405372
19.998046
16.523810
19.320147
14.405372
14.659585
8.643223
10.676923
4.830037
9.151648
6.101099
10.507448
8.389011
14.659585
13.642735
19.828571
19.065934
20.760684
14.490110
16.269597
10.507448
11.778510
7.456899
7.880586
0.254212
2.626862
-3.982662
-4.321612
-13.134310
-11.439560
-17.964347
-16.947497
-21.099634
-15.930647
-16.439072
-11.693773
-14.320635
-10.931136
-12.964835
-10.507448
-14.659585
-10.592186
-15.083272
-10.931136
-20.421734
-8.727961
-11.439560
-7.541636
-15.845910
-13.473260
-20.167521
-17.201709
-21.014896
-17.286447
-20.082784
-14.913797
-14.405372
-12.710623
-16.947497
-12.795360
-13.473260
-8.050061
-7.456899
-1.186325
-2.542125
1.440537
0.677900
5.592674
5.253724
12.625885
12.710623
18.981197
18.388034
22.624908
22.455433
27.963370
30.759707
31.776557
27.370208
26.861783
20.591209
17.371184
11.354823
11.693773
6.694261
4.491087
2.796337
1.440537
-1.525275
-9.151648
-3.474237
0.338950
1.779487
3.813187
4.406349
2.965812
1.440537
0.084737
-2.287912
-0.677900
0.084737
1.016850
-0.593162
-0.847375
-1.948962
-0.593162
0.423687
4.321612
9.660073
13.303785
16.100122
18.642247
19.574359
15.506960
12.880098
7.456899
3.982662
1.440537
-1.864225
-3.220024
-5.423199
-5.931624
-7.541636
-4.999512
-2.796337
-1.186325
-1.101587
1.525275
2.203175
4.321612
5.168987
7.033211
6.948474
7.795849
7.202686
7.965324
-0.254212
8.134799
9.405861
10.168498
12.541148
16.354335
17.540659
19.998046
19.150672
18.642247
16.947497
16.778022
16.608547
16.015385
14.151160
10.083761
7.965324
4.491087
2.203175
1.186325
0.762637
-0.338950
1.271062
2.457387
7.372161
12.541148
14.235897
16.354335
19.998046
20.252259
20.506471
21.438584
23.641758
23.302808
27.878632
27.454945
29.064957
23.641758
20.930159
17.625397
15.761172
11.015873
9.744811
3.897924
0.423687
-3.304762
-1.864225
1.948962
1.779487
-2.118437
0.000000
-3.982662
-3.389499
-5.253724
-5.846886
-7.626374
-5.677411
-13.981685
-18.472772
-26.777045
-23.472283
-25.590720
-20.675946
-16.523810
-11.947985
-12.795360
-14.913797
-15.168010
-12.371673
-8.982173
-3.982662
-2.287912
-4.660562
-12.710623
-14.066422
-14.574847
-10.253236
-8.643223
-5.762149
-9.066911
-14.829060
-22.031746
-19.320147
-16.100122
-7.880586
-3.643712
-4.236874
-8.134799
-9.660073
-13.049573
-7.287424
-3.813187
2.118437
-2.711600
-8.050061
-14.998535
-17.964347
-21.014896
-21.692796
-21.353846
-22.794383
-23.302808
-25.251770
-25.760195
-23.387546
-16.862759
-13.388523
-13.049573
-16.100122
-18.726984
-20.421734
-21.947009
-20.336996
-17.794872
-13.134310
-9.236386
-5.168987
-4.236874
-3.050549
-2.965812
-0.508425
-0.423687
-0.847375
-2.711600
-2.457387
-0.254212
0.593162
-0.338950
1.610012
-5.084249
6.609524
8.727961
10.676923
12.964835
13.473260
13.642735
13.896947
12.710623
12.117460
8.304274
6.016361
4.575824
3.558974
2.542125
1.864225
2.881074
4.406349
4.914774
5.931624
7.795849
8.812698
9.829548
12.880098
10.507448
8.727961
6.609524
4.491087
-0.423687
-3.474237
-8.643223
-8.473748
-12.795360
-11.015873
-11.439560
-10.168498
-11.270085
-10.253236
-10.676923
-6.863736
-4.491087
3.220024
6.270574
10.507448
9.575336
10.168498
6.948474
5.168987
5.423199
3.897924
4.491087
6.101099
6.270574
10.931136
13.134310
15.083272
17.371184
16.269597
18.388034
20.760684
23.557021
25.929670
28.217582
31.268132
30.420757
31.946032
29.827595
27.200733
22.455433
16.862759
11.609035
4.236874
-8.304274
-4.999512
-6.355311
-8.897436
-8.982173
-8.389011
-2.542125
-4.152137
-1.779487
-5.338462
-8.558486
-15.676435
-16.608547
-21.523321
-18.557509
-19.235409
-19.828571
-20.591209
-19.320147
-20.082784
-17.371184
-12.541148
-7.880586
-12.710623
-13.727473
-15.168010
-11.524298
-8.812698
-6.016361
-5.846886
-4.575824
-6.355311
-3.389499
-1.948962
2.711600
3.220024
4.067399
0.084737
-0.932112
-3.389499
-3.389499
-4.152137
0.762637
1.271062
2.796337
0.423687
0.169475
-2.372650
-0.423687
-3.389499
0.000000
-1.779487
0.847375
-3.304762
-3.050549
-8.812698
-5.423199
-8.558486
-5.762149
-6.694261
-1.440537
-0.932112
2.118437
-3.220024
-3.897924
-8.812698
-6.694261
-13.134310
-8.050061
-8.727961
-5.507937
-12.880098
-14.998535
-21.269109
-17.286447
-18.981197
-15.761172
-15.930647
-12.202198
-19.998046
-18.981197
-25.844933
-20.930159
-24.573871
-21.269109
-23.387546
-22.709646
-31.691819
-31.098657
-32.200244
-28.980220
-33.386569
-28.048107
-33.301832
-32.369719
-34.488156
-30.081807
-28.726007
-22.879121
-23.557021
-17.540659
-18.981197
-13.727473
-13.642735
-5.931624
-6.185836
-3.050549
-6.440049
-5.677411
-11.778510
-9.236386
-11.524298
-7.965324
-9.236386
-4.914774
-7.117949
-8.304274
-11.693773
-6.440049
-7.711111
-5.084249
-6.778999
-6.355311
-10.337973
-8.219536
-9.405861
-7.541636
-8.558486
-8.897436
-9.405861
-6.185836
-5.507937
2.372650
5.592674
12.456410
13.642735
20.760684
21.862271
28.302320
31.946032
35.928694
35.335531
40.928205
44.571917
50.164591
47.961416
49.740904
48.893529
48.469841
47.707204
51.435653
42.877167
50.757753
45.334554
35.928694
41.606105
42.792430
28.387057
40.335043
39.572405
41.097680
38.725031
39.741880
37.792918
37.623443
34.572894
33.810256
28.387057
26.861783
24.573871
25.251770
21.947009
24.658608
22.879121
24.150183
22.794383
23.048596
21.523321
20.760684
15.761172
12.625885
8.558486
5.677411
3.474237
0.932112
-2.457387
-3.813187
-3.558974
-4.745299
-2.542125
0.423687
0.084737
-1.610012
-0.508425
-3.389499
-2.711600
-4.321612
-3.558974
-4.321612
-1.355800
-4.914774
-1.779487
-0.932112
2.626862
2.118437
6.440049
2.881074
6.948474
2.711600
7.202686
5.507937
7.795849
4.745299
5.846886
1.864225
4.152137
-2.287912
1.355800
-1.101587
2.626862
-3.220024
0.847375
-1.948962
0.762637
-4.999512
-3.897924
-9.066911
-4.830037
-8.473748
-3.050549
-5.677411
-1.186325
-4.236874
-3.389499
-7.456899
-4.406349
-9.321123
-8.727961
-14.744322
-13.557998
-16.015385
-13.557998
-15.337485
-10.676923
-11.439560
-8.050061
-10.083761
-7.795849
-9.151648
-9.575336
-9.236386
-10.422711
-12.286935
-12.880098
-13.049573
-14.659585
-15.083272
-14.320635
-11.524298
-10.761661
-9.575336
-11.609035
-8.897436
-9.914286
-5.677411
-5.168987
-2.033700
-7.880586
-9.405861
-17.455922
-17.540659
-19.065934
-14.151160
-16.778022
-11.524298
-12.964835
-9.914286
-11.863248
-5.253724
-9.405861
-4.830037
-6.609524
-5.084249
-7.626374
-3.643712
-8.558486
-7.033211
-9.236386
-4.999512
-13.303785
-3.304762
-4.152137
0.423687
-1.355800
0.593162
1.186325
5.423199
4.914774
7.541636
5.846886
10.083761
8.982173
11.100611
12.202198
12.795360
12.371673
10.507448
8.897436
5.423199
9.151648
11.439560
16.523810
15.761172
17.032234
12.541148
9.829548
3.135287
3.643712
3.050549
4.575824
-1.948962
-4.067399
-10.507448
-9.066911
-5.931624
4.745299
7.541636
13.388523
11.354823
15.168010
10.761661
12.795360
9.066911
11.863248
6.863736
7.117949
2.287912
5.592674
3.050549
9.405861
9.999023
14.744322
8.727961
7.287424
0.254212
-0.847375
-5.846886
-3.050549
-2.881074
-0.254212
-4.067399
-4.236874
-8.897436
-7.965324
-7.880586
-2.287912
-5.846886
-7.202686
-14.659585
-16.439072
-21.862271
-21.438584
-22.624908
-16.778022
-12.710623
-10.592186
-15.676435
-21.099634
-24.489133
-25.336508
-25.929670
-25.336508
-23.218071
-20.336996
-18.049084
-16.269597
-17.455922
-18.642247
-18.388034
-20.082784
-19.489621
-21.099634
-17.794872
-17.286447
-15.168010
-18.303297
-18.218559
-16.693284
-11.778510
-13.812210
-9.914286
-12.371673
-9.405861
-11.524298
-6.440049
-18.557509
-6.778999
-10.676923
-7.456899
-12.032723
-8.389011
-10.846398
-6.778999
-9.999023
-3.558974
-7.372161
-2.711600
-4.575824
-1.948962
-3.643712
1.186325
-0.932112
2.118437
-0.677900
1.525275
-2.287912
-1.101587
-3.050549
0.508425
-1.271062
0.762637
-0.338950
-0.508425
-1.779487
2.287912
1.186325
3.135287
-0.677900
0.508425
-1.440537
-3.982662
-5.592674
-7.880586
-6.101099
-6.185836
-5.168987
-8.304274
-7.795849
-9.405861
-7.117949
-8.473748
-2.881074
-4.406349
1.016850
-1.186325
0.508425
-0.593162
2.372650
-0.677900
3.389499
-0.932112
2.033700
-4.152137
0.847375
-2.711600
0.338950
-1.186325
2.965812
0.508425
0.762637
-4.236874
-0.423687
-1.101587
4.660562
4.660562
8.389011
4.914774
4.745299
1.948962
4.406349
5.168987
4.067399
4.406349
2.033700
-0.084737
-3.050549
-2.711600
-3.813187
0.677900
0.338950
3.643712
