-2.883516
-5.857143
-7.118681
-8.560440
-5.316484
-3.153846
-1.261538
-0.180220
2.523077
2.252747
4.054945
2.613187
1.531868
-0.720879
-2.523077
-7.208791
-9.551648
-9.101099
-7.389011
-6.217582
-3.784615
-2.162637
1.081319
4.235165
5.136264
2.883516
-0.540659
-3.874725
-6.938462
-7.659341
-13.786813
-17.030769
-18.202198
-19.824176
-18.832967
-19.013187
-15.949451
-13.516484
-12.975824
-10.993407
-12.885714
-16.940659
-17.571429
-20.184615
-18.382418
-17.030769
-15.408791
-14.687912
-10.452747
-5.676923
-0.901099
0.540659
2.252747
-0.180220
1.351648
0.540659
-0.360440
-3.874725
-7.479121
-5.676923
-4.685714
-2.072527
1.351648
2.523077
6.307692
10.182418
14.057143
14.507692
11.894505
8.740659
7.389011
3.874725
7.298901
7.118681
8.560440
6.938462
6.307692
6.217582
7.118681
8.019780
11.353846
9.461538
13.516484
11.894505
12.435165
10.452747
6.848352
3.063736
-0.180220
-0.901099
-0.360440
1.081319
3.063736
5.947253
4.956044
5.226374
5.046154
3.784615
4.415385
1.892308
0.810989
1.351648
2.432967
3.964835
4.685714
7.569231
7.118681
5.857143
5.676923
5.136264
6.307692
8.200000
8.650549
7.839560
8.019780
8.380220
8.740659
7.569231
9.010989
11.083516
13.786813
16.129670
17.481319
15.498901
16.309890
19.013187
19.553846
19.553846
18.832967
17.481319
14.417582
13.426374
11.984615
8.019780
6.938462
4.865934
5.226374
3.874725
1.892308
-0.810989
-3.334066
-5.947253
-4.685714
-4.956044
-4.595604
-5.857143
-6.668132
-6.758242
-5.226374
-2.252747
2.072527
5.136264
11.804396
10.632967
10.272527
9.371429
12.705495
14.778022
19.914286
22.978022
24.960440
27.032967
27.123077
25.050549
23.698901
21.896703
23.518681
26.492308
30.276923
33.070330
35.683516
36.945055
37.485714
38.116484
38.116484
37.395604
35.413187
31.538462
25.951648
20.635165
14.507692
8.650549
2.162637
0.630769
-1.441758
-3.874725
-6.938462
-9.281319
-10.362637
-12.074725
-15.949451
-18.292308
-23.338462
-29.556044
-33.791209
-35.323077
-36.314286
-35.773626
-35.232967
-32.890110
-33.610989
-34.331868
-35.413187
-35.953846
-34.692308
-32.439560
-29.105495
-28.925275
-30.637363
-33.160440
-35.773626
-35.503297
-34.782418
-34.151648
-33.070330
-33.881319
-36.224176
-37.665934
-39.828571
-37.485714
-35.593407
-34.692308
-36.674725
-35.142857
-34.151648
-33.881319
-33.971429
-32.980220
-32.980220
-33.430769
-32.800000
-33.160440
-33.701099
-33.520879
-33.340659
-33.791209
-34.061538
-33.430769
-33.881319
-35.593407
-31.538462
-28.294505
-26.672527
-27.032967
-26.041758
-24.960440
-26.041758
-26.131868
-23.608791
-19.283516
-18.652747
-12.074725
-8.740659
-6.037363
-7.028571
-4.775824
0.090110
1.982418
2.883516
1.261538
-0.270330
0.630769
1.261538
3.784615
7.569231
11.173626
14.687912
16.219780
17.751648
19.193407
22.797802
29.105495
33.610989
35.773626
33.160440
29.736264
29.826374
29.015385
26.582418
26.852747
27.483516
26.942857
26.402198
25.861538
27.663736
28.654945
33.160440
37.485714
41.270330
42.802198
40.098901
36.764835
34.151648
33.070330
33.610989
34.421978
32.169231
29.195604
23.338462
20.364835
17.030769
17.120879
19.013187
21.806593
24.690110
27.934066
28.835165
26.221978
22.167033
17.841758
15.949451
13.065934
12.525275
13.156044
10.542857
13.696703
14.687912
16.580220
16.039560
18.021978
16.490110
12.164835
8.380220
6.848352
6.578022
5.767033
4.054945
2.342857
4.235165
5.496703
3.694505
3.063736
0.180220
-0.180220
2.072527
4.595604
5.676923
9.641758
9.191209
10.182418
7.118681
3.784615
0.360440
-5.226374
-9.461538
-11.263736
-14.958242
-25.501099
-19.283516
-21.085714
-23.158242
-23.158242
-20.725275
-19.373626
-19.643956
-20.905495
-20.815385
-19.103297
-19.734066
-19.373626
-19.824176
-20.274725
-22.167033
-21.446154
-20.364835
-17.841758
-14.147253
-10.632967
-9.010989
-7.389011
-4.775824
-8.200000
-4.775824
-5.136264
-5.046154
-5.857143
-7.389011
-6.487912
-4.956044
-2.072527
-0.180220
1.982418
3.514286
3.604396
1.982418
0.090110
-0.270330
0.630769
3.063736
4.865934
6.758242
7.208791
7.479121
3.964835
0.991209
-3.694505
-6.758242
-11.804396
-12.254945
-12.525275
-12.345055
-11.804396
-8.830769
-4.235165
-0.180220
2.973626
5.316484
6.848352
5.496703
3.784615
3.784615
3.063736
3.243956
3.153846
5.136264
4.685714
4.865934
5.676923
9.551648
11.534066
14.507692
13.156044
11.894505
12.435165
10.813187
8.109890
6.758242
4.775824
4.595604
3.424176
3.424176
2.793407
4.956044
6.397802
6.758242
5.947253
5.586813
5.496703
4.145055
3.514286
5.316484
8.200000
11.714286
11.804396
12.885714
2.252747
14.417582
12.795604
10.092308
11.714286
12.885714
11.534066
11.804396
9.101099
10.993407
12.345055
12.164835
7.389011
7.298901
5.136264
2.703297
1.892308
0.000000
-1.441758
0.090110
-0.540659
1.621978
2.973626
6.037363
7.659341
11.173626
10.272527
9.551648
6.938462
6.668132
6.217582
7.208791
3.964835
4.415385
3.334066
5.046154
3.514286
4.775824
2.793407
1.712088
-0.360440
-3.424176
-5.857143
-8.740659
-8.290110
-7.298901
-7.298901
-4.235165
-1.171429
2.072527
5.676923
8.109890
5.316484
4.865934
3.874725
3.784615
1.802198
-0.810989
-1.531868
-3.784615
-4.505495
-2.883516
-3.604396
-1.802198
-0.270330
0.090110
0.810989
-0.090110
-1.261538
-3.694505
-6.217582
-9.371429
-10.002198
-6.848352
-6.668132
-4.505495
-4.505495
-3.334066
-2.703297
-2.793407
-1.621978
-4.145055
-3.334066
-4.775824
-5.676923
-2.973626
-0.360440
1.171429
1.351648
4.145055
3.604396
1.892308
-2.072527
-1.982418
-1.621978
-4.685714
-8.830769
-12.705495
-12.615385
-10.272527
-8.740659
-10.542857
-11.443956
-10.813187
-7.839560
-10.182418
-11.083516
-10.813187
-8.740659
-7.389011
-5.226374
-5.496703
-9.010989
-8.740659
-10.452747
-9.551648
-7.208791
-8.200000
-5.496703
-5.947253
-2.793407
-2.973626
-4.054945
-3.243956
-1.802198
-2.072527
-0.540659
-0.540659
-0.540659
-1.802198
-1.621978
1.261538
2.613187
0.991209
1.171429
0.630769
1.081319
-0.180220
-0.720879
-5.226374
-4.685714
-5.226374
-6.217582
-6.668132
-6.037363
-8.109890
-9.371429
-9.461538
-7.839560
-4.956044
-1.802198
1.171429
4.865934
6.127473
6.668132
8.830769
7.659341
4.595604
4.054945
2.432967
2.162637
-1.081319
-1.171429
-1.531868
-0.360440
1.261538
5.767033
7.929670
8.650549
10.092308
10.002198
9.821978
10.272527
9.551648
7.749451
4.775824
0.810989
-0.720879
-0.991209
-1.171429
1.261538
1.712088
3.514286
0.090110
1.261538
-0.720879
-3.424176
-3.604396
-3.964835
-3.063736
-1.261538
0.180220
0.991209
-1.261538
1.351648
4.865934
10.542857
11.353846
10.182418
4.956044
-7.298901
-0.360440
-2.432967
-0.540659
-0.810989
-1.261538
0.901099
3.334066
3.874725
2.793407
4.595604
1.171429
1.802198
2.432967
4.865934
3.514286
1.261538
-0.810989
-0.901099
2.252747
4.956044
6.127473
8.470330
8.650549
9.191209
11.173626
14.687912
17.301099
21.085714
19.643956
17.210989
9.461538
4.415385
0.720879
1.351648
4.956044
10.002198
10.723077
11.624176
9.281319
6.578022
2.613187
2.432967
2.523077
3.604396
3.153846
0.540659
-2.793407
-5.406593
-6.037363
-4.685714
-0.180220
3.784615
6.848352
8.019780
7.028571
1.712088
-0.810989
-3.243956
-3.334066
-3.694505
-5.406593
-8.200000
-14.057143
-16.129670
-15.318681
-9.461538
-7.479121
-1.982418
0.991209
2.793407
3.424176
1.802198
0.810989
1.712088
3.604396
4.775824
2.973626
1.892308
0.540659
0.000000
1.171429
5.767033
10.362637
16.490110
17.481319
15.859341
12.164835
8.380220
9.191209
8.560440
10.272527
9.461538
8.019780
2.072527
-2.162637
-4.415385
-2.523077
4.505495
6.037363
5.406593
-0.450549
-3.964835
-5.767033
-7.389011
-8.650549
-8.470330
-10.182418
-12.525275
-15.138462
-14.778022
-12.254945
-10.542857
-8.200000
-5.046154
-3.514286
-2.703297
-1.621978
-2.973626
0.540659
0.450549
1.621978
3.514286
5.136264
3.874725
2.342857
-0.540659
-6.938462
-9.551648
-13.696703
-16.850549
-15.679121
-13.696703
-14.687912
-14.417582
-14.327473
-12.705495
-11.443956
-10.542857
-8.740659
-5.046154
-3.694505
-0.630769
-1.081319
2.072527
3.604396
2.342857
3.874725
3.424176
2.703297
3.243956
2.703297
3.964835
5.586813
2.342857
0.180220
-2.613187
-6.307692
-9.821978
-9.821978
-7.929670
-7.118681
-5.226374
-2.342857
2.613187
4.325275
4.235165
2.613187
1.892308
0.720879
-2.793407
-6.848352
-8.560440
-12.164835
-9.641758
-8.830769
-2.793407
-0.270330
1.261538
-0.360440
-1.261538
-4.505495
-6.037363
-5.947253
-4.775824
-2.703297
-0.360440
2.342857
6.307692
9.281319
9.641758
7.929670
7.118681
7.208791
8.290110
6.758242
9.461538
7.659341
7.208791
5.857143
4.775824
-0.630769
-4.595604
-6.397802
-6.578022
-7.839560
-6.217582
-3.784615
-2.883516
-2.613187
0.450549
2.342857
3.334066
1.802198
-0.810989
-6.668132
-9.191209
-10.903297
-8.920879
-8.109890
-4.685714
0.630769
5.226374
7.028571
9.912088
6.758242
7.839560
5.046154
2.432967
0.901099
1.621978
0.360440
4.685714
6.578022
9.101099
9.641758
11.353846
10.002198
9.641758
7.659341
10.542857
9.731868
10.362637
8.650549
10.542857
11.083516
11.894505
6.487912
11.624176
13.246154
12.705495
11.894505
13.786813
14.597802
17.030769
15.679121
13.876923
11.804396
10.452747
12.525275
12.345055
15.048352
18.472527
18.742857
16.580220
11.984615
8.290110
3.514286
4.325275
3.334066
3.964835
2.703297
5.406593
5.136264
5.857143
5.947253
5.226374
5.046154
3.964835
2.613187
1.261538
0.090110
-0.090110
-0.991209
-0.270330
0.901099
2.162637
3.424176
4.505495
5.496703
4.865934
3.964835
6.668132
7.298901
9.551648
9.191209
8.920879
8.740659
8.019780
5.947253
6.037363
4.054945
4.054945
3.964835
0.720879
0.090110
1.802198
1.261538
0.540659
-0.360440
0.270330
-2.883516
-4.054945
-7.749451
-10.542857
-12.525275
-12.435165
-11.714286
-8.200000
-3.243956
1.621978
7.749451
11.083516
16.400000
22.347253
22.797802
19.013187
13.156044
5.586813
-1.081319
-5.676923
-9.641758
-11.173626
-11.353846
-9.101099
-8.290110
-3.964835
-0.720879
1.351648
3.604396
5.046154
2.703297
-0.901099
-3.694505
-9.010989
-14.507692
-17.030769
-19.463736
-22.887912
-21.356044
-19.013187
-18.382418
-14.507692
-11.534066
-9.731868
-8.560440
-8.470330
-10.542857
-12.254945
-14.778022
-18.832967
-20.004396
-19.463736
-20.905495
-21.536264
-19.643956
-20.004396
-17.391209
-15.498901
-13.967033
-10.993407
-8.740659
-10.542857
-10.362637
-13.606593
-18.472527
-20.815385
-19.914286
-20.815385
-18.382418
-13.696703
-8.740659
-3.694505
-2.252747
0.360440
0.991209
2.072527
0.270330
-4.235165
-10.272527
-14.327473
-18.652747
-21.356044
-18.832967
-17.481319
-15.138462
-10.903297
-5.136264
-0.450549
5.316484
8.470330
6.578022
-0.540659
-0.540659
-4.415385
-7.929670
-10.272527
-10.092308
-5.767033
0.810989
4.956044
9.912088
10.272527
11.353846
7.479121
3.334066
1.621978
-0.180220
-2.523077
-4.505495
-8.560440
-9.641758
-12.975824
-7.929670
-4.325275
2.883516
4.325275
8.650549
8.109890
7.389011
0.360440
-1.892308
-1.712088
-0.360440
0.270330
0.090110
-0.901099
1.802198
5.496703
7.389011
13.246154
18.112088
23.068132
26.762637
26.402198
22.617582
19.824176
19.914286
16.580220
14.057143
12.074725
7.929670
8.019780
10.903297
13.516484
17.661538
22.978022
25.681319
26.762637
21.175824
14.507692
7.839560
2.973626
1.171429
3.063736
6.578022
13.156044
18.562637
24.870330
29.285714
33.971429
33.881319
33.881319
25.951648
28.204396
21.716484
14.868132
8.019780
5.406593
4.235165
5.136264
5.136264
7.479121
2.973626
-2.613187
-6.307692
-8.290110
-12.525275
-12.345055
-11.353846
-10.272527
-9.101099
-7.208791
-3.694505
-1.712088
2.072527
2.703297
0.901099
-0.270330
-1.261538
-3.243956
0.090110
1.982418
5.586813
8.470330
9.191209
9.641758
8.200000
7.298901
3.334066
0.720879
-0.720879
-1.621978
-0.901099
-1.351648
1.531868
1.351648
2.613187
4.325275
5.947253
8.560440
5.676923
4.595604
1.621978
1.081319
0.630769
4.415385
9.821978
11.263736
4.956044
2.703297
1.351648
0.540659
3.153846
10.182418
15.589011
21.446154
26.942857
27.393407
29.826374
34.151648
33.250549
29.285714
28.384615
27.393407
27.934066
26.041758
20.635165
18.112088
15.589011
13.967033
9.191209
7.659341
9.912088
10.452747
10.813187
9.191209
8.290110
5.586813
5.496703
0.270330
8.920879
10.993407
12.615385
11.173626
9.191209
9.821978
10.993407
11.443956
8.830769
9.281319
8.920879
3.784615
3.604396
3.424176
0.270330
-3.063736
-4.775824
-7.839560
-10.632967
-15.679121
-16.670330
-19.643956
-22.076923
-23.248352
-23.338462
-30.006593
-35.052747
-37.215385
-38.657143
-39.648352
-41.720879
-41.090110
-40.909890
-40.729670
-39.738462
-40.729670
-38.386813
-33.791209
-26.672527
-20.545055
-14.868132
-13.156044
-9.101099
-16.309890
-5.767033
-5.406593
-6.397802
-8.109890
-8.560440
-11.353846
-12.345055
-15.498901
-16.760440
-17.301099
-16.309890
-15.859341
-13.156044
-13.426374
-14.327473
-15.048352
-13.967033
-11.804396
-9.461538
-10.362637
-10.632967
-10.542857
-6.848352
0.090110
7.929670
12.164835
13.967033
15.769231
17.210989
15.769231
18.742857
20.184615
24.149451
23.789011
23.158242
21.356044
20.995604
19.643956
18.562637
19.463736
19.193407
15.679121
11.534066
7.389011
3.424176
-2.883516
-4.685714
-7.208791
-5.767033
-7.028571
-5.676923
-6.848352
-5.406593
-5.226374
-5.857143
-5.947253
-7.118681
-9.551648
-14.057143
-16.940659
-16.129670
-15.498901
-11.173626
-8.470330
-5.767033
-4.685714
-2.432967
1.171429
5.767033
5.947253
8.560440
8.470330
8.290110
5.406593
1.531868
-3.424176
-0.450549
2.523077
10.542857
17.751648
26.762637
32.890110
37.215385
38.657143
39.107692
37.665934
35.773626
33.160440
30.997802
28.024176
25.591209
21.085714
17.210989
16.580220
14.868132
12.164835
12.074725
9.821978
5.947253
-2.432967
-7.839560
-14.147253
-15.949451
-21.626374
-10.182418
-5.857143
-3.334066
-3.153846
-2.613187
-1.531868
-0.360440
-1.712088
-3.874725
-7.118681
-10.813187
-18.472527
-24.690110
-29.556044
-31.268132
-32.349451
-28.474725
-27.393407
-23.428571
-20.725275
-21.356044
-21.896703
-21.626374
-27.483516
-32.079121
-32.169231
-30.006593
-31.087912
-28.024176
-27.934066
-25.050549
-22.797802
-18.742857
-17.661538
-12.345055
-11.804396
-9.821978
-12.164835
-15.048352
-15.589011
-15.589011
-19.463736
-18.112088
-17.661538
-17.030769
-18.112088
-14.147253
-10.723077
-7.839560
-4.235165
0.540659
1.712088
-1.171429
-2.973626
-4.595604
-6.487912
-6.037363
-4.145055
-3.874725
-2.162637
2.523077
7.118681
11.624176
10.092308
9.821978
4.956044
-1.081319
-5.046154
-5.496703
-5.586813
-3.694505
-1.531868
3.514286
5.676923
7.298901
8.109890
8.740659
4.145055
0.901099
-2.162637
-4.865934
-6.668132
-8.290110
-8.740659
-7.569231
-2.883516
3.334066
8.380220
14.507692
19.914286
21.356044
19.463736
13.876923
9.461538
5.046154
2.793407
4.865934
7.839560
10.092308
7.208791
5.316484
3.874725
4.325275
4.054945
2.973626
0.450549
0.901099
0.720879
2.342857
5.947253
5.586813
7.569231
9.010989
12.164835
14.147253
17.661538
22.347253
25.320879
26.312088
25.951648
24.149451
23.158242
24.329670
26.221978
23.789011
18.923077
18.652747
15.679121
11.624176
10.903297
7.389011
5.586813
4.415385
5.046154
7.298901
10.723077
11.984615
11.804396
8.560440
8.470330
7.479121
6.217582
1.982418
-0.991209
-2.883516
-3.153846
-4.775824
-4.054945
-0.810989
7.389011
12.164835
16.400000
13.786813
13.606593
10.813187
7.749451
4.595604
4.235165
3.874725
4.775824
6.307692
8.920879
8.830769
10.632967
9.461538
11.263736
9.912088
8.650549
7.659341
5.947253
5.947253
4.865934
5.947253
7.839560
11.083516
14.687912
16.580220
15.679121
16.309890
16.400000
14.057143
9.371429
-2.252747
-10.092308
-19.643956
-20.635165
-20.905495
-18.472527
-9.551648
1.171429
10.452747
15.138462
16.490110
16.850549
13.336264
9.010989
3.514286
0.360440
-1.802198
-3.153846
-5.947253
-7.749451
-7.839560
-8.740659
-8.109890
-6.938462
-9.281319
-10.723077
-8.650549
-6.217582
-3.243956
-2.072527
-1.892308
-0.901099
1.621978
2.973626
6.397802
4.415385
-1.081319
-8.290110
-17.391209
-17.931868
-16.309890
-9.461538
-8.019780
-5.316484
-7.929670
-6.938462
-5.586813
-4.054945
-6.487912
-6.487912
-6.397802
-5.496703
-3.243956
0.720879
2.432967
2.613187
1.621978
-0.450549
-3.334066
-5.226374
-9.010989
-9.821978
-13.606593
-13.876923
-14.237363
-12.525275
-10.723077
-6.127473
-2.072527
5.586813
8.019780
10.632967
12.615385
14.597802
11.624176
8.470330
6.487912
5.136264
2.252747
-0.810989
-3.874725
-3.784615
-5.947253
-9.641758
-7.028571
-5.046154
-3.694505
-1.531868
-0.180220
0.991209
-0.450549
-1.621978
-2.703297
-10.272527
-8.470330
-9.461538
-8.830769
-8.830769
-7.749451
-6.938462
-7.118681
-6.307692
-7.749451
-5.947253
-9.551648
-12.525275
-17.481319
-21.175824
-22.797802
-20.184615
-17.841758
-16.400000
-14.958242
-14.597802
-12.345055
-7.389011
-3.424176
0.720879
4.685714
6.037363
5.226374
-2.973626
-11.624176
-13.516484
-12.705495
-6.848352
0.000000
6.668132
10.813187
11.263736
14.237363
19.283516
22.617582
26.041758
26.131868
25.861538
18.292308
9.191209
-0.090110
-1.081319
-0.901099
4.415385
10.002198
13.696703
17.030769
17.751648
16.850549
14.868132
16.039560
18.292308
20.184615
19.193407
8.740659
-1.802198
-8.650549
-7.479121
-4.505495
2.973626
8.830769
15.048352
16.670330
13.967033
10.813187
8.920879
9.641758
10.813187
12.885714
11.443956
6.037363
-2.703297
-9.821978
-13.065934
-11.353846
-6.758242
-2.613187
3.243956
5.316484
7.479121
5.046154
4.505495
2.342857
2.703297
1.712088
0.810989
-5.406593
-11.894505
-15.408791
-14.507692
-12.795604
-8.200000
-7.298901
-9.551648
-14.147253
-19.373626
-20.184615
-21.446154
-16.670330
-10.813187
-2.973626
-3.604396
-2.883516
-8.290110
-11.624176
-11.714286
-7.929670
-4.415385
2.252747
2.973626
-1.081319
-5.947253
-9.461538
-12.164835
-10.092308
-3.153846
1.441758
3.153846
5.046154
4.054945
2.072527
1.351648
1.892308
4.505495
9.010989
16.580220
20.725275
22.707692
20.545055
15.949451
6.848352
0.991209
-0.720879
-2.613187
-4.235165
-4.775824
-5.496703
-5.046154
-1.351648
4.325275
10.903297
17.841758
18.562637
15.138462
13.786813
11.624176
12.975824
13.246154
14.147253
13.967033
14.327473
14.057143
12.705495
13.336264
13.156044
13.606593
11.353846
7.389011
2.793407
-3.243956
-7.569231
-9.912088
-8.740659
-9.281319
-4.956044
1.171429
7.389011
10.813187
14.237363
11.173626
8.200000
7.479121
3.424176
3.514286
5.947253
9.281319
12.525275
14.237363
17.120879
18.742857
17.931868
14.057143
10.002198
3.874725
-3.604396
-6.848352
-10.903297
-13.426374
-12.705495
-12.975824
-13.246154
-14.687912
-13.876923
-15.138462
-16.760440
-16.940659
-18.112088
-17.210989
-18.202198
-18.382418
-19.734066
-18.923077
-24.780220
-18.382418
-18.923077
-21.716484
-22.347253
-23.068132
-22.887912
-23.158242
-23.698901
-23.518681
-23.879121
-24.509890
-25.140659
-26.312088
-25.230769
-26.221978
-25.050549
-25.951648
-25.951648
-26.582418
-25.320879
-22.257143
-21.356044
-20.635165
-19.553846
-17.120879
-16.580220
-15.138462
-16.039560
-16.670330
-15.318681
-11.894505
-7.389011
-4.595604
-3.694505
-3.964835
-3.784615
-4.415385
-4.325275
-4.415385
-2.793407
-3.063736
0.810989
1.892308
6.127473
6.578022
10.723077
14.507692
16.580220
14.868132
15.228571
12.705495
11.173626
11.984615
11.714286
9.731868
10.002198
11.624176
11.534066
13.156044
14.507692
14.778022
16.039560
16.219780
17.210989
16.309890
12.254945
11.714286
10.272527
7.929670
8.109890
9.010989
10.632967
13.876923
17.661538
19.553846
22.527473
20.454945
21.446154
17.661538
16.760440
16.400000
14.868132
14.417582
12.975824
16.490110
23.608791
23.789011
24.149451
23.248352
21.806593
19.013187
16.039560
13.426374
12.795604
12.885714
13.606593
14.597802
15.679121
15.949451
16.850549
17.210989
21.536264
21.085714
21.356044
19.193407
18.382418
14.687912
11.984615
11.804396
9.281319
7.479121
9.371429
10.723077
13.246154
16.490110
18.562637
20.094505
20.815385
18.202198
13.516484
11.804396
9.461538
8.740659
6.578022
5.767033
7.118681
9.191209
10.542857
10.362637
14.327473
14.417582
10.542857
8.560440
6.397802
6.938462
7.839560
11.263736
15.589011
22.527473
27.843956
32.169231
38.747253
44.874725
47.758242
49.290110
50.641758
48.839560
44.964835
40.279121
29.556044
21.626374
18.202198
16.580220
18.112088
20.635165
22.257143
22.257143
20.815385
18.202198
14.597802
14.868132
10.813187
7.929670
