-16.778022
-12.032723
-12.795360
-9.575336
-10.253236
-7.456899
-9.914286
-11.015873
-9.490598
-9.151648
-10.846398
-7.880586
-9.744811
-10.507448
-12.456410
-12.202198
-15.168010
-15.591697
-18.049084
-15.845910
-15.676435
-14.235897
-12.456410
-8.812698
-10.676923
-11.439560
-10.422711
-4.236874
2.457387
-1.694750
9.405861
12.032723
7.711111
11.524298
11.354823
7.626374
3.813187
-1.101587
-4.830037
-8.219536
-8.727961
-10.761661
-9.490598
-12.541148
-9.744811
-12.286935
-12.541148
-10.931136
-7.456899
-6.863736
-5.253724
-7.202686
-7.541636
-7.711111
-7.965324
-8.727961
-7.626374
-8.050061
-6.016361
-6.016361
-2.457387
-2.796337
1.864225
-3.643712
-5.168987
-10.761661
-11.270085
-12.880098
-10.337973
-13.049573
-11.015873
-8.727961
-2.372650
2.711600
11.947985
16.354335
20.930159
20.082784
23.726496
21.777534
26.268620
29.488645
37.538706
40.843468
46.775092
46.351404
48.300366
43.131380
41.690842
37.369231
33.979731
29.573382
23.302808
18.557509
16.862759
11.778510
14.235897
11.609035
12.371673
6.524786
4.830037
4.152137
5.507937
3.643712
2.118437
-2.542125
-3.558974
-8.050061
-8.643223
-12.964835
-13.642735
-14.574847
-18.133822
-23.557021
-26.353358
-28.641270
-25.082295
-23.048596
-20.167521
-21.353846
-21.523321
-22.455433
-24.997558
-27.709158
-25.760195
-25.590720
-23.811233
-22.540171
-20.336996
-23.895971
-28.217582
-30.505495
-29.997070
-23.895971
-17.371184
-12.032723
-12.710623
-21.777534
-16.439072
-19.743834
-20.845421
-20.760684
-12.541148
-3.304762
-3.558974
-9.999023
-10.253236
-12.456410
-16.100122
-11.015873
-3.643712
-0.593162
-2.287912
-4.067399
-7.287424
-6.524786
-7.626374
4.575824
11.524298
11.778510
9.490598
8.897436
6.355311
10.592186
14.913797
26.607570
31.522344
36.437118
26.692308
23.048596
17.710134
15.845910
16.354335
23.218071
26.861783
27.709158
22.031746
20.336996
18.218559
18.472772
20.082784
27.709158
32.878144
34.149206
30.166545
28.641270
27.454945
27.200733
24.573871
27.624420
26.946520
25.082295
19.150672
16.608547
17.201709
20.252259
17.879609
19.320147
19.404884
19.320147
18.811722
17.116972
16.947497
14.913797
12.880098
10.337973
7.880586
4.660562
5.253724
2.203175
4.321612
1.864225
5.507937
2.457387
0.762637
-4.491087
-5.507937
-8.050061
-5.168987
-4.406349
-1.864225
-0.084737
2.033700
-3.982662
-6.440049
-10.168498
-9.405861
-11.778510
-9.999023
-10.168498
-8.134799
-9.066911
-8.389011
-10.337973
-9.999023
-12.710623
-11.778510
-12.032723
-8.897436
-6.948474
-5.677411
-7.711111
-6.609524
-9.660073
-7.117949
-7.033211
-5.677411
-4.745299
-6.609524
-10.931136
-14.913797
-17.879609
-19.150672
-20.421734
-21.438584
-20.675946
-20.506471
-18.726984
-15.676435
-14.235897
-16.862759
-16.947497
-16.015385
-12.541148
-10.846398
-8.727961
-10.168498
-8.897436
-12.117460
-12.202198
-15.845910
-16.184860
-18.303297
-20.591209
-15.168010
-11.439560
-10.337973
-7.117949
-7.965324
-4.660562
-4.830037
-3.135287
-3.474237
-0.254212
1.271062
2.457387
0.084737
0.762637
-3.135287
-4.660562
-9.321123
-9.405861
-13.134310
-8.982173
-9.999023
-5.592674
-3.304762
2.881074
6.101099
11.185348
11.778510
16.862759
17.201709
17.879609
14.998535
14.829060
10.846398
12.286935
8.304274
9.660073
6.270574
3.982662
-1.355800
-1.948962
-2.711600
-1.355800
-9.829548
-1.864225
-2.203175
0.423687
0.593162
3.813187
1.610012
2.033700
-0.254212
1.271062
1.016850
2.881074
4.660562
4.914774
3.474237
3.728449
3.135287
4.660562
2.796337
1.864225
1.864225
1.694750
4.745299
7.880586
13.557998
15.591697
19.659096
21.353846
23.811233
11.439560
22.879121
20.252259
23.133333
21.947009
21.269109
18.557509
17.455922
16.608547
21.862271
21.523321
22.879121
19.320147
18.642247
11.693773
11.185348
9.660073
14.066422
11.354823
10.422711
6.185836
4.999512
1.101587
4.999512
6.863736
13.812210
17.116972
21.692796
20.336996
22.116484
20.760684
23.811233
25.844933
28.302320
27.454945
28.048107
23.811233
24.658608
23.133333
19.998046
16.693284
15.083272
13.388523
13.049573
11.100611
11.609035
11.947985
12.625885
13.303785
12.371673
16.184860
16.947497
18.726984
14.744322
12.880098
9.066911
8.812698
7.287424
8.134799
5.592674
7.880586
4.236874
3.389499
-1.271062
2.542125
0.762637
4.660562
1.525275
3.643712
3.728449
3.558974
-1.355800
-1.864225
-6.609524
-6.524786
-7.202686
-6.948474
-10.083761
-8.897436
-12.541148
-12.625885
-15.168010
-11.609035
-14.066422
-10.168498
-11.863248
-9.066911
-10.083761
-7.626374
-9.066911
-9.660073
-13.219048
-11.015873
-14.490110
-14.405372
-11.609035
-10.422711
-11.947985
-8.812698
-9.660073
-7.880586
-6.863736
-4.999512
-7.372161
-6.185836
-5.423199
-2.203175
-3.813187
-4.660562
-9.829548
-12.880098
-17.201709
-17.794872
-21.438584
-22.285958
-23.895971
-24.065446
-27.370208
-27.031258
-26.607570
-24.828083
-24.743346
-29.488645
-25.167033
-22.963858
-23.048596
-25.251770
-24.489133
-22.285958
-18.811722
-14.405372
-10.592186
-6.524786
-5.762149
-8.982173
-11.015873
-7.880586
-3.897924
-2.457387
0.169475
-0.677900
-0.508425
-3.474237
-5.168987
-4.914774
-1.271062
-0.169475
6.863736
5.846886
2.711600
-1.948962
-0.677900
-3.558974
0.000000
2.203175
1.948962
0.847375
1.525275
0.084737
2.118437
1.355800
0.084737
-2.626862
-1.271062
-5.592674
-5.762149
-6.863736
-6.355311
-9.490598
-3.897924
-3.474237
-1.355800
-2.118437
0.084737
-2.118437
-3.558974
-7.456899
-9.321123
-9.575336
-7.541636
-7.287424
-1.864225
-7.287424
-8.134799
-12.202198
-10.931136
-13.812210
-3.558974
2.203175
7.117949
5.931624
6.270574
1.101587
4.491087
2.542125
5.846886
5.253724
7.033211
2.118437
-2.203175
-4.660562
-1.355800
-8.134799
-0.677900
-4.406349
-5.931624
-8.727961
-9.405861
-12.202198
-9.999023
-10.337973
-8.304274
-13.727473
-16.523810
-21.608059
-23.557021
-26.777045
-22.201221
-21.099634
-18.388034
-19.404884
-16.354335
-18.133822
-14.066422
-10.592186
-4.575824
-1.016850
6.948474
8.134799
10.676923
8.558486
7.117949
7.880586
9.321123
7.880586
7.202686
5.338462
6.778999
6.863736
6.440049
8.219536
11.947985
9.321123
9.490598
13.049573
10.168498
9.066911
5.846886
3.220024
-0.508425
0.254212
-1.525275
-0.338950
2.965812
2.711600
1.101587
2.033700
0.254212
-1.610012
-1.948962
-2.542125
-1.016850
-6.440049
-3.813187
-4.830037
-8.134799
-10.592186
-11.100611
-10.083761
-9.151648
-7.541636
-4.830037
-4.152137
-3.982662
-2.796337
-3.558974
-2.372650
-1.864225
1.440537
0.593162
3.135287
5.931624
3.643712
0.338950
-0.677900
0.084737
2.711600
3.982662
6.863736
8.219536
11.863248
15.422222
15.761172
16.693284
14.829060
12.541148
11.354823
9.066911
6.863736
4.745299
4.575824
2.542125
0.593162
-0.084737
-3.897924
-4.999512
-13.812210
-3.728449
-3.304762
-0.508425
-2.118437
-2.965812
-6.863736
-7.202686
-7.456899
-6.694261
-7.372161
-4.999512
-4.914774
-0.932112
3.050549
6.948474
4.575824
3.304762
0.254212
0.932112
-1.864225
-3.389499
-5.168987
-2.033700
-1.864225
-0.762637
-1.610012
3.389499
3.558974
8.643223
8.558486
13.557998
13.557998
13.219048
13.812210
17.879609
17.116972
17.540659
14.151160
14.066422
10.253236
10.846398
8.050061
11.270085
12.286935
14.659585
13.981685
12.456410
10.676923
13.134310
13.134310
18.557509
20.252259
21.692796
17.794872
15.337485
8.727961
5.168987
-3.050549
-3.304762
-3.558974
3.982662
2.711600
3.643712
2.542125
4.236874
1.271062
1.864225
-0.593162
-0.932112
-2.542125
1.186325
0.169475
2.796337
1.355800
3.050549
2.711600
3.897924
2.372650
6.440049
2.711600
2.626862
-0.847375
-0.762637
-0.254212
3.897924
2.372650
5.762149
2.796337
0.338950
-5.931624
-6.778999
-9.236386
-9.914286
-12.625885
-11.693773
-17.455922
-17.540659
-17.116972
-12.117460
-12.117460
-12.541148
-16.608547
-17.879609
-28.556532
-18.642247
-21.014896
-18.388034
-20.252259
-18.811722
-20.421734
-18.557509
-19.743834
-14.066422
-12.032723
-11.015873
-16.523810
-15.422222
-19.320147
-17.286447
-15.591697
-10.083761
-9.066911
-6.185836
-5.253724
-0.762637
-1.864225
0.338950
-2.118437
0.593162
1.101587
1.779487
2.965812
0.677900
-3.474237
-2.881074
-4.745299
-1.694750
0.508425
2.542125
-3.220024
-5.592674
-10.083761
-9.405861
-12.456410
-7.541636
-6.694261
-3.135287
-4.152137
-4.236874
-4.660562
-1.694750
1.440537
6.355311
12.710623
20.760684
20.760684
20.421734
17.625397
13.388523
9.999023
8.050061
7.202686
6.101099
4.236874
1.694750
2.796337
1.186325
3.474237
2.796337
3.558974
0.254212
-1.864225
-9.151648
-13.473260
-20.591209
-18.642247
-16.015385
-7.965324
-4.152137
-3.135287
-5.423199
-7.541636
-6.524786
-1.610012
-1.440537
5.338462
5.423199
7.541636
2.542125
-0.338950
-2.965812
-4.914774
-9.829548
-6.270574
-6.524786
-4.067399
-7.456899
-8.897436
-8.982173
-8.304274
-7.626374
-9.744811
-11.778510
-12.710623
-15.845910
-12.371673
-9.914286
-7.033211
-7.711111
-9.066911
-12.541148
-18.726984
-21.692796
-15.252747
-10.592186
-8.134799
-4.236874
-4.830037
-6.694261
-10.761661
-3.643712
0.338950
1.948962
5.338462
7.965324
7.626374
7.965324
8.727961
10.507448
12.202198
13.981685
14.490110
16.184860
15.676435
14.151160
12.286935
13.219048
12.286935
13.049573
10.253236
9.066911
6.016361
4.999512
1.610012
5.507937
5.677411
6.016361
3.982662
4.745299
3.643712
5.846886
5.168987
6.524786
5.338462
5.762149
2.626862
3.304762
1.525275
3.728449
0.423687
1.271062
-2.542125
-0.932112
-2.626862
-0.932112
-1.694750
6.863736
7.541636
9.660073
4.152137
3.050549
0.508425
0.084737
-3.897924
-2.796337
-7.541636
-9.236386
-14.574847
-13.134310
-13.727473
-8.473748
-7.287424
-1.948962
-6.016361
-6.185836
-12.541148
-12.710623
-14.405372
-10.253236
-7.965324
-5.677411
-7.965324
-9.575336
-14.490110
-15.761172
-15.761172
-9.744811
-7.456899
-2.118437
-4.406349
-1.271062
0.593162
3.474237
4.491087
8.050061
9.321123
11.778510
9.490598
9.066911
8.812698
9.321123
8.219536
12.202198
11.100611
10.676923
9.914286
9.405861
11.185348
15.676435
20.252259
27.624420
32.878144
34.572894
32.369719
28.132845
24.404396
24.997558
31.522344
36.776068
38.386081
39.996093
39.487668
36.182906
35.166056
32.962882
35.420269
36.860806
34.657631
28.302320
26.438095
20.167521
17.540659
16.947497
18.303297
14.490110
15.083272
12.202198
9.914286
6.355311
7.456899
8.134799
13.049573
8.982173
9.575336
5.931624
6.185836
1.101587
2.118437
2.881074
7.117949
6.778999
8.304274
3.389499
6.016361
-0.847375
-2.287912
-4.067399
-2.965812
-5.762149
-2.626862
-3.982662
-3.220024
-4.914774
-3.728449
-2.881074
-1.355800
-0.847375
2.796337
4.830037
7.541636
4.914774
5.423199
1.271062
-1.186325
-5.762149
-11.270085
-14.829060
-15.676435
-17.710134
-17.879609
-17.879609
-16.100122
-14.829060
-11.439560
-7.287424
-9.405861
-9.321123
-8.982173
-11.524298
-15.845910
-18.981197
-22.709646
-20.082784
-19.574359
-17.540659
-16.439072
-17.540659
-13.981685
-9.236386
-7.626374
-7.202686
-8.473748
-6.694261
-9.151648
-5.253724
-5.762149
-0.847375
-2.796337
-2.372650
-5.592674
-4.491087
-6.524786
-5.592674
-8.389011
-7.880586
-9.999023
-6.270574
-7.711111
-4.999512
-7.541636
-7.202686
-10.592186
-11.439560
-11.354823
-9.914286
-14.066422
-11.778510
-13.134310
-10.422711
-11.015873
-9.151648
-8.897436
-5.931624
-5.592674
-2.711600
-3.728449
-1.779487
-3.304762
-4.914774
-5.253724
-5.677411
-4.236874
-4.660562
-3.474237
-1.948962
-1.186325
-2.881074
-1.525275
-2.203175
-4.660562
-7.711111
-9.151648
-9.490598
-8.812698
-7.372161
-5.423199
-4.830037
-1.525275
-3.643712
-2.457387
-4.914774
-3.220024
-5.762149
-3.220024
-4.067399
-4.575824
-4.745299
-4.575824
-7.372161
-4.236874
-6.101099
-3.050549
-2.626862
-2.626862
-8.219536
-10.168498
-14.405372
-12.371673
-12.032723
-4.914774
-4.067399
-4.321612
-11.270085
-12.964835
-14.659585
-15.337485
-13.049573
-4.067399
-6.016361
-6.609524
-7.711111
-5.253724
-6.355311
-4.152137
0.084737
3.220024
1.610012
-1.186325
-2.372650
-0.084737
-0.508425
-1.355800
1.186325
2.626862
0.932112
-2.796337
-7.965324
-12.117460
-13.473260
-9.405861
-7.202686
-5.168987
-3.474237
-4.236874
-2.372650
-3.050549
-0.847375
0.593162
7.287424
6.609524
4.575824
2.203175
4.321612
1.694750
2.118437
1.016850
1.948962
-4.830037
-3.304762
-6.355311
-5.592674
-3.982662
-1.101587
-2.711600
2.203175
-1.186325
-1.355800
-13.388523
-7.033211
-7.456899
-1.016850
4.830037
13.303785
11.693773
12.286935
6.101099
6.270574
5.592674
9.660073
9.490598
11.947985
15.422222
19.828571
19.743834
20.591209
15.168010
16.778022
15.422222
15.168010
15.252747
18.218559
16.439072
18.218559
15.591697
13.557998
12.795360
13.303785
13.473260
15.930647
16.693284
19.489621
17.964347
19.320147
20.591209
21.184371
19.743834
18.388034
16.439072
15.506960
13.812210
13.642735
15.083272
15.676435
14.151160
18.726984
22.624908
21.099634
21.014896
18.896459
20.421734
17.116972
15.845910
11.778510
10.168498
5.762149
6.101099
5.592674
7.880586
2.287912
1.610012
-2.881074
-2.965812
-5.423199
-4.152137
-3.389499
1.525275
-7.965324
-0.169475
0.423687
3.050549
4.152137
4.321612
4.575824
5.507937
2.203175
1.948962
-3.813187
-1.610012
-4.575824
-4.321612
-6.440049
-5.677411
-4.491087
-1.864225
0.000000
2.457387
6.694261
10.337973
11.100611
9.660073
2.881074
4.152137
-5.592674
2.965812
1.948962
4.236874
3.728449
3.304762
7.456899
11.185348
12.795360
10.507448
7.795849
3.220024
-4.745299
-11.609035
-14.659585
-20.930159
-22.624908
-22.540171
-21.862271
-21.947009
-21.014896
-20.845421
-17.032234
-15.168010
-13.981685
-19.065934
-18.811722
-21.862271
-22.116484
-28.048107
-26.692308
-28.810745
-28.726007
-31.013919
-30.336020
-33.386569
-31.098657
-32.708669
-29.403907
-29.064957
-23.726496
-23.472283
-21.438584
-25.167033
-24.743346
-22.624908
-18.049084
-14.659585
-7.202686
-2.457387
-0.423687
-2.118437
-1.186325
-2.796337
0.932112
-1.355800
1.864225
1.694750
5.423199
5.762149
3.813187
2.118437
-0.084737
-3.135287
-1.779487
-1.101587
0.000000
-0.932112
2.033700
-0.847375
1.694750
-2.203175
-0.254212
-1.948962
-1.355800
-4.914774
-5.592674
-8.727961
-7.880586
-6.863736
-2.033700
-0.932112
-0.084737
-1.525275
-2.711600
-3.897924
-3.220024
-1.101587
6.609524
11.439560
13.896947
11.947985
12.202198
9.151648
7.287424
8.982173
11.185348
12.202198
11.100611
10.337973
10.168498
10.083761
7.626374
7.117949
5.592674
4.914774
0.593162
-0.254212
0.084737
0.593162
2.118437
6.863736
7.541636
5.507937
0.423687
0.169475
-0.169475
-1.186325
-0.847375
0.338950
-0.593162
-3.135287
-6.101099
-5.253724
-6.185836
-2.626862
0.593162
-0.932112
-5.423199
-7.541636
-12.286935
-11.354823
-12.371673
-5.762149
-2.542125
0.508425
-1.355800
-2.965812
-4.830037
-1.355800
2.796337
8.050061
8.727961
9.490598
3.558974
0.084737
-5.168987
-4.575824
-4.406349
-0.338950
-2.287912
-2.542125
-3.558974
1.016850
1.355800
4.999512
6.778999
6.016361
4.236874
2.881074
-0.847375
-1.525275
-4.999512
-1.101587
-2.118437
0.338950
-4.321612
-4.321612
-7.541636
-5.084249
-7.626374
-3.558974
-5.423199
-2.287912
-7.711111
-6.185836
-10.168498
-7.372161
-7.202686
-2.542125
-2.542125
0.847375
-1.101587
-0.677900
-6.609524
-6.948474
-11.270085
-9.066911
-5.507937
0.084737
-0.338950
3.389499
-0.254212
1.525275
-0.677900
-0.508425
-2.457387
-2.203175
-4.236874
0.338950
0.000000
2.203175
0.932112
6.185836
7.795849
10.846398
10.592186
11.609035
8.727961
6.524786
1.525275
2.457387
-1.525275
-1.016850
-5.084249
-6.185836
-8.389011
-6.863736
-7.626374
-7.541636
-10.592186
-7.456899
-10.676923
-7.456899
-7.880586
-7.626374
-11.778510
-10.083761
-10.253236
-12.202198
-14.151160
-11.524298
-13.896947
-9.744811
-9.321123
-6.355311
-8.812698
-4.236874
-3.897924
-1.440537
-2.542125
0.423687
-0.932112
2.881074
1.440537
3.389499
-1.355800
-3.220024
-3.643712
-0.338950
-0.508425
2.965812
4.660562
10.592186
11.015873
16.693284
16.184860
18.896459
18.642247
22.285958
22.540171
25.760195
24.150183
28.980220
27.285470
27.031258
21.947009
21.438584
17.625397
15.845910
13.219048
16.862759
17.964347
18.049084
14.913797
14.151160
9.914286
8.643223
7.626374
10.592186
9.575336
11.609035
5.931624
7.795849
3.474237
2.542125
1.864225
4.660562
14.151160
16.778022
13.388523
14.151160
8.727961
7.626374
2.457387
-1.101587
-4.406349
-6.948474
-11.015873
-10.846398
-10.592186
-8.897436
-10.507448
-10.083761
-11.524298
-10.592186
-12.541148
-14.320635
-14.913797
-13.049573
-10.422711
-5.677411
1.271062
8.982173
10.846398
11.693773
9.999023
8.050061
5.931624
3.897924
5.931624
7.117949
7.117949
6.440049
3.220024
2.203175
0.169475
-0.423687
-2.203175
-1.948962
-3.135287
-1.694750
-2.118437
-3.050549
-7.287424
-12.795360
-17.879609
-18.472772
-17.964347
-16.862759
-13.219048
-11.609035
-9.914286
-6.863736
-5.762149
-5.338462
-4.914774
-5.931624
-4.914774
-4.830037
-6.101099
-7.626374
-8.812698
-10.083761
-10.676923
-11.778510
-9.744811
-8.304274
-7.711111
-10.337973
-13.303785
-15.168010
-17.879609
-20.421734
-18.642247
-17.964347
-15.422222
-17.116972
-15.506960
-14.913797
-17.116972
-21.353846
-17.371184
-13.642735
-10.337973
-9.744811
-4.999512
-5.423199
-7.117949
-9.066911
-8.897436
-8.134799
-4.914774
-7.795849
-10.676923
-15.676435
-16.608547
-16.862759
-16.015385
-18.133822
-14.829060
-14.998535
-13.303785
-19.150672
-8.050061
-6.016361
-2.965812
-5.084249
-4.745299
-9.490598
-5.338462
-6.270574
0.338950
3.897924
9.321123
5.762149
4.575824
3.558974
6.524786
7.033211
8.304274
6.863736
9.236386
7.965324
8.219536
8.304274
7.372161
13.049573
16.354335
15.506960
14.405372
15.845910
21.269109
20.930159
23.218071
22.794383
20.930159
21.014896
21.947009
21.099634
20.845421
17.964347
16.269597
14.235897
12.795360
11.015873
8.982173
8.643223
6.016361
6.101099
7.880586
11.439560
10.846398
14.151160
12.456410
12.541148
11.270085
13.896947
11.439560
13.557998
15.083272
15.845910
14.998535
20.506471
19.150672
18.557509
15.083272
14.066422
9.405861
11.863248
12.117460
15.930647
16.523810
17.116972
12.117460
10.592186
6.524786
7.880586
5.931624
10.676923
11.947985
14.744322
12.880098
13.388523
10.168498
9.490598
8.050061
9.236386
9.321123
6.609524
3.897924
4.406349
1.948962
-0.932112
-1.186325
-4.999512
-11.100611
-16.439072
-18.388034
-21.269109
-26.014408
-18.388034
-12.456410
-9.490598
-10.422711
-12.964835
-11.863248
-10.846398
-6.440049
-3.304762
2.711600
3.643712
5.423199
2.796337
3.304762
0.254212
4.660562
6.270574
11.863248
11.609035
13.303785
10.676923
13.049573
11.693773
16.015385
16.100122
18.896459
13.642735
13.896947
7.541636
8.304274
8.727961
13.812210
12.964835
13.981685
11.693773
9.914286
10.846398
13.303785
15.422222
18.726984
14.998535
12.541148
3.643712
0.338950
-0.932112
1.864225
5.084249
4.491087
0.508425
-5.846886
-9.829548
-11.185348
-9.744811
-5.253724
-3.389499
-7.372161
-10.337973
-12.710623
-13.727473
-12.880098
-8.389011
-7.202686
-9.321123
-19.743834
-24.150183
-27.200733
-22.963858
-21.014896
-14.659585
-13.388523
-16.693284
-25.167033
-26.522833
-28.641270
-23.218071
-19.828571
-13.219048
-14.235897
-13.981685
-21.438584
-21.777534
-21.269109
-13.642735
-10.083761
-7.541636
-8.982173
-7.456899
-15.168010
-19.404884
-18.726984
-12.964835
-4.999512
2.372650
8.389011
11.100611
8.558486
7.965324
4.745299
5.762149
6.524786
9.151648
9.914286
11.778510
13.812210
14.998535
18.049084
19.743834
24.743346
24.828083
25.844933
22.540171
21.523321
16.015385
13.896947
12.625885
17.371184
17.794872
22.455433
21.523321
22.285958
18.896459
17.201709
11.778510
11.270085
8.643223
9.321123
7.456899
2.118437
-3.135287
-5.253724
-9.321123
-10.846398
-11.609035
-11.947985
-15.506960
-16.778022
-18.303297
-26.353358
-18.642247
-19.574359
-20.506471
-19.913309
-19.404884
-22.201221
-23.726496
-24.319658
-27.709158
-28.726007
-27.624420
-31.861294
-34.233944
-38.131868
-36.267643
-35.250794
-31.607082
-32.369719
-32.115507
-33.301832
-30.166545
-28.895482
-25.505983
-28.556532
-24.065446
-27.115995
-28.810745
-30.844444
-29.403907
-31.352869
-25.760195
-25.929670
-21.099634
-19.065934
-18.811722
-20.675946
-20.336996
-18.133822
-14.151160
-12.371673
-11.947985
-8.727961
-5.762149
-2.796337
3.643712
4.067399
7.795849
9.744811
7.372161
6.694261
3.982662
-0.762637
-3.050549
-2.881074
-2.287912
3.220024
3.897924
5.507937
1.101587
2.965812
1.525275
2.542125
1.271062
6.355311
5.592674
11.354823
12.117460
12.117460
6.694261
4.406349
-3.474237
-6.016361
-9.490598
-9.321123
-9.914286
-8.643223
-11.270085
