5.507937
1.186325
4.491087
6.270574
8.050061
6.948474
8.304274
4.830037
4.575824
-0.423687
-0.423687
-1.779487
4.067399
4.406349
6.609524
0.847375
1.016850
-1.694750
4.660562
6.778999
13.388523
10.592186
8.219536
-0.169475
-2.626862
-4.914774
-1.355800
0.338950
5.253724
2.203175
-0.254212
-8.389011
-12.456410
-14.320635
-7.965324
-4.914774
-0.593162
-5.423199
-10.592186
-21.014896
-25.505983
-33.132357
-31.352869
-31.776557
-24.743346
-23.472283
-22.116484
-25.505983
-21.523321
-24.319658
-20.252259
-20.082784
-12.710623
-9.066911
-2.542125
-4.914774
-6.863736
-13.981685
-4.660562
-3.135287
2.033700
3.304762
8.050061
3.304762
2.711600
-1.440537
-0.084737
-3.135287
0.000000
-0.847375
3.135287
-0.677900
0.000000
-4.830037
-5.423199
-6.863736
-4.152137
-5.762149
-2.372650
-3.558974
-1.610012
-1.864225
-0.423687
-7.202686
-8.643223
-13.557998
-16.354335
-20.506471
-17.032234
-16.269597
-12.541148
-14.405372
-13.134310
-14.235897
-13.896947
-13.134310
-8.982173
-8.389011
-5.168987
-6.101099
-6.016361
-7.711111
-4.575824
-3.050549
-2.542125
-6.778999
-6.101099
-8.727961
-7.456899
-7.880586
-9.236386
-9.660073
-5.846886
-6.101099
-4.575824
-2.965812
-3.474237
-1.948962
-0.084737
1.610012
4.745299
7.287424
7.880586
9.321123
13.388523
14.659585
15.591697
15.845910
15.252747
17.455922
19.150672
19.235409
19.659096
19.574359
14.151160
10.253236
7.626374
4.660562
2.372650
1.186325
2.033700
3.135287
-1.440537
-2.542125
-5.931624
-6.016361
-5.677411
-5.423199
-4.406349
-2.542125
-2.203175
-0.254212
1.016850
1.948962
-0.169475
-0.423687
-1.186325
0.000000
0.084737
-0.423687
-1.779487
-3.135287
-3.982662
-2.881074
-3.135287
-1.779487
-0.677900
0.508425
-0.338950
1.694750
0.932112
2.542125
-2.033700
-1.525275
-4.236874
-3.220024
-2.118437
1.186325
1.016850
5.253724
4.660562
4.406349
3.304762
4.067399
2.881074
5.931624
4.067399
5.931624
3.304762
7.033211
3.050549
6.270574
3.982662
6.694261
5.168987
9.744811
9.744811
12.202198
10.168498
12.456410
7.202686
6.016361
4.999512
6.101099
3.389499
5.168987
3.474237
1.779487
-2.711600
-0.423687
-2.287912
-8.389011
-3.897924
-2.372650
-4.660562
-3.558974
-5.677411
-2.542125
-4.152137
1.016850
-0.084737
3.474237
2.287912
-3.304762
1.525275
-2.965812
-8.982173
-11.185348
-14.405372
-13.812210
-10.676923
-6.185836
-4.152137
0.847375
0.508425
1.779487
-0.169475
1.525275
-0.338950
-0.508425
-4.491087
-6.524786
-10.168498
-13.219048
-12.371673
-11.693773
-10.931136
-11.693773
-15.337485
-18.642247
-23.472283
-24.912821
-27.624420
-24.404396
-20.082784
-15.761172
-9.490598
-7.541636
-3.813187
-0.593162
2.372650
5.423199
7.541636
4.830037
3.389499
2.287912
1.610012
2.457387
3.304762
7.117949
10.337973
11.270085
10.083761
7.965324
9.660073
5.253724
6.355311
5.931624
7.880586
4.236874
6.016361
4.236874
5.423199
4.236874
8.727961
6.101099
5.338462
5.253724
5.084249
5.084249
9.236386
9.575336
12.456410
8.558486
8.558486
6.524786
10.168498
10.761661
12.964835
11.015873
13.812210
11.947985
11.354823
9.236386
8.982173
5.592674
6.185836
7.965324
9.914286
11.270085
15.252747
11.947985
13.219048
9.660073
7.795849
6.016361
4.914774
3.220024
1.355800
-1.525275
-1.440537
-1.694750
-1.610012
-0.847375
-0.762637
-0.169475
-4.152137
-4.575824
-8.304274
-8.134799
-7.456899
-6.863736
-10.337973
-8.727961
-7.795849
-4.321612
-0.932112
5.846886
6.863736
7.965324
5.677411
6.440049
3.474237
4.152137
4.067399
7.372161
6.778999
4.575824
0.254212
-3.050549
-5.338462
-3.220024
-2.542125
-1.016850
-5.931624
-8.304274
-14.405372
-14.744322
-14.320635
-10.337973
-8.050061
-3.728449
-8.219536
-8.389011
-13.557998
-13.642735
-15.845910
-16.015385
-22.455433
-21.099634
-23.302808
-17.455922
-15.337485
-10.931136
-12.286935
-16.778022
-23.895971
-22.963858
-26.777045
-24.404396
-27.370208
-26.353358
-30.166545
-29.064957
-31.776557
-29.064957
-29.827595
-23.302808
-19.320147
-12.286935
-10.083761
-4.999512
-4.067399
1.948962
2.203175
6.524786
6.440049
12.202198
12.880098
15.930647
11.270085
10.592186
8.812698
9.660073
8.304274
9.490598
7.202686
9.236386
8.389011
8.134799
5.507937
6.355311
5.507937
4.067399
-1.694750
-1.271062
-3.389499
1.694750
1.525275
2.033700
1.694750
1.864225
-1.186325
-0.254212
-1.948962
-4.830037
-6.524786
-4.236874
-1.948962
2.457387
6.270574
9.575336
14.151160
15.591697
16.100122
15.930647
17.794872
18.303297
19.743834
19.065934
19.320147
17.371184
17.540659
14.659585
16.608547
13.219048
14.829060
14.151160
12.286935
8.982173
6.948474
2.626862
2.881074
-0.593162
2.457387
1.016850
5.423199
8.134799
11.947985
11.947985
14.405372
12.964835
13.642735
10.592186
11.609035
6.609524
6.609524
3.897924
2.372650
-0.847375
2.626862
1.101587
5.677411
4.067399
5.846886
4.406349
4.830037
2.033700
1.779487
0.000000
4.321612
1.694750
4.999512
5.253724
8.304274
7.795849
9.405861
6.778999
5.677411
4.575824
5.677411
2.796337
8.219536
9.660073
8.304274
6.355311
6.101099
5.846886
5.084249
4.745299
4.491087
2.796337
1.440537
4.152137
5.762149
6.355311
6.185836
2.626862
-0.508425
0.508425
1.948962
8.643223
11.947985
15.930647
13.303785
12.371673
9.151648
8.134799
8.897436
11.947985
11.100611
12.710623
9.660073
9.575336
7.541636
7.880586
8.812698
11.100611
10.592186
9.405861
6.524786
2.796337
0.254212
1.016850
-0.169475
-0.169475
-0.677900
1.271062
0.762637
-1.186325
-4.830037
-6.270574
-5.592674
-7.880586
-9.575336
-7.795849
-8.727961
-5.931624
-2.965812
-2.626862
-5.338462
-5.846886
-5.084249
-5.846886
-7.711111
-6.524786
-4.236874
-5.168987
-5.168987
-4.660562
-6.016361
-6.694261
-9.236386
-9.829548
-9.490598
-8.812698
-11.354823
-14.235897
-15.168010
-16.015385
-13.896947
-11.270085
-9.490598
-8.304274
-7.033211
-5.253724
-6.016361
0.169475
1.271062
-2.881074
6.270574
8.050061
2.118437
7.880586
5.423199
-1.355800
3.474237
3.389499
0.338950
0.084737
-6.948474
-9.744811
-13.981685
-11.693773
-8.473748
-5.253724
-4.660562
-4.830037
-9.405861
-13.727473
-19.998046
-19.998046
-20.591209
-24.828083
-17.964347
-15.168010
-15.676435
-12.202198
-11.015873
-8.897436
-7.372161
-6.101099
-8.050061
-6.270574
-8.727961
-7.965324
-7.626374
-6.863736
-8.897436
-7.456899
-7.456899
-5.507937
-7.626374
-10.083761
-13.981685
-15.676435
-14.066422
-10.083761
-3.050549
1.271062
6.101099
8.558486
4.914774
3.389499
1.186325
-0.932112
-4.914774
-4.575824
-5.762149
-6.440049
-7.880586
-6.609524
-9.490598
-10.846398
-10.592186
-7.880586
-4.914774
-0.338950
3.982662
7.711111
10.761661
10.761661
10.676923
9.829548
10.592186
10.931136
10.507448
10.337973
6.863736
4.321612
2.711600
-0.423687
-0.508425
0.000000
2.033700
3.220024
6.270574
8.558486
11.354823
10.592186
11.015873
8.134799
7.202686
4.152137
0.338950
-0.847375
-0.423687
-1.271062
-1.101587
-1.864225
-2.203175
-3.220024
-0.593162
1.610012
3.897924
6.101099
8.050061
5.507937
3.643712
4.914774
2.881074
2.965812
3.220024
3.050549
4.236874
4.321612
6.863736
6.185836
6.355311
5.084249
3.220024
0.762637
-3.558974
-7.965324
-9.660073
-9.575336
-9.236386
-4.575824
-1.525275
1.694750
4.999512
7.711111
12.286935
12.880098
13.049573
14.320635
12.202198
7.626374
2.711600
-3.135287
-3.728449
-4.999512
-5.168987
-4.914774
-3.220024
-4.914774
-2.965812
-2.626862
-1.355800
-0.932112
2.457387
3.135287
6.694261
8.304274
13.473260
13.134310
16.778022
15.845910
12.710623
8.727961
5.084249
-2.118437
-4.406349
-19.320147
-6.948474
-8.473748
-4.914774
-3.982662
-1.948962
-2.118437
0.847375
1.694750
6.863736
7.626374
8.982173
8.812698
10.676923
9.066911
7.711111
3.813187
10.422711
8.304274
10.931136
7.795849
5.846886
0.847375
-0.084737
-3.304762
-3.558974
-4.321612
-4.745299
-14.235897
-7.372161
-13.557998
-13.134310
-15.168010
-14.320635
-14.066422
-8.473748
-9.236386
-3.643712
-2.287912
-2.542125
-5.253724
-5.423199
-11.693773
-11.947985
-13.303785
-9.660073
-10.592186
-7.372161
-8.982173
-3.897924
-4.745299
-3.220024
-6.694261
-2.457387
-3.728449
-1.355800
0.084737
5.338462
7.202686
9.236386
8.897436
10.761661
7.202686
5.423199
-0.593162
-2.287912
-7.456899
-7.287424
-10.422711
-9.575336
-11.439560
-9.999023
-11.609035
-11.270085
-13.642735
-13.134310
-16.523810
-18.472772
-22.201221
-20.506471
-21.014896
-16.862759
-19.065934
-16.354335
-18.472772
-18.981197
-21.269109
-16.269597
-18.388034
-15.506960
-16.354335
-10.592186
-11.439560
-6.778999
-5.931624
-3.813187
-3.643712
-1.864225
-3.304762
-1.779487
-2.118437
0.000000
-1.948962
-1.694750
-6.270574
-6.101099
-8.389011
-4.152137
-6.355311
-2.796337
-12.117460
1.610012
2.372650
9.490598
9.236386
12.795360
13.049573
14.659585
12.032723
11.947985
12.541148
14.405372
12.964835
13.473260
9.405861
4.745299
-1.186325
-2.796337
-4.660562
-4.575824
-8.897436
-8.389011
-13.219048
-14.320635
-18.303297
-16.608547
-18.557509
-16.862759
-16.523810
-11.947985
-12.117460
-8.304274
-7.287424
-4.575824
-3.474237
0.338950
2.796337
8.558486
10.592186
17.964347
22.285958
27.624420
27.115995
28.556532
27.963370
29.912332
27.031258
29.827595
31.691819
37.792918
38.555556
40.504518
39.063980
37.538706
34.233944
31.607082
32.115507
31.098657
29.319170
22.540171
16.269597
10.337973
3.897924
-0.847375
-0.423687
-0.423687
3.558974
2.033700
-2.118437
-8.982173
-12.032723
-10.676923
-7.033211
-5.846886
-3.389499
-6.694261
-9.490598
-17.879609
-15.591697
-15.506960
-11.693773
-10.846398
-8.727961
-13.388523
-12.795360
-19.998046
-16.947497
-17.879609
-13.219048
-12.710623
-9.236386
-11.524298
-9.914286
-11.524298
-5.084249
-2.965812
1.525275
0.508425
-1.101587
-6.101099
-6.863736
-9.914286
-1.355800
0.084737
6.101099
3.643712
3.050549
0.000000
4.236874
6.440049
10.507448
6.355311
7.880586
1.948962
1.016850
-0.423687
2.203175
4.999512
7.626374
6.694261
5.168987
0.847375
-2.626862
-4.914774
-0.508425
-0.762637
-2.965812
-9.151648
-13.727473
-20.082784
-18.472772
-12.964835
-4.914774
-1.101587
2.796337
2.203175
3.389499
-1.355800
-4.491087
-2.881074
0.847375
0.932112
3.558974
2.457387
2.033700
-3.220024
-1.610012
-4.067399
-1.355800
-6.355311
-9.151648
-11.185348
-12.371673
-13.388523
-10.676923
-7.287424
-0.338950
-0.847375
-1.271062
-2.542125
-2.626862
-1.101587
3.135287
5.168987
8.050061
6.270574
3.813187
0.593162
-0.084737
-0.423687
0.338950
-0.932112
1.440537
1.694750
0.338950
0.169475
0.508425
-0.508425
0.169475
-0.423687
-3.474237
-2.372650
-2.033700
-0.338950
-0.423687
1.948962
2.287912
1.948962
1.016850
2.372650
2.287912
2.457387
1.779487
4.406349
3.220024
5.592674
7.033211
9.066911
11.609035
14.659585
13.812210
16.439072
18.388034
22.116484
21.438584
25.167033
23.641758
24.489133
21.269109
19.065934
17.286447
18.049084
17.455922
17.032234
14.829060
15.676435
13.473260
11.609035
5.253724
5.507937
2.033700
5.931624
3.813187
3.558974
3.304762
5.507937
3.220024
7.372161
7.202686
11.778510
11.693773
17.794872
19.320147
23.387546
21.353846
20.675946
16.947497
17.455922
14.235897
14.829060
11.609035
12.371673
-0.084737
9.321123
5.762149
5.846886
2.965812
4.406349
0.423687
-0.593162
-5.677411
-5.423199
-11.185348
-15.506960
-23.133333
-22.031746
-26.099145
-26.099145
-29.742857
-27.793895
-30.081807
-27.370208
-29.488645
-24.234921
-24.319658
-20.675946
-21.523321
-19.913309
-20.167521
-21.777534
-28.217582
-30.505495
-35.505006
-34.233944
-39.318193
-31.013919
-30.081807
-27.793895
-27.878632
-24.828083
-27.709158
-21.777534
-22.370696
-19.150672
-19.235409
-16.354335
-17.116972
-22.709646
-16.523810
-17.794872
-19.998046
-20.675946
-19.320147
-19.743834
-19.574359
-18.642247
-18.557509
-18.642247
-16.608547
-16.439072
-14.574847
-12.286935
-9.490598
-6.016361
-5.168987
-2.372650
0.338950
0.169475
-0.932112
-2.542125
-1.779487
-1.525275
0.084737
1.355800
2.033700
1.355800
0.423687
-1.016850
-3.050549
-6.355311
-8.219536
-9.575336
-8.304274
-10.253236
-10.931136
-11.778510
-8.643223
-7.965324
-1.694750
3.050549
7.541636
7.202686
7.880586
10.168498
14.574847
12.117460
10.507448
6.270574
5.931624
2.372650
3.813187
4.067399
6.185836
3.304762
3.897924
3.389499
5.253724
5.762149
7.626374
7.117949
9.151648
10.168498
8.982173
7.880586
9.151648
9.744811
9.575336
7.033211
7.033211
4.660562
8.134799
8.643223
11.778510
8.304274
7.880586
2.881074
3.813187
-0.254212
0.169475
-3.558974
-3.813187
-5.423199
-4.830037
-7.711111
-7.202686
-10.337973
-8.727961
-11.354823
-10.761661
-13.642735
-11.609035
-13.134310
-8.134799
-10.507448
-9.405861
-7.626374
-4.830037
-6.609524
-3.728449
-6.778999
-4.745299
-6.355311
-3.897924
-3.897924
-0.169475
0.762637
-4.406349
2.796337
6.355311
6.270574
8.812698
6.440049
9.405861
7.795849
10.931136
9.999023
13.981685
12.710623
17.201709
16.778022
17.625397
16.862759
17.286447
17.201709
18.218559
16.693284
18.049084
16.100122
13.134310
7.880586
6.863736
5.592674
9.405861
8.473748
10.676923
9.999023
8.982173
10.168498
12.371673
14.405372
13.981685
12.710623
12.625885
12.880098
12.964835
12.710623
9.321123
11.015873
9.236386
13.049573
13.134310
10.676923
10.761661
10.931136
12.880098
18.218559
19.659096
20.082784
16.100122
15.168010
13.473260
14.235897
13.812210
16.778022
15.506960
13.219048
6.863736
7.965324
5.507937
6.270574
7.372161
4.999512
1.101587
-0.593162
-6.440049
-6.101099
-5.677411
-5.677411
-5.507937
-4.406349
-6.016361
-7.541636
-9.575336
-7.117949
-9.405861
-6.101099
-5.168987
-4.067399
-5.592674
-2.457387
-0.932112
0.508425
0.084737
1.101587
-1.271062
1.525275
1.779487
7.287424
10.253236
12.625885
10.083761
7.541636
1.186325
-3.558974
-10.761661
-8.304274
-5.592674
-2.796337
-11.863248
-2.287912
-5.423199
-4.745299
-5.423199
3.220024
6.694261
18.133822
21.014896
27.200733
25.336508
26.692308
23.641758
23.048596
17.879609
13.896947
5.253724
8.304274
4.999512
4.914774
2.965812
4.491087
1.355800
2.203175
0.338950
4.321612
2.542125
8.558486
6.185836
5.762149
1.101587
1.694750
-3.304762
-2.203175
-7.795849
-9.490598
-14.998535
-13.557998
-15.422222
-15.168010
-17.540659
-15.761172
-20.506471
-21.608059
-28.132845
-28.895482
-33.471306
-34.996581
-40.165568
-40.504518
-42.284005
-40.758730
-43.724542
-43.216117
-45.588767
-42.538217
-47.198779
-44.232967
-44.910867
-37.623443
-34.233944
-26.607570
-24.573871
-16.184860
-12.117460
-4.745299
-4.660562
-1.271062
-4.491087
-2.372650
-8.304274
-9.829548
-14.490110
-12.286935
-15.083272
-12.795360
-11.185348
-7.033211
-8.219536
-4.830037
-9.914286
-9.236386
-12.032723
-8.812698
-9.999023
-8.897436
-12.371673
-14.151160
-19.065934
-18.896459
-21.184371
-16.608547
-15.930647
-9.490598
-7.626374
-4.491087
-3.643712
-3.728449
-4.406349
-0.254212
1.525275
8.304274
8.982173
13.812210
12.286935
14.574847
12.795360
13.388523
13.981685
14.574847
15.845910
19.998046
18.557509
16.015385
11.185348
7.372161
2.287912
0.169475
-3.220024
-5.762149
-4.067399
-3.643712
-5.253724
-4.575824
-5.931624
-5.084249
-9.405861
-11.524298
-12.880098
-11.015873
-11.270085
-9.914286
-9.151648
-5.338462
-4.321612
-1.271062
0.423687
3.304762
4.321612
6.694261
7.626374
10.083761
11.524298
13.557998
12.880098
14.744322
12.795360
10.931136
9.321123
6.101099
6.694261
6.609524
5.846886
7.117949
5.338462
7.033211
10.253236
12.710623
18.642247
22.201221
23.726496
25.082295
25.251770
27.539683
28.048107
28.048107
27.285470
26.946520
27.709158
25.675458
28.217582
26.607570
22.794383
19.404884
19.320147
15.591697
13.219048
13.812210
13.642735
13.388523
17.964347
17.455922
21.184371
20.421734
20.845421
17.116972
14.235897
10.592186
11.015873
11.778510
14.829060
18.726984
17.625397
16.439072
11.693773
6.694261
4.914774
0.932112
1.610012
0.169475
-0.084737
-0.169475
-0.508425
-3.389499
-2.118437
-1.440537
-2.203175
-4.152137
-4.999512
-8.304274
-6.185836
-4.745299
-2.711600
-1.016850
1.525275
-0.508425
0.932112
-2.287912
-1.186325
-3.558974
-4.067399
-6.016361
-3.558974
-1.440537
1.101587
1.271062
5.762149
4.067399
7.711111
4.999512
7.626374
6.524786
7.626374
5.931624
5.846886
3.050549
3.135287
0.423687
1.016850
-1.525275
-1.101587
-4.067399
-2.796337
-4.660562
-0.677900
-1.016850
1.525275
2.033700
5.423199
7.287424
8.812698
7.372161
6.101099
4.236874
2.372650
1.186325
0.000000
-2.033700
-3.220024
-5.592674
-6.778999
-8.473748
-8.050061
-10.592186
-9.151648
-8.812698
-8.134799
-8.558486
-8.219536
-7.202686
-5.592674
-4.999512
-2.372650
-2.626862
-0.762637
-2.033700
-1.694750
-4.575824
-2.457387
-6.016361
-8.304274
-13.134310
-14.066422
-14.829060
-16.947497
-18.472772
-21.947009
-25.167033
-24.997558
-24.743346
-21.184371
-18.557509
-13.981685
-8.897436
-2.965812
-2.457387
1.016850
1.186325
0.593162
-1.271062
-0.762637
0.338950
1.355800
0.084737
-0.847375
-0.932112
-2.796337
-0.932112
-2.287912
-3.474237
0.254212
2.033700
5.338462
7.456899
8.473748
7.372161
10.253236
8.643223
13.303785
13.473260
15.506960
12.880098
8.304274
0.084737
-2.033700
-5.762149
-5.846886
-5.592674
-0.338950
-0.423687
5.168987
2.033700
0.677900
-2.372650
-8.219536
0.254212
7.117949
12.710623
16.778022
14.151160
13.134310
7.202686
6.270574
4.745299
8.897436
9.914286
14.405372
13.219048
13.134310
9.236386
8.050061
4.575824
5.253724
4.914774
6.948474
2.542125
3.982662
2.118437
4.575824
2.711600
5.338462
3.135287
3.813187
0.847375
0.593162
-2.626862
-4.745299
-9.914286
-11.778510
-15.422222
-17.540659
-19.404884
-17.710134
-18.557509
-18.133822
-17.455922
-13.896947
-13.134310
-12.032723
-13.981685
-11.947985
-15.252747
-14.913797
-14.659585
-13.219048
-13.049573
-9.405861
-10.676923
-7.117949
-7.711111
-4.660562
-1.948962
-0.338950
-4.999512
-5.931624
-8.812698
-8.897436
-13.473260
-14.829060
-17.710134
-17.710134
-20.760684
-20.506471
-18.049084
-16.015385
-16.439072
-15.422222
-14.235897
-11.354823
-9.575336
-7.541636
-7.456899
-4.999512
-4.999512
-2.118437
-1.355800
3.135287
2.711600
4.575824
3.220024
1.186325
1.948962
-0.677900
-2.881074
-3.897924
-6.948474
-3.474237
-2.796337
-3.982662
-3.389499
-4.152137
-4.491087
-8.897436
-9.321123
-12.032723
-11.863248
-12.371673
-8.050061
-7.541636
-7.033211
-5.507937
-5.253724
-6.948474
-4.660562
-3.558974
0.338950
2.542125
4.491087
4.406349
8.558486
7.965324
12.964835
8.812698
10.083761
7.795849
11.439560
10.931136
16.100122
16.269597
20.506471
19.743834
23.557021
21.353846
23.302808
20.336996
19.828571
15.591697
14.405372
11.270085
11.778510
9.066911
7.880586
5.423199
7.117949
3.220024
2.457387
-2.287912
-2.542125
-3.813187
1.016850
-0.169475
1.016850
-3.135287
-5.846886
-10.337973
-8.558486
-13.642735
-9.236386
-11.947985
-9.660073
-13.049573
-12.710623
-16.100122
-16.523810
-16.015385
-12.371673
-15.168010
-14.574847
-17.286447
-14.659585
-15.676435
-10.676923
-7.965324
-0.423687
-1.864225
0.677900
-2.287912
-2.118437
-7.117949
-6.270574
-7.711111
-6.016361
-9.999023
-7.117949
-9.490598
-3.897924
-3.389499
1.271062
0.847375
0.338950
-3.728449
-2.796337
-3.813187
-1.610012
-2.542125
0.762637
-2.711600
0.338950
1.271062
5.931624
5.846886
3.558974
-1.271062
-2.203175
-8.304274
-10.168498
-11.778510
-11.947985
-12.710623
-9.999023
-9.066911
-8.304274
-8.812698
-7.880586
-5.931624
-1.186325
-1.271062
-1.525275
-2.881074
-0.677900
-0.423687
-1.864225
-1.525275
-2.965812
0.762637
1.948962
3.304762
3.813187
6.016361
6.440049
10.761661
12.880098
17.371184
17.879609
18.726984
15.676435
16.100122
11.693773
13.557998
14.235897
17.794872
11.354823
18.726984
16.693284
17.032234
10.422711
6.609524
2.965812
4.321612
1.694750
-0.593162
-4.321612
-4.152137
-8.558486
-11.015873
-14.151160
-9.829548
-13.134310
-11.947985
-14.151160
-14.235897
-17.116972
-14.405372
-16.862759
-16.947497
-18.811722
-18.896459
-22.031746
-17.540659
-20.336996
-19.998046
-23.557021
-22.031746
-23.811233
-21.862271
-22.285958
-21.269109
-22.455433
-19.659096
-23.133333
-18.388034
-16.778022
-13.388523
-12.202198
-11.863248
-12.880098
-11.100611
-10.846398
-8.134799
-7.456899
-7.372161
-5.846886
-6.355311
-5.253724
-1.779487
1.271062
0.338950
0.423687
2.203175
6.440049
2.542125
5.507937
5.762149
10.337973
14.829060
18.049084
14.490110
15.676435
13.812210
17.201709
15.845910
20.421734
18.388034
19.404884
15.422222
15.083272
13.219048
16.354335
15.676435
