-19.734066
-17.571429
-14.778022
-12.615385
-10.993407
-9.912088
-12.164835
-11.804396
-9.371429
-7.118681
-2.973626
0.991209
3.964835
2.523077
-0.090110
-0.991209
0.810989
3.514286
10.002198
9.461538
19.553846
21.986813
25.230769
24.960440
19.553846
16.039560
11.173626
10.362637
8.290110
12.074725
12.525275
12.345055
13.426374
10.993407
10.002198
9.912088
8.109890
7.389011
6.938462
5.857143
5.316484
5.046154
3.063736
1.531868
1.171429
-1.982418
-2.703297
-5.586813
-6.938462
-7.569231
-3.063736
1.441758
4.505495
5.947253
-2.793407
-2.072527
-7.118681
-11.083516
-14.147253
-16.309890
-12.345055
-8.740659
-2.523077
1.171429
4.054945
4.415385
4.685714
3.784615
-1.351648
-5.767033
-12.164835
-15.949451
-18.923077
-27.213187
-24.149451
-23.068132
-19.914286
-16.760440
-14.237363
-12.164835
-12.975824
-13.696703
-13.786813
-13.246154
-12.164835
-12.345055
-12.975824
-17.210989
-21.446154
-24.600000
-25.140659
-24.239560
-22.167033
-22.167033
-20.184615
-20.004396
-23.428571
-24.780220
-25.050549
-24.960440
-24.329670
-29.015385
-30.457143
-34.241758
-35.593407
-35.323077
-33.520879
-33.160440
-31.538462
-31.808791
-30.997802
-31.718681
-29.646154
-29.556044
-28.114286
-27.483516
-25.681319
-24.419780
-21.626374
-20.454945
-17.030769
-16.309890
-13.786813
-10.813187
-9.912088
-12.164835
-12.885714
-11.804396
-12.164835
-10.092308
-9.912088
-12.795604
-14.327473
-13.606593
-12.795604
-11.894505
-7.659341
-6.758242
-5.947253
-1.351648
-1.621978
-2.432967
-0.630769
-2.613187
-4.145055
-3.334066
-0.901099
3.784615
7.659341
10.993407
14.958242
17.120879
20.094505
21.806593
20.364835
16.940659
12.705495
11.173626
11.894505
11.894505
12.705495
11.624176
12.164835
11.804396
12.615385
15.048352
16.760440
19.824176
21.986813
25.320879
27.213187
30.186813
30.997802
32.439560
32.619780
30.907692
28.745055
24.149451
20.274725
16.670330
15.679121
17.661538
19.373626
25.230769
28.835165
30.186813
35.142857
35.323077
33.610989
29.916484
26.672527
22.978022
24.780220
24.870330
27.123077
25.771429
26.942857
25.951648
27.393407
26.762637
26.762637
25.501099
24.239560
24.239560
23.248352
24.600000
23.698901
26.041758
26.582418
27.032967
28.654945
29.105495
24.870330
22.437363
16.129670
12.345055
10.993407
11.894505
12.435165
13.696703
18.562637
24.239560
29.465934
32.800000
37.395604
39.648352
39.828571
38.927473
37.125275
34.421978
33.340659
31.898901
31.178022
28.294505
25.501099
25.771429
24.780220
20.635165
20.184615
22.076923
17.931868
12.795604
2.883516
-1.982418
-4.956044
-4.235165
-2.613187
-0.270330
2.613187
2.703297
4.415385
6.848352
11.443956
10.993407
9.371429
4.595604
0.630769
-5.496703
-8.740659
-10.632967
-13.336264
-13.606593
-13.876923
-10.182418
-7.298901
-1.261538
4.865934
9.101099
12.975824
13.336264
13.246154
12.795604
11.714286
10.723077
6.127473
-3.784615
-12.615385
-19.103297
-24.870330
-25.771429
-25.771429
-25.591209
-25.501099
-26.221978
-26.582418
-28.024176
-24.960440
-22.167033
-20.635165
-16.129670
-11.984615
-5.496703
-9.101099
3.874725
6.217582
8.920879
10.362637
10.272527
6.668132
2.973626
-1.892308
-5.857143
-7.749451
-6.758242
-7.839560
-11.624176
-15.498901
-20.364835
-22.887912
-22.527473
-21.806593
-20.184615
-26.221978
-32.709890
-38.837363
-43.162637
-45.865934
-45.325275
-45.956044
-43.973626
-44.964835
-45.145055
-44.604396
-41.090110
-39.378022
-36.224176
-33.701099
-30.457143
-31.087912
-30.997802
-30.006593
-29.285714
-29.736264
-32.079121
-32.259341
-34.331868
-36.224176
-36.224176
-33.701099
-31.718681
-29.105495
-28.294505
-27.573626
-26.312088
-27.123077
-26.492308
-23.068132
-21.536264
-19.643956
-18.652747
-20.815385
-20.364835
-23.969231
-22.257143
-18.923077
-9.641758
-5.496703
-1.712088
-0.450549
0.540659
0.360440
1.351648
4.775824
5.857143
8.560440
9.551648
8.920879
8.109890
8.200000
6.758242
6.127473
6.848352
4.685714
4.595604
7.569231
10.542857
12.254945
15.949451
18.923077
20.004396
23.879121
25.410989
25.591209
26.221978
25.771429
26.312088
25.861538
24.870330
22.076923
18.292308
16.760440
14.057143
14.417582
17.210989
22.707692
27.032967
31.448352
31.178022
27.843956
26.942857
23.879121
18.832967
16.580220
13.246154
11.984615
10.723077
9.821978
7.749451
5.767033
7.298901
6.217582
7.118681
9.191209
11.083516
10.903297
9.371429
6.848352
2.252747
0.450549
-1.531868
-2.432967
-2.523077
-0.991209
1.351648
3.694505
4.145055
2.072527
-1.351648
-4.865934
-8.650549
-10.903297
-14.778022
-15.679121
-15.589011
-11.714286
-11.534066
-9.281319
-5.767033
-3.784615
-3.334066
-2.252747
-1.892308
-4.685714
-4.685714
-2.613187
-0.540659
-0.540659
0.720879
0.270330
3.784615
4.505495
3.604396
1.531868
-0.901099
-2.883516
-5.226374
-3.424176
-5.586813
-6.217582
-4.325275
-2.252747
-2.793407
-1.261538
-3.153846
-2.883516
-3.063736
-2.162637
-2.703297
3.063736
4.145055
3.424176
-1.712088
-3.964835
-4.685714
-5.767033
-5.046154
-3.874725
-3.424176
1.802198
4.685714
9.191209
10.723077
12.885714
12.345055
11.263736
5.857143
5.947253
4.235165
5.406593
3.153846
1.892308
0.991209
0.810989
3.063736
4.505495
4.685714
3.784615
6.307692
7.929670
6.487912
8.740659
5.857143
6.938462
9.191209
9.371429
7.028571
7.749451
2.252747
0.991209
2.162637
-0.360440
-0.180220
0.450549
2.342857
2.883516
4.956044
8.560440
6.848352
7.298901
8.560440
6.758242
5.496703
5.226374
1.892308
3.153846
4.235165
4.054945
2.613187
2.973626
6.217582
10.272527
13.246154
15.769231
15.679121
12.254945
11.263736
11.173626
9.641758
7.839560
4.956044
4.415385
5.226374
5.676923
6.758242
6.397802
4.415385
3.334066
3.063736
1.712088
1.261538
0.720879
2.432967
3.334066
3.334066
5.406593
6.668132
6.578022
9.101099
9.461538
7.389011
8.380220
6.938462
9.821978
11.263736
13.426374
14.237363
17.661538
17.661538
18.742857
18.923077
19.283516
17.841758
19.193407
19.824176
13.876923
9.281319
5.586813
5.406593
5.947253
8.290110
10.452747
9.191209
7.389011
7.118681
5.496703
5.046154
4.325275
3.604396
1.351648
1.712088
-0.540659
-0.360440
-0.090110
-0.991209
-2.883516
-3.694505
-2.883516
-4.956044
-4.145055
-5.947253
-6.848352
-6.848352
-4.415385
-2.432967
-1.081319
-1.712088
-2.072527
-5.767033
-4.415385
-4.775824
-4.775824
-0.720879
-2.252747
-1.531868
-2.523077
-1.802198
1.351648
2.883516
2.252747
2.973626
0.901099
-2.973626
-8.740659
-10.903297
-13.786813
-14.958242
-15.589011
-17.210989
-10.002198
-8.380220
-5.586813
-3.694505
-2.613187
0.720879
1.081319
-2.342857
-4.595604
-6.217582
-8.290110
-6.217582
-3.153846
-1.712088
-0.360440
1.982418
0.180220
-2.973626
-7.569231
-11.624176
-14.057143
-14.507692
-14.597802
-12.615385
-12.705495
-10.813187
-8.109890
-5.496703
-3.334066
0.000000
2.793407
6.217582
5.947253
4.415385
0.810989
-1.441758
-2.252747
-2.793407
-3.604396
-0.991209
1.802198
3.694505
2.973626
3.424176
6.578022
3.964835
4.415385
4.054945
2.613187
0.810989
-2.613187
-2.793407
-1.531868
1.802198
6.668132
8.109890
9.821978
9.641758
7.479121
5.226374
1.351648
-2.432967
-2.072527
-2.793407
-3.874725
-4.956044
-2.342857
-0.090110
3.063736
6.578022
7.118681
6.127473
5.496703
3.694505
1.351648
0.540659
-1.171429
-4.505495
-5.947253
-7.659341
-6.487912
-7.569231
-8.290110
-6.307692
-6.397802
-7.659341
-8.290110
-8.920879
-11.624176
-12.435165
-12.164835
-12.615385
-11.624176
-7.929670
-5.406593
-2.973626
-1.171429
0.720879
1.712088
-0.630769
6.217582
6.127473
6.307692
5.226374
3.604396
0.720879
-1.351648
-6.578022
-7.659341
-7.659341
-7.208791
-5.406593
-3.604396
-2.703297
-1.892308
-0.540659
-0.720879
-1.712088
-3.243956
-4.145055
-4.325275
-4.505495
-3.874725
-6.037363
-4.956044
-6.758242
-5.767033
-4.685714
-1.982418
0.630769
2.703297
1.712088
2.613187
0.991209
-2.162637
-5.406593
-8.200000
-11.534066
-11.984615
-11.534066
-10.813187
-10.632967
-7.659341
-6.668132
-3.694505
-3.063736
-1.712088
-4.054945
-1.441758
-2.432967
1.982418
2.973626
3.153846
1.081319
-1.351648
-2.432967
-0.360440
0.270330
3.424176
2.793407
3.784615
2.252747
2.613187
4.505495
7.028571
8.200000
10.903297
7.479121
3.424176
0.901099
-3.604396
-8.200000
-8.019780
-8.470330
-6.578022
-5.136264
-3.424176
-3.063736
-1.441758
-2.252747
-3.424176
-5.136264
-5.676923
-5.136264
-1.261538
-0.540659
0.991209
-0.450549
0.901099
-0.901099
-3.243956
-2.703297
-4.505495
-5.406593
-5.947253
-3.964835
-0.450549
2.342857
5.676923
5.676923
4.685714
6.307692
4.685714
1.441758
0.720879
-3.514286
-3.514286
-7.389011
-5.226374
-8.650549
-10.632967
-11.624176
-13.246154
-12.615385
-8.920879
-4.595604
-3.063736
-1.712088
0.090110
2.252747
5.046154
9.551648
13.156044
13.696703
17.030769
15.679121
12.705495
10.813187
7.749451
4.865934
7.028571
8.830769
12.345055
13.606593
13.967033
11.804396
10.903297
11.173626
11.894505
12.975824
12.885714
10.542857
9.191209
8.830769
8.830769
10.993407
15.408791
15.949451
16.129670
12.615385
10.272527
9.191209
13.246154
17.301099
20.995604
17.571429
14.778022
6.487912
6.037363
5.496703
9.551648
11.443956
13.696703
11.353846
7.389011
6.037363
5.676923
5.767033
6.848352
8.290110
8.740659
8.650549
5.496703
2.072527
1.802198
0.720879
1.081319
2.342857
1.982418
-1.261538
-3.784615
-6.487912
-3.243956
-2.523077
2.162637
6.578022
7.659341
5.857143
1.621978
0.090110
0.540659
2.072527
9.101099
10.542857
10.182418
6.938462
5.857143
3.063736
3.063736
1.441758
1.531868
1.621978
2.613187
4.054945
5.767033
5.676923
2.252747
6.758242
5.767033
2.252747
-4.054945
-7.118681
-9.010989
-9.010989
-8.019780
-5.136264
-1.531868
-0.991209
-3.604396
-5.316484
-8.019780
-9.551648
-7.929670
-8.560440
-7.659341
-10.092308
-10.452747
-11.804396
-11.173626
-8.830769
-4.865934
0.540659
3.784615
6.037363
8.019780
8.380220
9.912088
9.281319
6.668132
4.145055
1.892308
-1.531868
-4.325275
-7.659341
-8.830769
-10.632967
-5.767033
-3.694505
-1.441758
-3.063736
-2.703297
1.261538
2.703297
0.000000
-3.604396
-5.406593
-5.947253
-6.037363
-3.334066
-1.261538
-0.360440
-2.973626
-5.136264
-9.641758
-10.632967
-10.002198
-8.650549
-7.569231
-8.740659
-8.920879
-8.200000
-6.758242
-5.046154
-4.145055
-3.153846
-3.964835
-3.243956
-6.397802
-10.542857
-12.345055
-14.687912
-16.129670
-14.778022
-12.435165
-11.984615
-12.345055
-10.272527
-8.200000
-6.307692
-2.973626
-2.973626
-1.802198
-4.325275
-5.406593
-10.272527
-12.525275
-10.092308
-7.118681
-4.865934
-5.316484
-5.676923
-5.857143
-6.397802
-2.703297
2.072527
8.019780
15.228571
15.228571
14.417582
11.443956
10.362637
6.668132
6.127473
5.316484
6.217582
5.316484
7.389011
10.632967
11.083516
9.821978
13.967033
23.698901
29.916484
28.925275
25.501099
20.364835
18.292308
19.373626
18.832967
17.571429
16.760440
15.498901
16.670330
14.597802
11.443956
0.180220
10.272527
10.362637
6.397802
2.432967
-0.180220
-2.342857
-2.523077
-1.712088
0.540659
4.685714
4.145055
3.874725
0.630769
-3.063736
-5.586813
-6.127473
-3.243956
-1.712088
-2.703297
-4.415385
-4.685714
-3.063736
0.810989
1.621978
2.883516
0.630769
-1.171429
-5.676923
-7.298901
-10.813187
-12.164835
-15.679121
-18.202198
-21.446154
-20.364835
-20.545055
-19.643956
-19.013187
-18.021978
-17.120879
-13.426374
-11.353846
-11.083516
-13.606593
-14.687912
-16.219780
-19.103297
-22.887912
-24.780220
-27.213187
-26.492308
-26.041758
-23.518681
-20.815385
-16.580220
-11.624176
-5.767033
-4.415385
-4.865934
-4.235165
-6.668132
-10.092308
-10.002198
-12.164835
-13.786813
-14.327473
-11.173626
-8.019780
-3.514286
0.270330
2.973626
2.883516
5.046154
6.127473
4.415385
4.956044
5.586813
6.217582
6.307692
5.767033
4.235165
4.595604
4.505495
2.162637
2.703297
1.081319
2.162637
0.810989
2.162637
4.595604
7.389011
10.362637
13.156044
12.345055
13.065934
10.993407
10.632967
11.353846
13.246154
14.237363
12.164835
11.263736
10.993407
6.487912
4.145055
5.406593
5.857143
6.217582
8.019780
5.947253
4.145055
2.973626
3.694505
4.235165
6.578022
10.272527
12.164835
15.318681
15.949451
15.228571
13.516484
12.254945
16.490110
15.138462
11.984615
7.298901
6.127473
7.389011
9.101099
10.362637
13.516484
14.417582
15.589011
13.336264
13.336264
9.912088
8.200000
6.217582
7.118681
8.920879
11.714286
12.705495
15.589011
16.039560
16.400000
15.408791
13.426374
11.624176
8.920879
5.947253
4.235165
1.802198
-1.171429
-5.947253
-9.191209
-12.254945
-11.804396
-14.237363
-16.490110
-16.670330
-15.769231
-13.606593
-8.019780
-5.136264
-2.793407
-0.090110
4.054945
6.217582
6.938462
5.586813
4.595604
1.351648
-0.180220
-1.441758
0.810989
1.081319
5.857143
8.109890
13.696703
15.318681
12.705495
10.002198
6.307692
5.136264
3.334066
3.874725
3.424176
2.793407
3.153846
2.973626
4.325275
7.569231
10.723077
15.589011
21.986813
22.437363
21.085714
18.562637
14.147253
8.109890
1.712088
-2.703297
-6.848352
-7.298901
-6.758242
-8.290110
-6.307692
-2.523077
-0.090110
-1.441758
2.613187
1.081319
0.720879
-1.261538
0.000000
0.360440
0.540659
-0.180220
1.982418
-4.956044
3.243956
2.793407
1.892308
-2.793407
-3.964835
-4.956044
-4.956044
-1.982418
0.540659
2.252747
3.964835
7.659341
11.263736
9.821978
4.325275
2.072527
-0.090110
-3.964835
-9.010989
-10.542857
-12.615385
-12.885714
-12.705495
-12.975824
-11.534066
-12.885714
-11.894505
-9.731868
-11.984615
-11.353846
-10.272527
-10.002198
-10.362637
-11.263736
-13.606593
-15.138462
-15.769231
-14.778022
-11.534066
-5.767033
0.360440
4.595604
6.578022
4.415385
3.153846
0.360440
-2.973626
-3.784615
-6.307692
-9.461538
-8.740659
-9.371429
-7.839560
-4.145055
-3.063736
0.090110
4.685714
7.749451
10.092308
10.452747
11.173626
9.461538
6.758242
3.604396
3.063736
0.901099
-0.540659
1.712088
4.054945
8.650549
9.821978
13.065934
14.147253
11.443956
10.452747
8.380220
5.226374
1.621978
-2.432967
-5.496703
-7.569231
-10.993407
-9.641758
-8.200000
-4.145055
1.531868
6.487912
7.389011
3.694505
-0.720879
-8.109890
-12.254945
-16.940659
-18.832967
-19.283516
-16.940659
-16.850549
-16.400000
-14.147253
-9.101099
-7.839560
-7.389011
-7.298901
-8.200000
-11.714286
-15.949451
-18.652747
-20.454945
-19.373626
-18.112088
-13.516484
-11.173626
-10.813187
-9.731868
-9.101099
-5.857143
-3.063736
-4.685714
-7.298901
-8.109890
-8.380220
-4.325275
-0.360440
0.360440
3.784615
5.406593
5.767033
4.235165
4.325275
3.694505
2.973626
0.810989
-1.081319
-3.063736
-2.432967
-3.243956
-2.252747
0.630769
3.604396
6.938462
6.307692
7.749451
7.118681
6.938462
6.578022
8.920879
10.542857
12.885714
14.597802
11.894505
19.373626
21.806593
22.707692
22.617582
21.806593
23.969231
23.248352
19.283516
16.490110
10.813187
3.784615
3.243956
2.883516
2.883516
3.694505
2.342857
-3.784615
4.505495
6.938462
10.002198
13.876923
15.048352
19.463736
20.905495
24.509890
26.221978
24.329670
22.257143
18.652747
17.210989
20.004396
20.635165
24.149451
24.059341
21.716484
20.004396
17.120879
15.679121
12.795604
10.452747
10.182418
7.028571
3.964835
2.252747
2.072527
3.424176
3.514286
3.063736
2.523077
3.874725
3.334066
2.613187
1.621978
1.261538
2.432967
3.334066
-0.270330
-5.046154
-10.723077
-14.057143
-16.490110
-18.292308
-18.472527
-17.481319
-18.292308
-18.202198
-16.129670
-17.841758
-21.536264
-26.041758
-29.015385
-27.393407
-27.934066
-25.951648
-27.213187
-25.591209
-24.329670
-21.175824
-21.896703
-20.274725
-17.661538
-16.129670
-17.030769
-16.490110
-17.120879
-13.156044
-11.624176
-10.723077
-10.272527
-10.362637
-9.731868
-9.101099
-7.659341
-5.947253
-6.307692
-5.316484
-5.767033
-6.397802
-6.578022
-7.118681
-8.650549
-7.569231
-4.865934
-1.261538
1.441758
4.415385
4.595604
2.793407
0.720879
3.694505
2.973626
-0.180220
0.000000
-2.613187
-2.523077
-1.802198
-3.604396
-3.243956
-2.072527
-2.613187
1.171429
0.991209
0.360440
0.540659
-1.081319
-1.982418
-3.694505
-0.270330
0.810989
3.514286
5.046154
6.307692
7.118681
7.839560
8.019780
6.487912
5.586813
5.676923
4.595604
4.235165
1.441758
-0.540659
1.621978
-1.802198
-0.090110
0.540659
1.351648
1.261538
3.153846
3.964835
5.496703
2.973626
4.595604
3.604396
2.342857
4.505495
5.947253
5.136264
6.668132
3.784615
3.874725
1.892308
3.964835
3.334066
-1.441758
-3.784615
-3.514286
-5.316484
0.540659
3.243956
5.676923
7.479121
8.740659
11.534066
14.327473
14.057143
13.426374
7.929670
4.865934
-0.180220
-2.162637
-3.514286
-6.397802
-7.208791
-8.560440
-9.281319
-9.912088
-8.380220
-7.839560
-9.010989
-6.487912
-5.586813
-5.947253
-4.235165
-2.432967
-1.621978
-0.901099
-3.243956
-5.586813
-5.586813
-6.127473
-10.272527
-11.534066
-12.615385
-11.804396
-9.731868
-6.217582
-6.487912
-3.874725
-2.793407
-1.982418
-2.162637
0.540659
2.162637
6.578022
10.542857
15.769231
18.472527
21.265934
21.536264
18.923077
14.057143
11.353846
7.569231
8.380220
6.037363
6.938462
8.650549
11.443956
11.173626
13.156044
15.498901
16.490110
16.039560
15.408791
13.246154
12.975824
12.074725
13.967033
17.571429
18.652747
14.868132
20.454945
19.373626
14.147253
10.002198
9.641758
7.749451
7.208791
3.604396
2.162637
-0.090110
0.090110
-0.270330
2.162637
2.432967
4.505495
4.865934
5.767033
2.432967
-0.270330
-1.802198
-2.523077
-3.063736
-4.235165
-5.676923
-3.604396
-3.514286
-2.793407
-2.342857
-1.802198
-1.351648
4.415385
6.758242
6.397802
1.171429
-2.523077
-3.063736
-1.892308
0.901099
2.793407
6.668132
10.813187
13.876923
12.975824
13.156044
13.786813
14.057143
12.254945
10.002198
5.046154
0.540659
-2.342857
-2.973626
0.270330
6.578022
16.760440
23.698901
26.942857
28.564835
24.780220
22.347253
19.553846
20.454945
18.112088
14.147253
11.443956
4.505495
-0.810989
-2.432967
-4.595604
-3.964835
-2.162637
-2.252747
-5.406593
-6.668132
-5.226374
-1.802198
2.072527
6.668132
9.461538
9.461538
5.226374
2.973626
0.630769
1.621978
3.153846
7.208791
10.723077
12.885714
9.731868
7.208791
5.767033
6.397802
10.632967
13.246154
12.705495
13.065934
10.002198
7.569231
4.415385
5.767033
7.389011
7.839560
9.371429
9.010989
6.037363
1.351648
-1.531868
-4.505495
-7.929670
-6.938462
-7.389011
-7.028571
-9.641758
-8.019780
-6.397802
-2.793407
-0.180220
3.514286
3.334066
5.226374
3.784615
3.604396
4.054945
3.334066
1.351648
-2.523077
-6.578022
-9.371429
-11.534066
-11.714286
-9.010989
-9.371429
-0.991209
8.290110
9.281319
10.723077
8.920879
7.659341
4.685714
5.316484
4.685714
3.784615
1.802198
1.531868
2.613187
2.613187
2.703297
3.063736
2.432967
4.865934
2.613187
2.252747
-2.162637
-1.081319
-5.316484
-9.551648
-11.353846
-13.426374
-13.967033
-15.048352
-17.391209
-19.914286
-23.969231
-26.762637
-28.474725
-29.105495
-32.349451
-33.070330
-36.043956
-37.395604
-37.936264
-37.125275
-34.692308
-33.701099
-32.619780
-30.637363
-27.213187
-29.736264
-30.276923
-29.375824
-28.114286
-24.329670
-25.501099
-24.329670
-26.942857
-26.762637
-25.230769
-21.446154
-18.832967
-13.065934
-12.254945
-12.254945
-12.795604
-13.606593
-12.795604
-8.200000
-3.153846
-0.901099
-0.720879
-0.720879
-2.973626
-5.767033
-11.443956
-11.894505
-11.804396
-9.821978
-8.560440
-6.938462
-4.685714
-0.360440
-1.802198
1.712088
3.964835
7.569231
7.839560
8.109890
5.226374
4.325275
1.802198
4.325275
7.839560
11.894505
15.228571
16.670330
15.589011
13.967033
11.173626
10.993407
9.281319
9.281319
6.938462
5.767033
4.505495
3.334066
4.415385
9.821978
15.679121
19.734066
21.446154
21.356044
18.923077
17.030769
13.426374
9.281319
3.694505
1.621978
0.360440
1.171429
3.424176
8.200000
7.479121
8.830769
7.929670
9.101099
10.723077
5.226374
9.821978
8.650549
9.101099
9.010989
7.569231
6.397802
5.226374
5.947253
4.595604
2.973626
3.514286
0.450549
-1.171429
-1.531868
-3.153846
-0.180220
1.621978
2.613187
4.685714
8.380220
10.182418
13.786813
17.751648
21.175824
21.626374
24.690110
26.221978
24.509890
22.978022
23.248352
20.364835
18.202198
15.949451
15.228571
14.868132
16.400000
17.481319
19.103297
21.986813
23.338462
23.428571
24.239560
21.626374
19.734066
14.417582
12.345055
10.813187
10.903297
8.740659
2.793407
2.973626
-0.360440
-1.892308
-2.342857
-2.072527
-0.810989
0.450549
3.604396
3.784615
3.153846
-0.180220
-1.531868
-0.810989
0.180220
-0.450549
-0.991209
0.540659
1.171429
