nInput	nHidden	nOutput
7	10	2
Weights Input Hidden
0.10059695265437381	0.07435743391302861	0.40600851435172286	1.325293726550973	0.4556503755307684	-0.7645129255306544	1.4451386334674674	0.09561178739770453	0.6093304824427799	0.12048126329928296	
-0.17073379481319922	0.17681368025151253	0.20075101676370763	0.5457912928235299	0.2538389471524435	-0.05518705311639838	0.5637452134066887	-0.4014583244272742	0.14572725176503087	-0.16339662028061103	
-0.048624588306615035	-0.4055477413288546	0.16671494517856694	0.4570781321728135	0.06724146149974772	1.0394282314318402	0.4745002399180089	-0.3212673206551638	-0.8547622195178229	-0.045608459459480964	
-0.4975079575891332	-0.5168871536205887	-0.12597835917408476	0.6020311296560121	0.15815663542685102	0.6102864669378371	0.5654272066533628	-0.31160218626966507	-0.6703167135070941	-0.2255423689329772	
0.07047080876743027	0.1918680554791732	0.2115680924151744	0.16673434533961212	0.26154293457505223	-0.37157280435410617	0.2250154526084683	0.19274945914054184	0.28360260247053254	0.14277687199506484	
-0.0012587657575332928	0.26412911477668866	-0.1436626424391344	-0.20030440343500133	-0.08425785372787814	0.3795728885400231	-0.15861052329572392	-0.021147197345252795	-0.3480265516098243	-0.019846206402288975	
-0.5855685523918096	-1.0642537712293234	0.027107886168222746	-3.9948144740390505	0.21730985903320663	2.807958095094423	-4.397748157900162	-0.32128059405764753	-2.3280700488081605	-0.8830345778662824	
Weights Hidden Output
0.20782124447091135	2.9014864081789797	
1.3932190910119548	3.592075069037892	
-0.584456737735284	0.544494955159695	
0.17817570660438206	-4.5053893728642125	
-0.5262519292704827	1.2037004062916343	
-5.067867078213561	2.285308991800309	
1.1627999185143343	-4.963660407100991	
-0.08122889986210204	2.72635621979569	
3.514057347734054	-0.2818842272848716	
0.49330708664179307	3.2845239909470494	
LearningRate	Momentum
0.005	0.05