0.183639
1.193651
1.377289
2.570940
3.489133
1.836386
0.826374
0.183639
-0.183639
1.010012
0.367277
0.275458
0.918193
-0.550916
-1.377289
0.000000
0.275458
1.010012
1.560928
2.295482
1.836386
1.469109
1.101832
-0.918193
0.275458
1.469109
1.377289
-7.253724
1.285470
3.213675
4.131868
3.948230
4.590965
4.958242
4.223687
3.764591
2.479121
2.295482
0.918193
0.550916
1.010012
2.295482
2.662759
1.744567
0.642735
0.367277
0.918193
-0.275458
-2.754579
-4.131868
-5.600977
-4.682784
-3.213675
-4.407326
-4.131868
-4.040049
-2.662759
-0.459096
-0.275458
1.193651
0.367277
0.918193
1.744567
1.928205
0.918193
0.734554
1.101832
0.367277
-0.550916
1.560928
3.580952
4.774603
5.600977
5.509158
5.325519
4.315507
4.040049
4.866422
2.846398
2.846398
2.020024
0.183639
-1.469109
-1.469109
-2.938217
-2.111844
-0.734554
-0.826374
0.367277
2.111844
2.295482
4.040049
4.590965
3.489133
4.590965
5.417338
4.590965
3.856410
2.846398
0.918193
0.826374
0.275458
-0.734554
-1.836386
-1.652747
-3.213675
-4.223687
-3.305495
-3.121856
-3.030037
-2.846398
-0.459096
2.203663
4.131868
1.652747
1.010012
2.662759
2.020024
1.928205
2.295482
1.010012
-0.459096
-1.101832
-1.928205
-1.377289
0.091819
-0.367277
0.091819
1.010012
0.459096
0.550916
0.642735
-1.560928
-2.570940
-1.928205
-1.928205
-2.111844
-1.469109
-2.662759
0.183639
1.836386
1.836386
2.111844
2.938217
1.193651
1.836386
2.111844
0.734554
-0.826374
-1.010012
-2.020024
-2.846398
-2.938217
-4.590965
-5.509158
-5.417338
-5.968254
-4.866422
-3.580952
-4.499145
-4.040049
-3.030037
-2.938217
-1.744567
-1.560928
-1.010012
0.550916
1.101832
-0.642735
-1.928205
0.183639
1.010012
2.111844
2.111844
2.387302
4.040049
5.968254
6.060073
4.774603
4.315507
4.040049
5.233700
7.161905
6.151893
4.407326
4.499145
2.938217
2.387302
2.846398
3.121856
5.141880
5.968254
7.345543
6.978266
4.866422
3.030037
3.213675
1.469109
0.091819
0.826374
0.550916
-1.744567
-2.111844
-2.295482
-1.193651
-1.010012
-1.193651
-1.101832
-0.183639
0.826374
1.560928
1.285470
0.091819
0.183639
0.275458
0.826374
0.734554
1.010012
2.203663
2.111844
0.367277
1.744567
2.203663
2.754579
3.213675
3.672772
3.121856
2.938217
2.479121
4.315507
5.141880
5.876435
6.702808
6.702808
7.070085
6.794628
4.407326
1.744567
1.101832
0.459096
-0.091819
2.203663
4.682784
4.958242
7.070085
7.896459
7.804640
6.794628
5.876435
6.702808
8.080098
7.621001
6.151893
3.580952
2.846398
1.101832
2.295482
3.764591
3.856410
4.499145
3.580952
3.213675
5.141880
5.600977
4.958242
4.866422
5.325519
4.682784
4.958242
5.600977
4.866422
4.223687
3.764591
2.295482
0.642735
0.275458
0.000000
-0.642735
-0.459096
0.000000
1.744567
5.050061
6.886447
6.610989
5.417338
3.489133
1.101832
-1.285470
-1.652747
-1.469109
-1.101832
-2.479121
-3.764591
-3.397314
-3.580952
-3.121856
-2.846398
-0.826374
-0.918193
-0.275458
0.459096
1.285470
1.285470
1.928205
0.642735
-1.101832
-2.020024
-1.652747
-0.826374
-0.918193
-0.642735
-0.183639
0.000000
0.642735
1.928205
2.295482
1.377289
1.193651
-2.295482
-10.467399
-5.692796
-5.876435
-6.151893
-3.948230
-2.570940
-3.121856
-3.397314
-2.479121
-3.121856
-2.111844
-2.479121
-7.070085
-0.734554
-0.275458
-2.295482
-1.101832
-2.479121
-3.121856
-4.040049
-4.682784
-3.856410
-4.131868
-4.131868
-4.040049
-3.764591
-3.030037
-1.652747
-2.754579
-2.570940
-0.367277
0.091819
1.101832
-0.183639
-1.193651
-3.489133
-5.233700
-5.784615
-5.417338
-5.417338
-5.417338
-4.040049
-3.672772
-2.754579
-2.662759
-1.469109
-1.560928
-1.010012
0.183639
0.275458
1.652747
2.662759
1.560928
0.642735
-0.459096
-0.183639
0.918193
0.183639
-1.928205
-3.213675
-2.938217
-2.938217
-4.131868
-4.131868
-2.479121
-1.744567
-1.469109
-0.642735
0.550916
1.101832
1.652747
2.846398
1.010012
1.744567
2.387302
0.734554
-0.367277
-0.918193
-1.928205
0.275458
-0.183639
-0.183639
0.367277
0.367277
-1.010012
-0.826374
-0.550916
-1.193651
-0.826374
0.275458
0.826374
1.377289
2.754579
4.131868
4.040049
4.774603
4.958242
3.121856
1.010012
0.275458
-0.550916
-1.469109
-1.010012
0.275458
1.285470
2.295482
3.397314
4.590965
4.774603
6.243712
7.437363
6.610989
5.417338
5.692796
4.223687
3.856410
4.315507
2.203663
0.826374
1.560928
1.560928
1.652747
1.469109
0.459096
0.550916
0.918193
0.918193
1.193651
3.121856
5.141880
6.427350
7.253724
5.509158
3.121856
1.560928
1.469109
1.928205
2.387302
0.734554
-0.275458
0.183639
0.459096
0.642735
0.275458
1.469109
1.836386
2.570940
1.193651
0.183639
-1.101832
-2.111844
-1.928205
-0.367277
0.000000
0.183639
-0.642735
-1.652747
-0.550916
0.000000
0.275458
1.010012
0.918193
0.734554
0.550916
-0.183639
0.550916
3.305495
4.682784
4.315507
3.856410
5.784615
4.958242
4.866422
4.866422
4.315507
4.958242
4.407326
5.141880
5.050061
5.050061
7.253724
6.978266
7.345543
6.060073
3.764591
4.499145
3.948230
5.233700
5.784615
5.876435
4.866422
4.040049
2.479121
2.479121
3.397314
2.387302
2.570940
3.489133
3.397314
3.856410
3.397314
3.121856
3.856410
2.479121
1.836386
1.560928
2.203663
2.203663
2.938217
4.223687
4.499145
3.948230
4.315507
4.040049
3.213675
2.387302
3.305495
3.856410
4.682784
4.131868
4.223687
4.131868
5.600977
5.417338
5.233700
2.846398
1.836386
2.111844
0.091819
0.091819
1.285470
0.091819
-1.560928
-1.285470
-2.387302
-2.662759
-1.285470
-1.193651
1.285470
1.560928
-0.550916
0.183639
0.275458
0.642735
0.918193
-8.722833
0.734554
0.642735
1.377289
2.479121
2.754579
2.938217
2.295482
2.479121
3.030037
3.856410
4.407326
5.141880
5.968254
7.345543
7.345543
6.335531
5.509158
4.682784
4.590965
3.121856
3.489133
3.764591
3.764591
3.305495
1.928205
1.469109
2.020024
0.826374
0.918193
0.918193
1.928205
2.111844
1.652747
2.295482
1.928205
1.744567
1.744567
0.091819
0.918193
0.642735
-0.918193
-2.570940
-3.672772
-2.754579
-2.295482
-1.928205
-1.469109
-1.836386
-3.489133
-3.764591
-3.030037
-1.560928
-2.020024
-1.836386
0.000000
-0.550916
-0.918193
-2.203663
-2.938217
-2.754579
-3.305495
-3.856410
-2.754579
-0.642735
1.285470
1.101832
0.734554
-0.275458
-1.010012
-1.377289
-1.652747
-2.479121
-1.285470
-1.744567
-2.020024
-1.560928
-0.642735
-0.091819
-0.091819
1.469109
1.377289
1.560928
1.652747
1.010012
1.744567
2.387302
2.479121
3.580952
3.305495
2.938217
4.040049
1.652747
-1.010012
-2.111844
-3.489133
-4.040049
-5.233700
-5.325519
-4.315507
-3.489133
-1.836386
-1.652747
-1.744567
-1.744567
-0.367277
0.000000
0.275458
0.183639
-0.826374
-0.183639
-1.744567
0.550916
-0.734554
0.091819
0.918193
0.918193
1.101832
1.744567
2.662759
2.662759
4.131868
4.958242
5.968254
5.968254
5.509158
5.509158
5.325519
5.050061
4.958242
4.590965
5.417338
4.774603
3.856410
2.295482
1.928205
1.928205
2.295482
2.662759
2.846398
1.560928
1.193651
0.734554
0.459096
0.275458
0.183639
-1.285470
-1.836386
-3.305495
-1.560928
-1.652747
-0.826374
0.000000
-1.101832
-2.111844
-2.570940
-2.479121
-2.387302
-1.377289
-0.459096
-0.459096
0.091819
0.642735
1.285470
2.203663
0.826374
0.091819
1.101832
1.377289
2.295482
2.387302
3.580952
3.764591
3.764591
2.479121
1.560928
0.091819
-0.550916
0.000000
-0.367277
0.091819
0.918193
2.020024
3.213675
2.020024
0.091819
-1.010012
-1.560928
-0.826374
0.826374
-0.275458
-1.193651
-0.826374
-0.550916
-0.734554
0.642735
2.754579
3.305495
4.040049
3.213675
2.754579
3.305495
2.662759
2.203663
3.764591
4.223687
3.580952
3.121856
4.040049
5.050061
6.610989
7.621001
7.253724
7.988278
7.437363
6.794628
7.345543
8.998291
6.794628
6.519170
7.529182
6.610989
6.519170
8.171917
7.253724
6.151893
5.325519
3.580952
3.213675
1.469109
1.560928
2.203663
3.213675
4.315507
3.030037
3.397314
3.672772
4.682784
3.397314
1.744567
0.091819
-1.377289
-0.275458
-0.734554
-1.377289
0.000000
-1.652747
-1.744567
-3.489133
-1.285470
-1.469109
-1.010012
-0.367277
-0.367277
0.183639
0.000000
0.826374
0.918193
1.469109
1.193651
2.111844
2.203663
0.183639
-1.010012
-8.998291
-2.754579
-4.499145
-3.305495
-2.570940
-0.459096
0.000000
-0.183639
-0.459096
0.275458
0.367277
0.367277
-1.377289
0.367277
2.570940
4.499145
3.030037
0.091819
-1.744567
-0.918193
0.275458
0.642735
2.111844
3.397314
4.774603
5.233700
6.886447
8.631013
6.886447
5.509158
3.489133
3.672772
3.764591
1.928205
-0.918193
-4.131868
-6.519170
-6.335531
-3.489133
-2.846398
-3.489133
-1.285470
0.642735
1.836386
3.672772
4.040049
2.203663
0.183639
0.642735
-1.010012
-1.744567
-1.836386
-2.479121
-2.020024
-0.734554
0.367277
1.010012
1.101832
2.203663
3.213675
1.469109
-1.101832
-3.580952
-5.325519
-3.856410
-2.754579
-2.111844
-2.020024
-1.285470
-1.744567
-1.560928
-3.948230
-5.141880
-7.253724
-8.631013
-10.008303
-14.048352
-10.467399
-11.477411
-11.936508
-10.191941
-8.998291
-7.804640
-9.365568
-9.457387
-10.559219
-10.559219
-10.283761
-8.722833
-6.978266
-5.050061
-3.764591
-2.111844
-3.580952
-3.121856
-3.397314
-4.774603
-5.141880
-4.223687
-2.570940
-3.030037
-1.377289
-0.183639
1.285470
0.826374
0.367277
-2.203663
-3.764591
-6.060073
-6.886447
-6.978266
-4.866422
-2.203663
-1.836386
0.275458
0.918193
-0.183639
-1.560928
-0.734554
-0.642735
-0.275458
-1.193651
-0.734554
-2.111844
-1.836386
-1.836386
0.826374
1.652747
-1.010012
-3.764591
-6.243712
-8.447375
-10.191941
-9.916484
-6.243712
-1.010012
3.305495
6.978266
9.457387
9.916484
12.028327
11.385592
11.201954
10.100122
6.427350
3.397314
1.560928
3.672772
4.315507
5.050061
5.692796
4.040049
2.662759
1.285470
0.275458
1.193651
0.734554
1.193651
3.489133
6.243712
8.998291
11.018315
11.293773
9.641026
8.998291
8.171917
4.223687
0.367277
-1.285470
-2.203663
-1.010012
0.918193
2.846398
5.050061
7.253724
9.181929
10.926496
8.263736
5.509158
2.387302
1.010012
-0.459096
-1.010012
-0.091819
2.020024
2.295482
1.469109
0.734554
2.387302
3.305495
4.407326
4.774603
3.213675
0.642735
-6.702808
-1.652747
-2.662759
-3.121856
-3.213675
-1.285470
0.550916
0.367277
1.010012
0.826374
2.295482
2.662759
2.295482
2.203663
2.111844
1.101832
1.010012
0.826374
2.387302
3.213675
4.040049
3.213675
3.121856
3.305495
1.652747
0.550916
0.367277
0.642735
1.101832
1.193651
0.918193
1.010012
1.652747
0.918193
-1.377289
-2.570940
-1.010012
0.367277
0.550916
-0.826374
-1.010012
-1.469109
-2.295482
-1.744567
-1.101832
-1.377289
-1.285470
-0.459096
1.010012
2.387302
3.856410
4.131868
4.040049
4.315507
5.417338
6.060073
5.692796
5.876435
6.151893
6.886447
5.692796
5.233700
4.958242
3.397314
2.295482
2.387302
2.754579
2.479121
3.030037
4.499145
3.305495
4.223687
7.070085
6.243712
5.876435
4.407326
3.030037
0.550916
1.652747
1.010012
1.010012
1.469109
0.734554
0.367277
-0.091819
-0.918193
-3.030037
-3.305495
-2.570940
-3.305495
-4.315507
-5.692796
-4.131868
-1.101832
-0.642735
-2.295482
-2.938217
-2.387302
-2.295482
-2.020024
-1.836386
-3.121856
-2.020024
-12.120147
-2.662759
-4.040049
-4.958242
-4.774603
-4.499145
-2.387302
-0.275458
0.000000
0.091819
-0.918193
-1.836386
-0.918193
-0.275458
-3.305495
-5.692796
-6.427350
-4.407326
-3.672772
-4.315507
-3.305495
-1.652747
-0.918193
-1.285470
-0.367277
0.550916
-0.183639
-1.836386
0.183639
0.918193
0.550916
-0.734554
-1.010012
-2.203663
-2.479121
-1.928205
-0.826374
-0.091819
-0.275458
-0.275458
-1.010012
-0.826374
0.826374
-0.183639
-1.560928
-0.550916
0.642735
-0.275458
0.275458
1.101832
3.856410
6.702808
7.070085
6.427350
4.131868
2.479121
2.754579
2.754579
2.754579
0.826374
-1.469109
-0.183639
2.938217
6.427350
7.253724
6.060073
4.407326
1.928205
-1.377289
-2.938217
-4.223687
-5.784615
-4.958242
-2.020024
-0.642735
0.091819
0.000000
0.091819
-1.928205
-10.834676
-2.938217
-5.509158
-7.529182
-8.263736
-8.355556
-5.876435
-2.938217
-0.826374
-0.275458
0.000000
-0.367277
-0.459096
-2.662759
-3.213675
-3.397314
-3.213675
-5.417338
-5.141880
-4.774603
-3.121856
-2.020024
-0.459096
0.550916
0.000000
-1.560928
-3.305495
-4.499145
-4.866422
-3.764591
-3.856410
-2.479121
-1.928205
2.111844
3.856410
5.325519
5.876435
3.580952
2.295482
2.111844
2.479121
3.764591
4.590965
4.315507
4.590965
6.610989
6.978266
7.070085
7.988278
7.161905
6.886447
5.050061
2.662759
1.560928
2.203663
2.662759
3.121856
2.846398
3.213675
3.213675
3.580952
4.407326
4.682784
4.040049
6.794628
6.978266
7.437363
7.529182
7.896459
8.263736
7.988278
7.437363
8.814652
9.824664
11.293773
9.824664
9.916484
10.926496
12.303785
12.395604
10.651038
9.181929
9.732845
11.018315
11.936508
11.477411
15.150183
10.559219
12.120147
9.365568
9.365568
7.988278
8.722833
10.191941
10.008303
8.814652
8.722833
8.539194
7.345543
3.580952
2.846398
2.479121
1.928205
2.295482
2.754579
4.774603
5.876435
5.050061
4.682784
4.407326
5.968254
6.427350
5.050061
1.101832
3.672772
-3.397314
-0.826374
-0.091819
1.469109
0.459096
2.938217
1.010012
4.590965
2.662759
2.295482
3.764591
2.662759
1.101832
-0.550916
-2.295482
-1.010012
-5.325519
-5.325519
-4.223687
-2.846398
-1.377289
-1.652747
0.275458
-2.479121
-4.590965
-2.570940
-5.233700
-4.040049
-4.774603
-7.161905
-6.702808
-1.193651
-8.447375
-8.171917
5.600977
1.010012
-0.550916
-0.642735
-2.938217
-2.846398
-2.387302
-7.161905
-3.948230
-15.425641
3.213675
-11.385592
2.295482
0.091819
-3.030037
-0.826374
-0.091819
2.754579
5.233700
2.938217
-2.203663
10.100122
9.181929
5.968254
5.050061
6.243712
6.794628
3.856410
9.181929
13.313797
7.988278
6.519170
4.499145
6.794628
6.519170
8.171917
6.243712
7.345543
3.948230
14.599267
14.048352
13.497436
15.058364
13.313797
15.609280
12.762882
10.100122
8.263736
7.804640
8.539194
4.590965
7.161905
6.978266
6.243712
5.050061
4.407326
2.111844
2.479121
2.662759
2.295482
2.938217
0.459096
-0.367277
0.183639
-2.203663
-2.570940
-3.856410
-1.101832
-0.918193
-9.181929
-13.130159
-7.161905
-9.181929
-8.080098
-6.151893
-6.427350
-5.692796
-7.345543
-8.814652
-7.988278
-5.509158
0.183639
-0.826374
-2.387302
-3.030037
-5.692796
-4.774603
-2.570940
-4.774603
-3.580952
-4.958242
-4.223687
-2.754579
-3.580952
-9.273748
-9.824664
2.111844
0.642735
-2.020024
-3.305495
-3.672772
0.091819
0.642735
1.193651
0.091819
-1.652747
-3.856410
-1.285470
-1.193651
-3.856410
-4.223687
-3.121856
-3.672772
-10.191941
-5.509158
-6.519170
-10.559219
-1.744567
-3.948230
1.101832
1.010012
2.479121
1.377289
2.479121
2.846398
4.774603
-0.550916
-0.918193
-1.560928
-2.570940
1.101832
1.193651
3.030037
5.692796
7.437363
4.315507
-0.091819
6.427350
7.253724
7.070085
2.203663
-1.377289
-4.315507
3.121856
-2.387302
1.744567
4.315507
1.469109
2.111844
-2.020024
-5.600977
-2.938217
-3.305495
-2.938217
-5.050061
-4.131868
0.826374
-2.295482
-0.459096
0.550916
0.091819
-1.744567
-1.469109
-3.672772
-10.191941
-5.968254
-2.111844
-8.814652
-4.682784
-5.876435
-0.734554
-1.928205
-1.285470
0.367277
-0.367277
-3.397314
-0.642735
0.734554
-1.010012
-1.836386
0.367277
-2.203663
-1.377289
-3.580952
-3.121856
-3.305495
-4.131868
-3.213675
-6.427350
-6.427350
-7.161905
-0.918193
0.918193
1.193651
1.744567
0.091819
-2.662759
-5.325519
-5.968254
-1.836386
-3.397314
0.275458
-0.918193
-0.826374
3.580952
4.040049
5.968254
6.794628
0.459096
0.918193
4.682784
1.836386
1.377289
-0.734554
-3.030037
0.642735
-0.367277
1.377289
2.662759
2.295482
-3.764591
-2.754579
3.489133
-0.918193
-2.203663
-1.285470
2.295482
1.836386
-1.836386
-0.826374
5.417338
2.203663
5.876435
6.794628
-1.560928
2.479121
1.285470
1.377289
2.570940
3.764591
-4.315507
2.203663
3.672772
2.111844
3.121856
-2.111844
0.459096
-4.407326
-5.968254
-3.948230
-9.273748
-1.928205
-0.091819
2.387302
2.754579
6.886447
2.295482
2.020024
-2.570940
-3.672772
-5.600977
-10.651038
-11.569231
-11.661050
-7.529182
-1.652747
2.295482
0.734554
-1.377289
-0.642735
-0.550916
-2.203663
-7.253724
-6.335531
-0.550916
-4.499145
-0.550916
-1.469109
-3.213675
-2.387302
0.275458
-0.826374
4.774603
2.295482
-1.101832
-1.469109
-0.826374
-1.836386
2.020024
-1.652747
-2.754579
-4.407326
-5.050061
-5.692796
-2.570940
2.387302
1.010012
0.459096
6.794628
9.549206
7.988278
9.273748
7.345543
3.489133
2.020024
3.489133
7.253724
8.631013
7.529182
10.926496
9.641026
7.161905
5.050061
12.120147
8.814652
8.355556
3.764591
6.519170
5.692796
5.141880
7.621001
6.610989
6.060073
12.946520
8.263736
12.579243
6.060073
8.814652
6.610989
8.263736
6.794628
4.499145
8.539194
9.549206
6.978266
10.559219
14.231990
7.161905
7.345543
2.846398
4.223687
6.702808
1.377289
7.161905
10.100122
8.171917
5.050061
4.958242
5.050061
2.111844
1.928205
0.091819
3.580952
7.529182
4.407326
4.774603
4.131868
9.090110
8.906471
4.958242
0.000000
3.030037
2.387302
2.295482
-1.010012
4.774603
3.948230
5.509158
1.836386
5.692796
7.621001
6.886447
6.702808
4.590965
5.876435
6.427350
8.539194
12.120147
6.886447
7.161905
3.764591
11.477411
9.549206
5.141880
-1.652747
5.692796
2.020024
-2.938217
-1.193651
0.183639
0.091819
-0.918193
-0.183639
-1.193651
1.652747
9.365568
3.489133
7.621001
0.826374
4.866422
3.121856
1.836386
-0.642735
5.141880
2.020024
0.642735
5.509158
2.387302
3.672772
3.580952
0.275458
2.111844
0.826374
3.305495
1.560928
0.000000
6.702808
-2.387302
-2.846398
5.325519
3.856410
-2.020024
1.377289
1.928205
0.367277
-3.948230
0.183639
-0.183639
2.020024
1.285470
-0.275458
-2.846398
-10.926496
-5.968254
-4.866422
-6.702808
-6.427350
5.600977
2.662759
0.918193
3.856410
-2.846398
-3.764591
-2.570940
2.020024
9.181929
4.774603
2.295482
5.141880
0.000000
-2.020024
4.040049
-0.642735
1.560928
1.101832
-2.387302
-2.295482
0.826374
-9.090110
-6.151893
-5.876435
-5.050061
-4.774603
-0.918193
-4.040049
-0.459096
-0.642735
-2.754579
1.101832
-1.193651
-3.397314
-3.397314
-2.020024
-2.754579
-5.417338
-0.183639
-3.121856
-4.958242
-1.377289
-0.642735
0.550916
0.918193
-4.590965
4.774603
-1.285470
0.550916
-7.253724
2.938217
-0.642735
-7.988278
0.091819
-3.764591
-3.489133
4.315507
-4.866422
-0.367277
1.744567
-2.938217
-0.642735
-1.377289
-3.489133
-3.764591
-1.652747
-2.754579
-0.550916
-2.938217
1.101832
2.387302
2.938217
1.744567
2.111844
3.121856
1.560928
-6.060073
4.958242
5.876435
0.826374
0.642735
2.387302
-4.315507
2.387302
-4.958242
-0.918193
-2.387302
-3.948230
3.305495
-2.295482
4.499145
-4.866422
5.325519
-6.794628
-0.734554
-4.499145
1.744567
4.499145
0.550916
2.479121
-0.275458
-1.101832
3.305495
-1.010012
2.846398
-4.682784
-1.285470
0.367277
-0.642735
0.459096
-6.886447
-1.560928
-0.275458
2.111844
-1.101832
4.131868
1.010012
1.928205
-1.652747
-1.469109
1.285470
4.499145
4.590965
3.397314
4.407326
0.000000
-0.091819
6.060073
0.275458
2.479121
0.550916
0.000000
2.754579
6.886447
2.662759
1.101832
2.203663
-4.682784
6.978266
-6.794628
4.131868
6.060073
0.826374
2.295482
-2.479121
-20.659341
2.754579
0.734554
-5.600977
-4.223687
0.550916
-1.744567
-1.744567
-0.826374
-1.193651
3.305495
-0.183639
-0.183639
-2.754579
-2.020024
-7.988278
2.938217
0.734554
-3.397314
-1.836386
2.662759
9.181929
-0.918193
3.121856
-1.285470
-0.367277
0.275458
4.315507
4.499145
-2.203663
8.998291
7.253724
2.846398
8.355556
11.201954
10.559219
9.090110
9.549206
19.741148
6.794628
5.600977
-1.744567
-1.928205
11.661050
4.499145
15.517460
7.621001
-4.499145
15.150183
12.028327
9.365568
-1.377289
-3.121856
-23.046642
11.385592
6.243712
1.744567
-1.928205
3.856410
2.295482
6.886447
17.904762
2.203663
6.794628
19.832967
