-2.700855
2.315018
1.061050
0.000000
0.385836
1.929182
1.253968
-1.157509
1.061050
-0.964591
0.578755
1.929182
1.543346
0.192918
-1.061050
0.000000
-3.376068
-1.736264
-0.385836
0.675214
-0.289377
-1.446886
2.218559
3.086691
3.086691
1.157509
0.289377
0.675214
3.086691
5.884005
6.173382
9.163614
9.549451
4.822955
2.604396
0.385836
1.832723
0.771673
-1.543346
0.000000
0.385836
3.183150
3.183150
3.086691
3.472527
4.147741
3.183150
0.385836
-0.482295
-2.990232
-4.822955
-3.665446
-1.446886
-0.964591
0.192918
-0.675214
-1.446886
-0.385836
-2.025641
-1.446886
-1.543346
-2.122100
-5.208791
-6.945055
-6.173382
-7.137973
-4.051282
-4.919414
-1.736264
0.289377
4.244200
5.112332
4.533578
3.472527
-2.025641
-2.604396
-3.568987
-0.771673
-4.147741
-3.858364
-4.051282
-1.061050
-3.183150
-4.244200
-1.929182
-2.315018
0.192918
0.868132
-0.096459
-1.157509
-0.385836
-1.639805
-2.507937
-4.244200
-1.929182
-2.797314
-2.315018
-2.507937
-1.543346
-0.964591
-0.192918
0.385836
-1.061050
-0.771673
-2.411477
0.385836
-4.726496
-6.462759
-7.330891
-4.822955
-3.472527
-3.086691
0.771673
2.893773
4.630037
4.630037
5.401709
3.086691
1.832723
3.472527
1.929182
1.543346
-0.385836
-0.964591
-0.482295
-0.192918
3.472527
4.726496
3.086691
3.954823
3.954823
3.086691
0.675214
1.832723
1.350427
4.244200
1.157509
-1.157509
-1.446886
-3.086691
-3.761905
-4.147741
-4.630037
-6.366300
-3.472527
0.289377
1.543346
-0.096459
-2.218559
-0.578755
-1.350427
-0.771673
-2.893773
-5.305250
-5.112332
-4.340659
-6.173382
-4.147741
-2.507937
-2.604396
-3.568987
-4.051282
-2.990232
-1.253968
0.964591
0.289377
0.868132
3.568987
5.208791
3.183150
2.893773
4.340659
4.244200
5.884005
5.015873
6.366300
3.376068
4.919414
6.559219
5.305250
6.848596
6.076923
6.269841
6.076923
6.752137
7.137973
8.874237
8.102564
7.620269
8.102564
8.391941
7.427350
3.376068
0.771673
0.192918
-0.578755
-0.192918
0.289377
-0.096459
-1.061050
0.868132
1.157509
2.218559
3.665446
1.350427
3.472527
4.244200
4.147741
5.980464
7.716728
8.102564
6.269841
6.076923
5.208791
4.822955
6.076923
4.340659
6.366300
8.681319
9.549451
8.777778
10.224664
8.391941
6.848596
6.076923
4.630037
3.279609
1.253968
0.385836
1.157509
2.122100
-0.868132
0.771673
1.446886
0.192918
-1.157509
-3.665446
-3.954823
-5.787546
-3.472527
-3.472527
-5.112332
-5.498168
-6.269841
-3.568987
-6.269841
-4.822955
-2.315018
0.385836
0.385836
-0.578755
2.122100
0.385836
-0.578755
-4.244200
-4.726496
-8.584860
-6.366300
-7.909646
-5.208791
-6.945055
-4.630037
-2.700855
-4.051282
-4.726496
-8.584860
-10.706960
-10.514042
-9.838828
-7.041514
-5.305250
-3.376068
-2.604396
-0.385836
1.157509
0.771673
3.761905
1.639805
3.472527
3.183150
4.244200
8.199023
8.777778
9.645910
8.584860
9.260073
7.909646
6.655678
6.269841
8.584860
6.848596
6.269841
3.761905
6.366300
3.472527
2.893773
2.315018
5.305250
5.208791
0.578755
-1.929182
-1.929182
-0.385836
-2.411477
-4.244200
-6.366300
-4.533578
-7.041514
-7.041514
-6.848596
-7.234432
-6.076923
-6.559219
-4.822955
-5.884005
-5.884005
-4.726496
-2.797314
-3.086691
-3.761905
-2.411477
-0.675214
3.858364
4.147741
-1.253968
-5.401709
-6.269841
-4.919414
-6.269841
-6.848596
-6.559219
-5.208791
-4.822955
-2.507937
-0.578755
0.096459
3.279609
0.385836
-2.411477
-6.366300
-8.874237
-8.584860
-8.006105
-2.218559
-2.604396
-0.964591
0.868132
1.061050
0.385836
5.498168
7.427350
4.726496
4.147741
7.041514
7.137973
0.868132
1.061050
2.025641
5.401709
8.295482
11.671551
12.732601
14.565324
17.169719
16.398046
16.108669
16.880342
12.732601
9.742369
9.260073
10.128205
8.874237
9.260073
8.970696
9.452991
5.208791
6.559219
5.594628
5.980464
4.340659
4.822955
5.015873
6.945055
5.305250
7.716728
5.787546
8.391941
6.559219
3.858364
3.954823
2.990232
-0.385836
-2.122100
-1.543346
-0.771673
-2.122100
-1.350427
-2.507937
-2.797314
-2.218559
-2.507937
-2.315018
0.289377
2.218559
4.533578
3.954823
5.208791
3.183150
2.411477
1.253968
1.543346
5.112332
6.173382
3.858364
4.051282
2.218559
3.858364
3.472527
1.253968
-0.578755
1.543346
2.990232
2.893773
5.112332
-0.868132
-0.482295
1.639805
4.822955
5.208791
6.559219
6.752137
9.067155
9.067155
6.462759
1.736264
0.000000
-0.964591
1.929182
1.157509
-2.218559
-0.482295
-0.385836
1.253968
1.061050
1.253968
3.279609
3.472527
5.112332
1.929182
-1.446886
-4.533578
-4.533578
-5.691087
-5.208791
-4.147741
-5.884005
-5.691087
-6.848596
-2.893773
-2.122100
-1.543346
-0.289377
4.244200
4.437118
1.253968
1.639805
-1.929182
-3.472527
-4.822955
-4.051282
-7.234432
-8.874237
-7.813187
-8.584860
-8.102564
-6.655678
-7.234432
-7.716728
-7.813187
-7.234432
-3.954823
-3.183150
-3.761905
-3.279609
-2.797314
-5.594628
-7.234432
-6.752137
-7.427350
-6.559219
-9.067155
-7.909646
-9.645910
-7.234432
-4.726496
-3.376068
-4.340659
-1.639805
1.446886
0.675214
-1.832723
-3.376068
-0.964591
-1.832723
-4.630037
-5.401709
-4.340659
-2.218559
-4.822955
-4.244200
-4.340659
-2.604396
0.771673
1.543346
3.279609
3.665446
2.700855
4.147741
5.498168
4.051282
3.183150
3.472527
4.822955
0.868132
1.157509
1.157509
0.675214
-0.578755
-2.411477
-0.192918
0.578755
2.507937
1.446886
-1.446886
-3.279609
-0.771673
0.385836
0.385836
-0.192918
-0.096459
0.000000
0.868132
-0.771673
1.157509
4.726496
2.507937
-0.096459
-3.568987
-5.112332
-8.006105
-12.636142
-10.417582
-8.391941
-3.761905
-4.051282
-4.726496
-5.305250
-3.665446
-4.051282
-3.279609
-2.507937
-5.112332
-5.208791
-4.822955
-4.340659
-4.051282
-1.446886
-1.736264
-0.192918
1.832723
1.929182
4.533578
3.954823
3.279609
2.218559
0.675214
1.253968
1.157509
1.929182
0.868132
-0.964591
-1.446886
-3.086691
-4.340659
-5.112332
-2.315018
-0.482295
2.025641
6.173382
7.041514
7.041514
9.549451
9.549451
10.417582
9.260073
9.645910
10.514042
10.706960
11.382173
8.777778
7.330891
5.305250
1.446886
0.578755
0.578755
2.604396
1.929182
2.025641
3.568987
5.112332
5.208791
5.787546
5.498168
6.462759
4.533578
4.244200
4.630037
5.884005
4.244200
4.630037
5.208791
5.980464
5.691087
8.006105
8.777778
5.498168
6.366300
5.112332
3.183150
1.446886
0.385836
1.157509
1.832723
1.639805
4.051282
2.700855
3.665446
1.157509
-1.350427
0.964591
-1.061050
0.096459
1.446886
-2.411477
-0.964591
-0.675214
-2.893773
-0.964591
-0.192918
1.929182
3.279609
2.797314
0.771673
-0.192918
-1.639805
-1.061050
-0.964591
0.000000
0.771673
0.964591
-1.350427
-2.700855
-2.990232
-2.507937
-4.630037
-5.015873
-3.279609
-4.726496
-3.472527
-0.771673
0.289377
2.604396
0.385836
0.385836
0.192918
0.385836
0.385836
1.157509
-0.385836
-2.507937
-2.700855
-4.533578
-6.366300
-7.909646
-6.848596
-0.289377
0.868132
4.147741
7.716728
10.224664
10.803419
9.935287
8.006105
6.559219
7.427350
5.594628
6.173382
5.691087
8.199023
6.752137
2.315018
1.832723
0.771673
-0.771673
0.675214
2.507937
2.990232
4.051282
4.147741
4.630037
3.858364
2.990232
1.639805
1.543346
0.385836
-2.507937
-3.858364
-8.681319
-10.321123
-10.610501
-10.610501
-10.514042
-10.610501
-9.549451
-7.620269
-3.858364
1.543346
0.385836
1.832723
3.568987
1.543346
1.157509
2.604396
2.411477
2.797314
2.604396
0.096459
-0.771673
-4.340659
-5.305250
-4.340659
-8.488400
-8.199023
-8.295482
-10.417582
-9.067155
-7.523810
-5.691087
-5.498168
-5.401709
-2.893773
-2.797314
-0.675214
1.639805
1.446886
2.025641
0.675214
1.061050
-0.578755
-2.411477
-3.665446
-2.507937
-0.868132
-0.482295
-2.411477
1.929182
0.868132
0.868132
1.832723
3.086691
4.051282
1.736264
-0.964591
-0.578755
-0.385836
1.253968
0.771673
-2.507937
-0.771673
0.771673
1.446886
3.086691
5.112332
7.137973
8.006105
6.848596
7.234432
8.102564
7.813187
7.427350
6.559219
7.620269
3.665446
4.630037
3.761905
3.665446
2.122100
2.218559
2.604396
0.289377
-1.446886
-1.061050
-1.832723
1.061050
0.000000
-0.964591
0.964591
4.437118
1.253968
1.061050
0.385836
2.411477
3.761905
-1.543346
-1.639805
-1.061050
-0.771673
0.385836
1.639805
1.832723
2.122100
1.543346
-1.061050
2.507937
-0.289377
-3.665446
-3.472527
-1.446886
-3.954823
-4.822955
-3.858364
-4.822955
-3.761905
1.061050
-1.446886
3.376068
5.884005
3.761905
0.096459
-0.385836
-1.061050
-4.340659
-3.858364
-4.822955
-5.498168
-7.041514
-5.015873
-3.954823
-4.051282
-1.446886
1.350427
0.868132
-0.096459
-0.192918
-2.122100
-3.279609
-4.147741
-1.736264
-3.279609
-5.691087
-6.076923
-3.086691
-4.630037
-1.736264
-3.183150
-4.244200
-4.919414
-4.147741
-1.350427
-1.157509
-0.675214
0.771673
1.157509
-1.157509
-2.122100
-0.289377
1.253968
0.385836
-2.218559
-0.868132
-3.954823
-5.594628
-5.015873
-4.822955
-3.858364
-3.086691
-2.411477
-1.253968
-0.578755
-1.157509
-0.771673
-0.964591
-1.832723
-2.411477
-5.787546
-5.305250
-0.675214
0.385836
0.000000
-4.822955
-6.462759
-5.498168
-6.559219
-5.884005
-4.437118
-2.315018
-1.157509
-1.157509
-2.315018
-1.832723
-2.507937
-3.279609
-5.401709
-6.462759
-3.858364
-0.771673
0.000000
0.964591
3.279609
5.498168
3.376068
-0.096459
-2.604396
-4.244200
-5.112332
-7.137973
-7.427350
-3.858364
-1.832723
-3.761905
-1.061050
-1.736264
-0.482295
-2.218559
-1.350427
-0.964591
-0.096459
-2.025641
-0.096459
0.675214
-1.061050
-0.868132
-5.498168
-4.822955
-2.893773
-7.523810
-8.102564
-9.356532
-6.655678
-3.761905
-1.639805
-0.868132
-1.061050
-1.639805
-4.147741
-3.858364
-4.533578
-3.086691
-4.051282
-1.446886
0.096459
-1.446886
-1.832723
-0.771673
-3.858364
-5.498168
-6.269841
-8.488400
-12.057387
-9.838828
-8.970696
-9.645910
-7.137973
-5.401709
-7.234432
-8.295482
-5.980464
-6.462759
-4.147741
-3.761905
-1.543346
0.385836
-2.893773
-1.157509
1.350427
2.315018
-1.350427
-2.604396
0.578755
3.086691
2.122100
3.472527
6.752137
9.549451
10.031746
4.437118
3.183150
3.954823
2.893773
3.183150
5.208791
2.507937
0.000000
2.411477
0.385836
0.675214
2.893773
2.893773
2.315018
3.858364
3.665446
2.797314
1.543346
0.578755
-2.315018
-2.218559
-2.122100
-1.350427
-1.157509
-4.051282
-3.086691
-2.507937
-4.630037
-5.015873
-3.761905
-4.919414
-4.919414
-3.472527
-1.736264
-2.604396
-0.578755
0.192918
3.376068
3.568987
6.076923
6.848596
3.665446
5.015873
4.244200
1.832723
2.990232
3.376068
4.051282
5.787546
4.630037
1.832723
3.279609
1.157509
-2.122100
-1.929182
-4.051282
-5.691087
-3.376068
-2.893773
-0.964591
-0.192918
-2.507937
-4.244200
-4.244200
-2.122100
-1.736264
0.675214
1.061050
-0.578755
1.543346
1.061050
1.157509
2.990232
5.112332
2.990232
0.964591
1.157509
3.183150
-0.096459
-0.868132
-0.868132
2.218559
4.051282
6.366300
8.391941
8.874237
8.006105
7.041514
6.462759
4.822955
4.147741
3.376068
1.446886
2.990232
6.752137
10.610501
10.899878
8.584860
8.488400
6.269841
2.604396
0.964591
1.253968
3.086691
2.893773
3.183150
6.076923
5.112332
1.736264
1.929182
3.376068
0.675214
0.771673
0.771673
-0.192918
-2.604396
-4.822955
-6.269841
-8.584860
-5.980464
-4.919414
-3.279609
-2.122100
-0.482295
-0.578755
1.446886
2.122100
2.507937
3.472527
5.015873
4.437118
3.858364
6.269841
6.076923
6.173382
4.244200
3.568987
3.279609
5.015873
4.437118
3.183150
3.183150
4.919414
3.954823
2.122100
1.736264
3.761905
3.376068
7.041514
4.051282
0.192918
2.604396
2.218559
-0.482295
0.000000
0.868132
-1.543346
-0.771673
2.315018
4.437118
4.726496
4.822955
2.122100
2.218559
-1.350427
-2.604396
-1.736264
1.446886
0.385836
0.385836
2.893773
2.604396
4.726496
4.726496
2.218559
2.218559
2.604396
0.000000
-1.350427
1.253968
1.350427
2.990232
4.244200
4.051282
0.385836
-0.289377
-2.218559
-0.385836
2.411477
0.868132
-0.578755
0.964591
2.604396
2.893773
1.157509
1.061050
1.061050
-1.350427
-3.376068
1.157509
1.253968
0.385836
3.472527
3.376068
2.411477
2.797314
0.868132
-0.385836
-1.929182
0.000000
0.964591
3.954823
5.498168
6.848596
8.391941
9.067155
5.594628
1.350427
-1.736264
-2.025641
-1.639805
-3.761905
-5.305250
-3.086691
-2.025641
0.096459
-0.192918
-0.385836
-2.604396
-1.157509
-0.482295
-1.253968
-0.868132
1.061050
0.964591
2.218559
3.761905
2.797314
-2.025641
-5.305250
-3.279609
-4.051282
-3.279609
-1.736264
1.543346
3.568987
4.147741
4.533578
2.411477
0.964591
1.446886
0.289377
-1.639805
-3.279609
-3.279609
-5.208791
-3.954823
-0.771673
-4.147741
-2.893773
-2.797314
-2.122100
-2.893773
-2.604396
-0.289377
-1.157509
0.385836
-1.157509
-1.157509
-1.157509
-2.507937
-2.604396
-1.832723
-5.594628
-8.777778
-9.163614
-5.498168
-1.736264
-0.096459
2.700855
3.376068
7.716728
5.305250
2.700855
2.218559
-0.096459
-2.797314
-3.954823
-2.218559
-0.771673
0.771673
-0.868132
-4.822955
-4.147741
-3.954823
-2.315018
1.736264
4.630037
5.498168
6.559219
7.909646
7.909646
6.462759
3.665446
6.076923
4.726496
1.446886
1.639805
-0.192918
-0.578755
2.797314
2.797314
1.061050
0.096459
1.446886
0.096459
-0.578755
-1.061050
-2.990232
-0.385836
2.507937
1.543346
0.096459
2.507937
0.385836
-2.700855
-0.385836
-0.964591
0.289377
-0.482295
-1.639805
-4.533578
-3.279609
-1.736264
-0.578755
-0.771673
0.771673
2.507937
4.533578
5.112332
6.366300
1.543346
0.868132
3.568987
3.858364
-1.061050
1.736264
1.929182
1.639805
0.964591
-3.086691
-6.655678
-7.716728
-8.970696
-8.006105
-5.498168
-5.015873
-4.919414
-1.736264
-1.350427
-1.832723
0.096459
0.096459
0.289377
0.385836
-0.675214
-2.990232
-4.244200
-2.507937
-0.771673
0.096459
0.868132
-0.771673
-1.253968
-1.543346
-1.832723
-2.122100
0.675214
1.350427
0.675214
1.350427
0.385836
-2.700855
-5.015873
-6.945055
-7.909646
-5.884005
-3.954823
-3.376068
-1.446886
0.964591
0.385836
0.385836
-0.578755
-0.964591
-3.086691
-4.726496
-5.112332
-8.391941
-10.031746
-6.366300
-7.523810
-8.777778
-8.199023
-8.006105
-7.330891
-6.076923
-8.295482
-7.716728
-5.305250
-1.929182
1.832723
0.964591
0.771673
4.630037
4.630037
2.122100
3.376068
4.051282
0.868132
-0.192918
0.192918
-2.797314
-3.279609
-1.446886
-1.543346
0.868132
2.411477
0.771673
2.604396
5.305250
4.822955
4.822955
5.015873
2.700855
0.192918
-2.122100
-3.858364
-6.462759
-4.533578
-6.848596
-8.391941
-10.031746
-6.173382
-6.655678
-8.006105
-7.716728
-9.260073
-7.909646
-6.848596
-6.655678
-7.234432
-5.401709
-3.665446
-1.929182
-0.964591
-1.061050
-3.376068
-3.472527
-4.051282
-5.980464
-4.726496
-3.183150
-2.893773
-0.578755
-1.639805
-0.868132
-0.482295
-2.218559
-0.868132
-2.604396
-2.507937
0.289377
1.253968
-0.192918
-1.929182
-1.157509
-0.578755
-3.086691
-5.305250
-3.472527
-3.954823
-8.777778
-9.067155
-4.822955
-1.446886
0.385836
1.446886
1.253968
3.183150
1.736264
-0.771673
-1.061050
-2.604396
-1.832723
-1.543346
-2.990232
-2.218559
-3.376068
-3.761905
-4.533578
-6.655678
-5.498168
-3.183150
-2.122100
0.868132
2.025641
2.218559
3.279609
4.726496
4.822955
4.437118
2.797314
2.411477
0.385836
-3.568987
-8.681319
-6.173382
-7.813187
-6.752137
-4.919414
-3.183150
-0.096459
1.446886
1.736264
4.437118
3.858364
2.507937
2.700855
0.385836
-2.507937
-0.578755
-3.086691
-4.147741
-5.015873
-6.655678
-8.295482
-7.330891
-4.630037
-5.208791
-4.630037
0.192918
0.000000
0.289377
-0.868132
-1.061050
-2.700855
-5.884005
-8.681319
-8.295482
-7.716728
-8.970696
-8.970696
-9.452991
-3.954823
-2.700855
-2.797314
-0.096459
4.051282
1.157509
2.025641
-0.482295
-1.446886
-0.675214
-0.385836
0.675214
0.192918
-1.253968
-1.736264
-3.086691
-1.350427
-0.868132
-0.289377
0.385836
0.385836
-0.675214
1.253968
0.385836
-0.771673
-0.096459
1.736264
2.411477
2.025641
0.385836
1.832723
1.639805
-0.192918
1.543346
2.797314
3.279609
1.832723
-0.771673
2.025641
4.533578
5.015873
3.665446
0.385836
1.253968
-1.543346
-3.376068
-4.726496
-6.366300
-1.929182
1.061050
0.385836
0.578755
-3.761905
-3.279609
-4.726496
-9.067155
-9.356532
-10.803419
-6.752137
-3.858364
-3.086691
-1.157509
-1.350427
-2.604396
-0.578755
-1.157509
0.385836
-1.061050
-1.832723
-2.507937
-1.350427
0.578755
1.253968
2.122100
3.086691
3.858364
4.919414
3.568987
1.929182
0.096459
-0.771673
-3.568987
-1.736264
0.096459
1.350427
3.376068
3.858364
0.385836
-0.771673
-3.472527
-3.279609
-1.253968
-0.385836
-1.350427
-0.868132
-1.639805
-1.350427
-4.147741
-5.208791
-4.630037
-4.919414
-6.655678
-3.954823
-4.437118
-1.446886
0.289377
2.315018
4.340659
6.366300
2.507937
4.051282
4.533578
1.929182
1.061050
-0.771673
-2.122100
0.096459
-0.771673
-0.868132
-0.675214
-0.771673
-0.192918
-1.736264
0.192918
0.771673
-1.350427
-0.771673
-1.350427
-2.604396
-1.736264
-1.446886
0.385836
1.736264
-1.350427
-1.929182
-2.990232
-2.122100
-3.761905
-7.620269
-9.067155
-7.427350
-8.391941
-9.645910
-10.610501
-7.330891
-7.330891
-6.848596
-2.411477
-0.675214
1.543346
2.507937
0.096459
-3.858364
-2.797314
-3.376068
-1.639805
-1.639805
0.964591
3.472527
0.289377
0.578755
-0.868132
-0.385836
0.000000
0.675214
-0.192918
-0.192918
1.639805
2.604396
2.507937
4.726496
3.472527
5.884005
4.822955
4.051282
4.533578
5.691087
4.437118
4.147741
4.244200
2.411477
0.868132
1.446886
3.086691
3.858364
3.472527
1.832723
2.411477
3.183150
4.630037
3.568987
1.639805
4.437118
2.893773
0.868132
-1.253968
-5.208791
-3.665446
-1.929182
2.315018
2.700855
0.771673
-0.096459
-1.543346
2.218559
0.675214
-0.482295
-0.385836
1.061050
0.385836
0.000000
-0.289377
-1.736264
0.385836
2.604396
1.736264
3.279609
4.437118
7.041514
1.446886
1.832723
0.771673
-0.385836
-1.446886
-1.929182
-1.736264
-2.507937
0.868132
-0.964591
1.929182
4.340659
3.279609
1.157509
1.157509
4.340659
-0.482295
-1.350427
-0.482295
0.868132
-0.289377
3.472527
6.559219
5.787546
5.305250
6.559219
6.076923
5.305250
4.051282
4.340659
2.604396
1.446886
-0.096459
-2.507937
-1.736264
-1.929182
-1.157509
-0.482295
-2.122100
-1.061050
-1.350427
1.446886
-0.482295
0.868132
1.736264
1.832723
0.385836
2.700855
2.604396
0.000000
0.385836
-2.893773
-4.822955
-4.147741
-4.533578
-3.761905
-2.990232
-0.192918
2.315018
7.716728
8.584860
11.864469
10.996337
9.645910
10.128205
6.076923
3.086691
0.192918
-3.665446
-4.437118
-2.604396
-4.533578
-5.015873
-2.990232
-4.822955
-7.813187
-9.356532
-8.970696
-7.909646
-6.366300
-3.954823
-6.173382
-5.401709
-4.533578
-2.507937
-2.700855
-2.797314
-3.568987
-4.244200
-6.173382
-5.498168
-6.752137
-7.330891
-6.173382
-5.691087
-3.376068
-4.630037
-3.568987
-1.929182
0.964591
-2.604396
-1.736264
-1.639805
-0.096459
1.832723
2.893773
3.761905
1.446886
2.411477
1.736264
3.472527
2.797314
3.954823
2.797314
2.218559
1.253968
0.868132
1.736264
5.787546
3.954823
5.498168
8.199023
5.112332
5.787546
5.401709
5.594628
5.208791
6.269841
4.630037
5.305250
4.919414
4.726496
4.533578
3.954823
2.315018
5.305250
4.147741
8.102564
6.462759
2.990232
1.446886
5.691087
8.777778
10.031746
9.549451
10.128205
9.067155
9.163614
5.112332
5.884005
6.076923
5.980464
3.568987
6.173382
9.067155
8.102564
6.366300
2.797314
3.761905
3.279609
5.208791
2.122100
0.385836
-0.192918
-2.218559
-3.183150
-1.929182
1.736264
2.700855
3.954823
5.208791
7.523810
6.848596
7.330891
7.330891
7.716728
7.137973
5.884005
3.761905
3.279609
5.208791
4.147741
1.543346
2.025641
4.437118
2.315018
2.025641
5.305250
10.706960
10.803419
8.584860
7.716728
8.295482
7.234432
7.137973
3.761905
4.630037
7.427350
4.726496
4.726496
5.884005
6.462759
5.980464
6.848596
6.559219
8.006105
6.655678
4.533578
5.884005
6.848596
4.533578
5.112332
7.234432
11.960928
9.549451
6.076923
4.533578
4.533578
2.411477
2.604396
5.498168
8.006105
11.960928
11.478632
8.199023
10.706960
12.443223
9.935287
6.173382
8.584860
11.575092
15.144078
