-3.305495
-2.111844
-1.193651
-1.377289
-0.091819
1.010012
1.377289
1.560928
1.285470
-0.459096
-1.652747
-1.193651
0.000000
-0.550916
-1.836386
-1.836386
-0.275458
-0.183639
-0.826374
-2.020024
-1.744567
-1.101832
-1.193651
-0.275458
0.183639
0.091819
1.101832
0.642735
-0.550916
1.469109
3.213675
2.203663
2.387302
3.305495
3.672772
2.203663
0.550916
-0.091819
-1.010012
-0.734554
-0.918193
0.091819
-0.642735
1.469109
3.948230
5.784615
5.509158
3.764591
2.662759
1.010012
0.367277
1.193651
0.826374
1.469109
1.285470
0.459096
2.203663
3.764591
5.509158
3.672772
3.856410
4.590965
4.682784
5.417338
6.243712
5.417338
6.794628
5.692796
5.233700
6.243712
7.345543
7.529182
6.978266
7.712821
8.631013
9.457387
10.651038
11.110134
12.303785
13.405617
12.579243
10.742857
8.998291
7.070085
7.253724
7.988278
10.100122
10.559219
9.365568
6.794628
7.529182
9.181929
8.171917
7.621001
7.253724
5.876435
4.407326
5.692796
6.060073
6.519170
0.275458
8.906471
7.621001
2.662759
3.305495
3.121856
-2.387302
3.213675
2.754579
1.560928
0.091819
0.000000
0.550916
0.918193
1.652747
-0.918193
-2.479121
-3.580952
-3.489133
-3.580952
-2.662759
-2.938217
-1.469109
-1.560928
0.091819
0.091819
-2.020024
-2.203663
-1.010012
0.275458
2.020024
4.131868
2.846398
0.459096
0.826374
0.459096
0.826374
-0.734554
-3.305495
-4.774603
-6.427350
-5.233700
-3.305495
-3.948230
-4.040049
-2.846398
-2.938217
0.091819
0.000000
-1.010012
0.091819
0.642735
1.928205
2.846398
3.489133
4.774603
6.151893
7.161905
10.100122
10.191941
10.100122
12.120147
10.191941
9.365568
9.181929
8.263736
7.161905
4.223687
3.764591
4.866422
3.489133
4.040049
0.734554
-1.469109
-1.652747
-1.469109
-1.101832
1.010012
1.193651
1.377289
1.744567
1.928205
1.377289
1.101832
0.183639
0.918193
1.010012
1.010012
2.387302
3.030037
4.040049
5.325519
4.131868
2.020024
-1.101832
-1.652747
1.010012
1.101832
2.295482
2.938217
1.101832
0.826374
-2.203663
-3.213675
-3.856410
-3.305495
-2.387302
-1.652747
-1.652747
-1.928205
-4.499145
-5.325519
-5.509158
-4.499145
-4.223687
-4.040049
-4.774603
-7.896459
-3.030037
-1.928205
-2.387302
-2.846398
-1.928205
-3.489133
-3.580952
-3.672772
-4.223687
-4.223687
-2.938217
-2.846398
-4.315507
-4.407326
-6.702808
-6.886447
-8.539194
-8.906471
-8.447375
-7.070085
-2.754579
-1.560928
0.642735
-0.918193
-4.499145
-9.457387
-12.211966
-13.772894
-13.221978
-13.130159
-10.926496
-7.712821
-4.131868
2.203663
5.141880
7.161905
6.978266
8.722833
10.008303
10.283761
10.375580
11.110134
9.457387
7.345543
6.794628
8.355556
7.712821
5.325519
2.203663
1.377289
0.183639
0.826374
-3.580952
-7.804640
-5.876435
-3.030037
-5.600977
-7.070085
-7.437363
-5.233700
-1.010012
5.692796
8.263736
9.732845
10.651038
10.375580
6.794628
3.764591
2.846398
1.744567
-0.918193
-1.193651
-2.846398
-3.121856
-4.131868
-1.285470
-0.459096
0.000000
0.183639
-1.101832
0.826374
3.305495
5.876435
6.610989
4.131868
1.652747
-2.662759
-3.030037
-0.734554
-0.550916
-1.469109
-1.928205
-0.459096
2.203663
1.928205
-2.203663
-1.744567
-2.479121
-1.101832
1.377289
3.856410
5.876435
3.305495
2.387302
1.469109
0.918193
3.397314
6.151893
7.345543
6.427350
2.570940
0.091819
-0.734554
-1.469109
-1.193651
-1.652747
-2.570940
-4.131868
-2.938217
-0.918193
0.734554
-1.377289
-6.519170
-3.948230
-0.826374
1.101832
-0.459096
-0.642735
-0.550916
0.734554
3.121856
2.754579
1.285470
-1.744567
-1.836386
-1.193651
-3.030037
-3.948230
-3.580952
-0.459096
1.010012
0.918193
-0.918193
-3.213675
-5.325519
-4.499145
-0.367277
3.489133
5.417338
7.988278
8.998291
10.191941
11.110134
11.201954
12.854701
13.956532
12.395604
3.397314
9.090110
7.988278
7.161905
10.283761
9.916484
6.151893
5.600977
7.070085
9.273748
10.100122
11.569231
12.671062
15.150183
16.802930
14.782906
11.110134
8.906471
5.968254
6.151893
5.692796
2.754579
0.091819
-2.754579
-0.550916
1.101832
2.203663
5.233700
5.509158
5.876435
6.243712
5.876435
6.335531
6.886447
5.876435
5.050061
3.764591
2.387302
2.020024
0.459096
-1.193651
-2.020024
-4.223687
-4.774603
-6.060073
-5.233700
-3.672772
-1.469109
-2.479121
-2.387302
-3.030037
-1.928205
-1.744567
-2.846398
-5.600977
-4.590965
-2.295482
0.459096
0.459096
-0.367277
-2.387302
-0.734554
0.091819
0.183639
-1.285470
-0.183639
1.469109
1.469109
2.662759
3.030037
2.479121
2.938217
4.774603
4.223687
3.856410
0.367277
-2.754579
-1.193651
-0.275458
-0.459096
0.367277
0.918193
1.285470
-0.642735
0.642735
1.836386
2.662759
2.387302
0.183639
0.826374
0.275458
-0.367277
-3.305495
-2.754579
-1.010012
-0.367277
-1.560928
-3.397314
-4.131868
-2.020024
-2.387302
-4.223687
-4.407326
-2.846398
-1.744567
-1.010012
-1.193651
-3.305495
-2.203663
0.000000
1.010012
-0.642735
-0.459096
2.662759
3.764591
3.856410
2.020024
1.010012
-0.091819
-0.550916
-2.203663
-4.590965
-4.315507
-3.305495
-2.479121
-1.469109
-2.295482
-2.295482
-4.040049
-6.151893
-5.968254
-6.060073
-4.407326
-6.060073
-9.549206
-9.641026
-8.447375
-8.722833
-10.375580
-11.110134
-11.477411
-9.824664
-11.201954
-12.395604
-9.916484
-6.978266
-2.020024
-2.020024
-4.590965
-3.672772
-1.928205
-1.469109
-4.958242
-5.692796
-7.437363
-7.253724
-10.100122
-11.844689
-11.936508
-10.191941
-8.998291
-7.253724
-5.968254
-3.856410
-3.856410
-3.121856
-3.121856
-4.131868
-3.489133
-3.213675
-2.846398
-3.121856
0.642735
4.407326
8.355556
7.804640
10.100122
10.467399
8.447375
6.243712
6.243712
6.610989
7.161905
6.702808
7.804640
10.467399
11.201954
11.752869
12.579243
13.681074
12.211966
9.457387
10.834676
11.661050
11.110134
6.794628
5.417338
6.794628
6.886447
7.529182
7.712821
7.161905
7.437363
8.998291
10.742857
11.110134
9.365568
7.345543
5.876435
5.692796
4.590965
5.141880
4.499145
5.968254
7.070085
5.692796
4.499145
4.682784
3.580952
1.101832
0.918193
1.101832
0.091819
-1.469109
0.459096
1.836386
1.928205
0.275458
-2.111844
-3.305495
-0.642735
-0.183639
-1.469109
-2.754579
-4.682784
-5.600977
-6.886447
-4.407326
-1.010012
-0.183639
-1.652747
-3.489133
-6.060073
-6.978266
-7.070085
-5.784615
-5.600977
-4.315507
-0.918193
-0.091819
-1.744567
-2.846398
-2.479121
-3.580952
-3.489133
-1.010012
-0.734554
-0.734554
-2.020024
0.275458
-0.183639
-2.203663
-4.223687
-7.896459
-7.896459
-5.968254
-3.580952
-2.570940
0.734554
5.784615
6.519170
2.295482
-2.203663
-5.784615
-4.315507
-1.836386
-0.091819
1.193651
-7.804640
1.193651
1.928205
1.101832
-0.918193
-4.315507
-5.141880
-5.050061
-5.233700
-4.682784
0.459096
3.489133
5.417338
7.529182
6.702808
6.610989
5.050061
1.836386
0.000000
-2.020024
-1.744567
-0.459096
4.040049
7.621001
7.253724
6.886447
5.968254
5.509158
6.794628
5.509158
2.846398
-0.459096
-2.938217
-2.387302
1.285470
4.131868
0.000000
0.183639
0.459096
0.275458
1.560928
0.183639
1.010012
-1.193651
-2.203663
-2.020024
-0.183639
-0.091819
-1.836386
-6.610989
-6.610989
-5.968254
-6.610989
-7.070085
-6.060073
-4.407326
-2.846398
-3.948230
-6.702808
-9.273748
-8.906471
-5.233700
-2.754579
-2.846398
-0.367277
1.836386
-0.642735
-1.744567
-2.479121
-2.479121
-3.121856
-4.866422
-3.672772
-0.826374
1.285470
-2.938217
-1.744567
-3.672772
-2.938217
-4.040049
-4.315507
-3.397314
-3.030037
-2.846398
-2.295482
-3.764591
-4.407326
-3.856410
-2.570940
-3.397314
-3.764591
-2.754579
0.091819
0.550916
-0.642735
-0.918193
-0.183639
1.377289
-0.091819
-2.111844
-1.101832
0.550916
2.020024
0.000000
0.918193
3.305495
3.580952
-0.734554
-3.764591
-4.590965
-4.223687
-2.662759
-4.315507
-4.682784
-5.233700
-3.672772
-1.193651
0.918193
2.662759
3.672772
3.672772
1.652747
0.367277
-1.010012
0.459096
4.590965
6.151893
4.958242
3.856410
3.672772
4.774603
4.407326
3.580952
4.866422
4.774603
5.141880
4.774603
5.968254
8.631013
3.856410
0.826374
0.367277
0.918193
1.652747
5.050061
5.141880
5.050061
3.030037
0.826374
-1.285470
-1.010012
-0.550916
2.479121
4.131868
2.387302
1.010012
1.469109
1.560928
1.652747
0.918193
-1.928205
-4.223687
-7.070085
-7.804640
-6.519170
-4.958242
-3.305495
-1.928205
-0.367277
2.570940
2.754579
1.836386
1.285470
1.652747
-0.183639
0.091819
1.101832
3.121856
3.397314
5.784615
5.784615
5.968254
3.672772
3.948230
1.560928
1.377289
-0.459096
-0.459096
2.754579
6.610989
7.529182
5.325519
1.469109
1.010012
0.826374
1.101832
3.213675
4.131868
3.672772
4.223687
4.499145
5.417338
5.325519
4.131868
3.489133
7.712821
9.824664
9.090110
8.539194
5.233700
2.387302
3.030037
6.427350
8.539194
6.151893
3.856410
2.479121
2.846398
4.315507
6.060073
8.722833
5.141880
7.804640
9.365568
9.273748
9.641026
12.211966
13.497436
11.385592
8.814652
8.814652
10.559219
12.762882
11.569231
8.906471
6.060073
5.876435
6.060073
8.263736
10.375580
10.467399
7.712821
5.968254
3.397314
1.010012
0.550916
-0.091819
-0.459096
0.826374
2.570940
5.509158
5.692796
4.223687
3.030037
1.285470
2.570940
2.662759
3.030037
0.459096
0.367277
0.642735
1.193651
1.560928
0.275458
-0.642735
-0.275458
3.305495
3.397314
3.764591
2.570940
2.203663
1.010012
0.183639
0.091819
1.101832
-0.367277
-2.846398
-5.692796
-4.499145
0.734554
2.203663
3.305495
1.010012
-0.183639
1.101832
-0.091819
-0.459096
-2.479121
-3.121856
-2.754579
-0.367277
3.764591
5.233700
2.938217
1.652747
1.377289
1.560928
1.193651
-0.367277
-3.764591
-5.417338
-2.570940
-0.275458
3.764591
3.397314
3.856410
4.223687
3.948230
3.764591
3.948230
0.459096
0.459096
3.764591
6.060073
6.978266
4.040049
1.836386
-0.826374
-2.846398
-4.040049
-2.754579
-2.203663
0.183639
4.315507
2.938217
1.469109
1.010012
3.030037
1.928205
-1.285470
-2.295482
-2.111844
0.183639
3.397314
4.958242
5.509158
5.784615
3.489133
0.642735
-0.091819
-0.826374
-2.479121
-2.570940
-4.040049
-2.479121
-0.275458
0.826374
3.121856
0.734554
2.754579
3.397314
2.570940
0.826374
0.275458
-1.652747
-4.682784
-6.427350
-4.315507
-4.682784
-5.141880
-4.866422
-2.570940
-1.101832
-2.387302
-1.377289
-2.479121
-0.918193
-3.121856
-4.499145
-8.539194
-9.732845
-8.355556
-5.417338
-2.203663
-0.091819
1.744567
2.111844
0.091819
0.183639
0.642735
-0.642735
-2.111844
-4.223687
-3.305495
-0.275458
2.020024
2.203663
0.550916
1.010012
-0.183639
-1.193651
-4.315507
-5.141880
-2.020024
1.377289
2.387302
-0.734554
-5.050061
-6.151893
-7.437363
-5.050061
-4.958242
-2.662759
-1.010012
-0.459096
-0.734554
0.183639
-2.203663
-4.131868
-3.030037
-2.203663
0.000000
2.203663
4.774603
6.794628
7.712821
6.060073
3.948230
-0.918193
-3.213675
-1.652747
2.295482
6.243712
6.978266
5.325519
1.652747
1.652747
3.305495
3.856410
3.213675
3.580952
8.080098
12.671062
12.211966
8.814652
6.243712
6.335531
6.978266
8.171917
7.070085
4.774603
2.754579
1.652747
0.000000
-0.918193
-0.826374
1.377289
0.459096
0.459096
2.387302
3.030037
-2.479121
-4.958242
-5.325519
-3.121856
0.734554
1.652747
1.101832
-2.662759
-5.968254
-6.978266
-7.437363
-6.519170
-4.774603
-3.948230
-0.275458
5.600977
9.273748
7.253724
1.836386
-3.580952
-7.253724
-7.253724
-7.621001
-5.692796
-1.010012
4.040049
5.417338
3.580952
-2.203663
-5.600977
-8.998291
-10.651038
-8.814652
-4.590965
0.367277
4.499145
5.509158
3.489133
-1.010012
-6.243712
-10.375580
-11.110134
-7.161905
-4.040049
-1.285470
3.580952
6.151893
7.896459
5.325519
-0.183639
-4.590965
-5.325519
-6.427350
-5.233700
-2.387302
3.948230
10.008303
13.130159
9.641026
5.233700
-6.702808
-1.836386
-2.754579
-1.744567
-0.734554
3.672772
9.916484
14.048352
13.589255
9.181929
0.734554
-2.754579
-5.417338
-4.315507
-0.642735
3.672772
10.008303
14.874725
13.864713
12.211966
6.794628
3.856410
3.764591
3.672772
2.754579
2.846398
4.590965
7.529182
10.559219
11.018315
9.824664
6.794628
3.580952
0.183639
-0.275458
1.744567
3.489133
2.020024
0.459096
0.459096
2.662759
6.060073
4.774603
-0.367277
-2.111844
0.091819
3.764591
4.774603
2.020024
-3.121856
-6.702808
-5.509158
-2.662759
-1.469109
-2.846398
-0.550916
-0.918193
0.826374
1.652747
-1.928205
-4.315507
-4.774603
-2.570940
-0.918193
0.642735
1.193651
2.479121
0.183639
3.580952
-1.285470
-3.213675
-2.020024
-0.642735
0.550916
2.387302
3.672772
2.387302
2.938217
3.764591
0.734554
-3.397314
-5.784615
-4.499145
-3.030037
-1.193651
-0.826374
-0.459096
0.550916
1.101832
0.275458
2.020024
4.407326
5.600977
3.580952
1.010012
0.275458
2.662759
5.417338
4.866422
2.662759
1.010012
1.744567
4.040049
5.509158
7.253724
4.590965
2.846398
3.672772
1.928205
1.836386
2.479121
2.479121
4.774603
-1.652747
5.509158
4.499145
1.101832
1.193651
3.764591
4.315507
2.479121
3.580952
4.866422
5.876435
7.712821
8.814652
7.345543
5.417338
6.519170
7.529182
4.866422
1.377289
1.652747
3.030037
4.315507
2.295482
1.469109
1.928205
4.590965
7.345543
7.712821
2.203663
0.550916
2.295482
2.020024
0.734554
-4.040049
-5.968254
0.183639
7.161905
5.509158
2.111844
2.387302
1.652747
0.367277
-0.826374
-3.397314
-6.610989
-5.876435
-4.682784
0.000000
0.183639
-1.101832
-2.020024
-2.662759
-2.846398
-2.387302
-1.744567
-1.928205
-1.928205
-1.101832
0.642735
1.010012
-2.754579
-6.060073
-6.335531
-5.141880
-4.958242
-3.580952
-0.550916
3.121856
3.764591
2.938217
3.030037
0.826374
-1.836386
-4.315507
-5.600977
-5.876435
-2.387302
1.285470
2.479121
1.652747
0.459096
0.642735
2.387302
0.091819
-4.223687
-6.886447
-3.030037
0.367277
0.918193
-0.550916
-1.010012
-0.459096
-0.367277
-1.652747
0.275458
1.836386
4.315507
6.151893
5.692796
6.335531
5.692796
4.866422
2.754579
3.305495
5.968254
6.794628
6.978266
7.345543
6.519170
4.499145
0.550916
-1.469109
0.459096
3.764591
8.447375
12.028327
13.405617
11.936508
9.549206
4.315507
0.459096
-2.387302
-3.489133
-4.223687
-2.020024
-0.459096
2.203663
5.325519
5.692796
1.652747
0.275458
-1.377289
-2.020024
-1.744567
-1.193651
0.091819
2.020024
2.203663
1.928205
0.550916
-1.377289
-1.193651
-2.387302
-1.193651
-0.091819
0.734554
0.826374
-1.101832
-1.010012
-2.479121
-3.672772
-2.846398
-1.377289
-1.469109
-0.091819
0.642735
1.010012
1.285470
1.744567
-1.377289
-3.397314
-3.580952
-4.499145
-4.223687
-3.856410
-2.938217
0.459096
0.734554
-0.826374
-3.030037
-2.387302
-0.826374
0.183639
-0.183639
1.652747
1.010012
2.662759
4.958242
3.397314
2.203663
1.928205
2.754579
2.846398
2.479121
2.846398
3.489133
6.060073
5.233700
3.764591
1.744567
-6.702808
0.918193
1.101832
-0.918193
1.377289
3.305495
3.856410
6.335531
6.427350
6.519170
6.060073
5.692796
5.509158
3.489133
2.846398
5.325519
6.335531
5.600977
4.774603
3.121856
5.968254
6.978266
4.866422
3.856410
3.672772
6.151893
5.876435
3.856410
4.040049
2.479121
1.469109
1.928205
1.652747
0.918193
1.285470
1.744567
0.826374
-0.642735
-2.111844
-3.672772
-3.489133
-3.030037
-1.836386
-1.744567
-2.111844
0.183639
2.295482
1.836386
0.275458
-2.479121
-2.570940
-2.570940
-4.315507
-4.774603
-5.692796
-5.325519
-1.560928
0.642735
0.183639
-2.479121
-3.213675
-2.846398
-3.580952
-3.121856
-2.662759
-2.295482
-0.642735
-0.642735
-2.387302
-3.764591
-3.305495
-2.203663
0.183639
1.010012
-1.010012
0.000000
1.101832
0.550916
-1.193651
-2.570940
-3.672772
-2.203663
-1.101832
0.000000
-0.550916
-0.091819
0.091819
-1.285470
0.000000
-0.091819
1.652747
1.469109
-1.560928
-2.662759
-4.131868
-6.151893
-4.590965
-3.856410
-0.275458
0.091819
0.367277
0.642735
2.020024
4.590965
5.233700
2.938217
1.469109
0.550916
0.091819
-0.826374
-0.459096
0.000000
1.560928
5.233700
3.856410
4.407326
4.131868
3.764591
2.846398
2.479121
2.203663
3.856410
3.580952
2.479121
-2.662759
-3.764591
-0.091819
1.836386
3.397314
4.866422
3.121856
-1.101832
-4.407326
-4.682784
-1.928205
-1.377289
-4.682784
-7.896459
-8.631013
-7.161905
-4.682784
-1.101832
-1.560928
-2.479121
-4.499145
-5.509158
-5.417338
-4.682784
-4.590965
-4.499145
-4.131868
-3.397314
-4.223687
-4.499145
-4.040049
-2.662759
0.091819
2.479121
3.672772
3.030037
2.111844
2.295482
1.928205
0.550916
-1.836386
-4.407326
-3.580952
-1.377289
0.367277
3.305495
4.223687
4.866422
4.223687
3.213675
0.550916
-1.744567
-0.734554
0.550916
0.000000
-3.030037
1.101832
2.203663
2.295482
2.203663
3.030037
3.030037
3.948230
3.121856
1.193651
0.642735
3.030037
5.141880
4.223687
2.020024
4.407326
8.355556
11.110134
8.998291
6.519170
4.499145
5.050061
7.621001
8.998291
8.539194
6.702808
5.141880
6.978266
8.355556
10.191941
10.467399
10.008303
11.018315
10.742857
12.211966
10.742857
9.457387
7.896459
9.273748
9.457387
8.631013
9.916484
10.375580
11.201954
10.834676
9.824664
11.661050
10.651038
9.916484
9.273748
8.631013
7.529182
5.968254
3.397314
3.764591
4.499145
5.233700
-4.040049
5.325519
5.600977
-1.836386
4.407326
3.856410
2.295482
2.203663
1.744567
1.193651
2.570940
2.203663
1.469109
1.469109
0.642735
1.101832
2.111844
3.764591
2.754579
0.642735
-0.734554
-1.101832
0.091819
0.642735
0.642735
-0.183639
0.642735
1.469109
1.469109
0.826374
0.550916
1.010012
2.662759
2.754579
-0.642735
-1.652747
-1.652747
-1.560928
-2.387302
-3.397314
-3.672772
-2.938217
-1.560928
-0.826374
-0.367277
-1.010012
-1.652747
-2.295482
-1.193651
-1.010012
-2.387302
-2.111844
-2.754579
-2.938217
-0.734554
-1.652747
-1.560928
-1.836386
-2.662759
-4.407326
-2.570940
-0.826374
-0.550916
-1.928205
-2.938217
-0.183639
1.377289
2.203663
1.285470
2.662759
3.856410
3.948230
5.233700
4.407326
1.469109
-0.734554
-2.020024
2.020024
6.060073
8.355556
8.722833
9.732845
5.600977
6.335531
2.570940
2.662759
-0.183639
-0.459096
3.489133
3.580952
3.580952
2.020024
1.101832
-1.193651
0.091819
0.642735
-2.387302
-0.550916
-0.734554
-1.836386
1.928205
2.387302
-0.550916
-2.387302
-6.427350
-6.702808
-5.600977
-3.121856
-4.682784
-0.367277
6.519170
-5.233700
5.968254
-15.150183
-8.355556
-4.958242
-4.315507
-5.600977
-2.020024
-2.387302
4.040049
-4.958242
-3.856410
-1.928205
-6.886447
-0.642735
-2.846398
-0.091819
-6.519170
-0.642735
-3.672772
-0.918193
-12.303785
-7.070085
-14.048352
-7.529182
-5.233700
-3.580952
-16.343834
-5.050061
-11.293773
2.754579
-7.161905
16.068376
-12.762882
-7.804640
-17.537485
7.712821
-5.509158
-26.535775
0.275458
-4.866422
14.323810
7.345543
2.020024
-1.560928
-14.874725
-11.110134
0.642735
-0.091819
-2.295482
10.283761
-1.560928
9.457387
6.702808
7.253724
-0.918193
2.203663
4.682784
-1.836386
-8.263736
1.377289
6.519170
15.701099
0.459096
10.926496
-5.417338
-1.560928
-15.058364
13.497436
0.183639
8.722833
6.060073
10.191941
13.772894
28.555800
-13.130159
-18.455678
1.836386
-0.091819
0.918193
-3.397314
17.537485
-5.784615
15.150183
-11.936508
-8.814652
-2.020024
-2.570940
2.846398
-1.469109
5.784615
5.600977
-6.243712
-0.918193
-3.856410
-3.397314
-2.020024
0.459096
0.000000
4.958242
0.642735
-17.445665
13.772894
2.295482
16.986569
0.367277
5.509158
1.928205
9.916484
25.342125
9.824664
13.956532
7.712821
21.302076
16.802930
-3.672772
16.252015
5.692796
7.253724
-7.070085
13.864713
24.148474
16.252015
13.864713
13.313797
9.457387
3.489133
13.221978
24.240293
17.262027
21.485714
-0.183639
2.203663
6.702808
20.108425
11.018315
25.250305
9.457387
11.661050
18.822955
-2.295482
12.579243
8.447375
8.814652
14.415629
-7.253724
14.323810
10.283761
18.914774
18.363858
17.262027
20.016606
16.802930
17.353846
22.771184
24.056654
3.121856
9.732845
9.090110
16.160195
-1.744567
13.956532
22.679365
14.323810
12.579243
20.751160
1.193651
13.772894
10.283761
6.427350
3.764591
9.457387
14.048352
3.856410
1.101832
7.070085
-5.784615
1.652747
18.455678
3.856410
1.101832
1.193651
-3.121856
4.958242
-3.856410
0.275458
