6.349206
0.097680
2.442002
4.395604
8.302808
13.382173
16.800977
21.391941
21.782662
22.759463
21.978022
16.703297
12.503053
8.205128
9.181929
1.269841
-0.293040
1.172161
-0.390720
1.562882
1.758242
3.516484
6.935287
4.200244
2.930403
-0.390720
0.390720
-4.590965
-4.004884
-0.976801
-2.637363
-4.590965
-1.367521
-0.195360
6.153846
10.061050
9.768010
7.130647
5.470085
4.884005
1.758242
1.953602
3.028083
1.172161
6.056166
4.004884
2.246642
-0.586081
0.976801
3.418803
10.549451
9.768010
4.102564
-1.758242
4.297924
6.837607
9.572650
1.660562
-0.976801
-0.976801
2.930403
2.930403
6.056166
10.940171
10.451770
4.493284
-0.293040
1.269841
0.879121
-3.223443
-2.832723
-4.297924
-4.102564
-0.976801
2.735043
-1.562882
-2.930403
-3.125763
-7.130647
-7.423687
-4.297924
3.516484
9.670330
14.652015
9.670330
1.660562
5.177045
2.148962
1.269841
2.930403
1.074481
-4.884005
-7.814408
-4.297924
-0.293040
2.832723
-1.855922
-5.079365
-1.758242
0.976801
4.004884
2.539683
-1.953602
-4.590965
-1.172161
3.125763
0.586081
4.004884
4.200244
-2.637363
-5.958486
-5.665446
-2.637363
-1.074481
-2.539683
2.832723
4.395604
4.688645
0.781441
0.976801
-0.390720
-0.879121
-1.269841
2.051282
-1.074481
-1.367521
-9.572650
-10.256410
-10.451770
-6.251526
-4.981685
-3.516484
-4.102564
-1.855922
-0.488400
-4.395604
-6.251526
-8.986569
-9.670330
-3.809524
-1.660562
1.465201
4.297924
2.735043
0.488400
-2.246642
-0.683761
4.102564
1.855922
7.716728
7.130647
6.544567
5.177045
4.297924
0.097680
-0.293040
-1.855922
0.586081
-1.855922
-0.976801
0.586081
4.102564
3.321123
1.172161
-3.125763
4.395604
6.153846
7.130647
8.302808
4.590965
3.809524
5.567766
7.716728
7.716728
3.907204
7.912088
10.158730
3.614164
-0.586081
-2.344322
-1.562882
2.735043
12.698413
23.931624
13.675214
6.544567
2.930403
-0.488400
3.321123
7.228327
9.865690
16.019536
15.531136
8.302808
-0.976801
-7.619048
-0.586081
6.056166
11.330891
14.456654
8.888889
6.446886
9.865690
10.940171
5.567766
4.590965
6.153846
8.693529
13.675214
12.991453
2.344322
-2.832723
-0.195360
6.056166
2.832723
3.809524
3.614164
7.326007
4.884005
1.465201
-1.074481
-2.539683
3.125763
7.130647
7.228327
6.837607
2.344322
3.809524
5.763126
11.233211
11.916972
7.423687
3.516484
4.004884
5.665446
7.032967
3.516484
-0.683761
0.586081
3.516484
1.269841
7.716728
6.446886
2.344322
-3.418803
-5.372405
-5.470085
-4.493284
-2.442002
-2.637363
-1.269841
-1.660562
-1.660562
0.488400
-4.590965
-5.567766
-7.228327
-5.860806
-3.125763
1.758242
-3.125763
-7.619048
-5.177045
0.488400
2.735043
2.148962
-3.321123
-1.855922
1.660562
4.200244
1.367521
2.735043
4.981685
0.683761
-6.837607
-4.102564
0.097680
0.488400
0.879121
0.293040
1.465201
4.981685
7.521368
7.423687
3.809524
0.488400
-2.344322
7.130647
8.009768
8.498168
6.153846
7.130647
4.493284
3.809524
7.716728
6.739927
4.884005
1.855922
2.539683
4.493284
8.888889
6.153846
2.148962
-1.269841
-2.832723
2.637363
4.004884
4.590965
2.930403
1.367521
-0.976801
1.465201
8.205128
11.526252
12.698413
-0.781441
-5.470085
-7.814408
-1.465201
3.614164
2.735043
1.855922
-2.246642
1.074481
-1.367521
1.758242
2.637363
1.953602
-4.004884
-0.390720
1.855922
8.791209
16.703297
15.531136
9.181929
2.051282
1.660562
-1.562882
-3.223443
-0.390720
2.539683
3.223443
3.614164
5.763126
6.544567
8.400488
0.781441
-4.395604
-6.349206
-7.032967
-8.302808
-7.032967
0.879121
15.628816
14.749695
0.781441
-11.330891
-7.228327
-3.125763
0.000000
-1.367521
-1.953602
-1.269841
-0.976801
6.544567
4.395604
0.293040
-3.516484
-4.884005
-0.097680
-2.930403
-0.390720
0.586081
4.102564
5.079365
7.032967
1.562882
-2.637363
0.586081
5.470085
11.233211
11.819292
11.233211
6.935287
5.372405
9.279609
9.474969
5.274725
6.935287
9.181929
7.326007
6.349206
7.130647
12.210012
10.744811
8.107448
3.516484
3.907204
1.367521
-1.758242
1.465201
7.228327
11.037851
4.884005
-0.097680
0.000000
0.390720
4.884005
5.860806
2.930403
-2.637363
2.051282
4.590965
8.693529
6.642247
3.907204
-1.465201
-1.562882
2.442002
3.125763
-2.539683
-4.395604
-4.004884
-1.660562
1.269841
2.344322
3.321123
0.195360
-2.148962
-6.056166
-9.768010
-10.256410
-7.912088
0.293040
2.930403
-0.586081
-3.809524
-3.614164
-0.879121
6.251526
0.390720
-0.097680
-5.372405
-7.619048
-4.884005
1.562882
1.269841
-6.544567
-7.716728
-0.390720
0.000000
-3.321123
-9.768010
-9.084249
-7.326007
-5.567766
-7.326007
-2.930403
-3.321123
-6.837607
-8.302808
-0.781441
3.321123
-4.200244
-6.935287
-10.256410
-4.200244
1.269841
-0.683761
-5.763126
-9.084249
-7.716728
-2.246642
3.125763
0.683761
-0.976801
-5.958486
-2.735043
1.172161
1.855922
2.051282
0.293040
2.246642
0.781441
2.148962
0.683761
-5.079365
-5.079365
-3.418803
3.711844
3.516484
1.367521
2.442002
0.293040
2.246642
-1.367521
-1.269841
2.735043
2.832723
2.442002
-3.125763
-1.660562
-0.586081
-0.683761
-6.446886
-5.763126
-2.148962
3.028083
8.400488
6.349206
-1.367521
-2.148962
-1.367521
-2.442002
-0.781441
1.953602
2.442002
1.660562
0.683761
3.028083
0.390720
-4.102564
-8.888889
-9.768010
-5.177045
-1.660562
-1.660562
1.367521
3.321123
4.297924
0.390720
-4.200244
-8.595849
-8.791209
-9.279609
-6.251526
-0.390720
8.302808
6.446886
5.665446
0.683761
-2.246642
-5.567766
-5.372405
-12.405372
-9.572650
-1.758242
5.079365
2.442002
3.223443
-0.976801
-5.567766
-6.935287
-3.907204
-0.781441
1.074481
2.735043
7.032967
7.130647
0.390720
-10.256410
-11.233211
-4.981685
-2.051282
-5.665446
-9.572650
-10.256410
-5.372405
-1.758242
2.637363
-0.390720
-3.711844
-10.158730
-9.768010
-8.986569
-0.976801
1.367521
-1.953602
-7.326007
-7.619048
-8.400488
-5.274725
-6.153846
-4.395604
-6.446886
-2.539683
3.125763
11.428571
8.400488
1.465201
3.321123
5.177045
10.549451
11.233211
1.855922
0.976801
4.200244
12.014652
6.642247
-2.442002
-6.251526
-3.321123
-1.855922
0.293040
-6.349206
-9.377289
-7.521368
-4.688645
-4.884005
-6.446886
-5.372405
3.418803
3.418803
-0.390720
-3.418803
-2.832723
3.711844
10.549451
3.516484
-3.418803
-3.711844
1.562882
2.246642
-2.148962
-7.130647
-6.056166
-3.516484
-2.246642
0.000000
2.637363
1.172161
-4.884005
-3.809524
0.976801
0.976801
-2.539683
-4.688645
-5.274725
-4.590965
-2.442002
-3.223443
-6.935287
-5.079365
-0.976801
-1.367521
-10.256410
-9.865690
-7.130647
-3.321123
-3.028083
-7.521368
-9.084249
3.125763
13.382173
3.223443
-10.744811
-11.916972
-3.516484
1.367521
-4.590965
-6.153846
-3.614164
-3.223443
-4.395604
-4.590965
-6.935287
-5.665446
-9.377289
-8.302808
-0.586081
0.683761
-0.390720
-3.321123
-6.349206
-1.953602
2.637363
9.181929
4.786325
2.246642
0.293040
4.590965
0.781441
-0.976801
-0.683761
1.562882
1.855922
8.986569
9.768010
-0.683761
-5.177045
-2.051282
-6.544567
-2.148962
3.125763
6.935287
4.200244
2.637363
-2.148962
2.539683
3.223443
8.693529
0.781441
-5.665446
-5.665446
-2.246642
-1.269841
2.539683
0.586081
-1.172161
-0.976801
2.442002
1.758242
8.009768
6.642247
2.832723
-0.097680
-1.953602
-4.981685
-2.442002
-0.586081
1.074481
-0.488400
1.660562
1.269841
2.148962
-2.246642
-1.660562
-1.855922
2.246642
-0.293040
-4.200244
-8.888889
-9.279609
-8.498168
-7.423687
-9.768010
-5.567766
-0.293040
-1.172161
-5.567766
-8.595849
-2.539683
2.442002
-0.293040
-4.004884
-1.367521
-0.488400
-2.051282
-1.953602
3.614164
1.953602
7.521368
2.930403
-6.544567
-11.233211
-7.228327
0.879121
-0.488400
-6.837607
-7.423687
-2.930403
0.879121
-2.148962
-4.493284
-1.465201
3.809524
3.711844
-0.390720
-6.349206
-7.032967
-7.814408
-6.251526
-3.223443
4.688645
4.004884
3.711844
-2.832723
-2.539683
-7.716728
-3.907204
1.367521
1.758242
1.269841
6.349206
9.377289
3.223443
-0.097680
0.390720
0.488400
0.879121
2.442002
0.586081
-1.269841
-4.004884
-4.297924
-3.125763
-2.832723
4.786325
1.367521
2.930403
-1.562882
-3.907204
-5.079365
-1.758242
-2.539683
0.781441
0.586081
0.781441
-0.781441
2.246642
-0.586081
-6.349206
-6.642247
-2.637363
1.465201
5.665446
2.735043
-3.321123
-5.372405
-5.470085
-7.423687
-4.200244
-0.976801
0.976801
-2.246642
-6.544567
-7.228327
-1.660562
-2.539683
-9.377289
-9.670330
-6.056166
0.195360
4.200244
-1.172161
-6.446886
-5.470085
-5.372405
-4.493284
-2.148962
-1.758242
-1.074481
1.367521
-0.586081
-5.470085
-8.009768
-4.884005
2.148962
4.590965
7.814408
2.344322
-4.200244
-5.665446
-2.051282
0.683761
-0.976801
-2.246642
-4.102564
-3.516484
-2.344322
0.683761
4.590965
-0.293040
-2.442002
-2.735043
-4.884005
-8.009768
-2.637363
0.195360
1.660562
1.562882
7.521368
6.935287
5.860806
0.000000
0.293040
-3.321123
-0.976801
1.953602
3.711844
-0.586081
-0.390720
2.246642
4.493284
6.446886
9.474969
8.693529
7.521368
7.619048
8.791209
6.349206
5.958486
1.562882
2.637363
2.051282
4.297924
5.763126
1.660562
-2.246642
-3.321123
-2.735043
0.293040
-2.930403
-3.907204
-1.172161
4.493284
5.372405
2.246642
-1.269841
-1.074481
-1.660562
-6.642247
-9.279609
-9.377289
-1.660562
8.205128
9.963370
-0.097680
-6.544567
-5.470085
-7.814408
-2.246642
-4.493284
-4.590965
-9.279609
-5.567766
-4.102564
-3.614164
-4.102564
2.735043
1.367521
-3.125763
-7.521368
-2.442002
1.953602
2.442002
-5.079365
-6.446886
-11.721612
-6.153846
-7.032967
-5.763126
-7.619048
-4.981685
-6.056166
-10.744811
-12.405372
-11.721612
-10.549451
-4.200244
-3.028083
-3.907204
-1.074481
0.683761
-0.976801
-6.251526
-9.865690
-8.302808
-6.739927
-5.372405
-4.297924
-2.735043
-0.976801
0.976801
-4.493284
-0.390720
3.418803
4.395604
2.832723
0.976801
-3.125763
-8.009768
-8.986569
-8.791209
-6.153846
-4.884005
-0.390720
8.888889
11.135531
7.032967
1.172161
-2.637363
-12.991453
-13.284493
-12.796093
-12.112332
-12.014652
0.195360
2.930403
4.688645
5.274725
8.107448
3.907204
2.246642
4.884005
1.367521
-8.107448
-15.238095
-15.042735
-6.153846
3.711844
19.242979
22.173382
11.135531
-1.562882
-6.642247
-11.916972
-8.595849
-8.107448
-2.344322
2.930403
9.181929
9.377289
7.032967
2.051282
-1.172161
-2.148962
-1.172161
-4.590965
-1.660562
3.125763
5.177045
0.390720
-2.539683
-1.953602
-5.567766
-11.819292
-9.474969
-4.004884
3.711844
9.279609
6.251526
1.074481
0.781441
0.976801
-4.884005
-12.503053
-13.870574
-8.791209
6.349206
8.986569
3.418803
-0.976801
0.000000
-4.981685
-10.158730
-11.037851
-7.423687
1.855922
4.297924
0.000000
-2.637363
-2.344322
-1.758242
-4.688645
-7.619048
-8.009768
-3.516484
-2.148962
1.172161
-0.976801
-5.860806
-7.032967
-9.963370
-10.061050
-8.009768
-4.590965
-4.786325
-2.832723
0.097680
0.097680
-1.465201
-2.148962
-7.619048
-6.349206
-0.390720
3.223443
6.642247
6.056166
0.195360
-3.321123
-2.637363
-2.442002
-2.735043
1.172161
-1.660562
-4.395604
0.976801
2.930403
1.758242
2.832723
2.246642
1.953602
0.000000
-2.832723
-2.442002
-4.200244
-7.032967
-6.935287
-1.367521
2.148962
0.586081
-0.195360
1.172161
-5.372405
-9.377289
-13.968254
-16.605617
-14.847375
-11.623932
-10.354090
-2.832723
2.539683
2.051282
-3.907204
-11.330891
-9.963370
-9.572650
-6.935287
-9.084249
-6.446886
1.172161
6.642247
5.958486
-7.032967
-10.354090
-10.354090
-8.595849
-8.986569
-6.935287
-3.907204
0.586081
0.488400
-2.637363
-8.009768
-8.888889
-8.888889
-4.200244
-6.837607
-7.814408
-2.246642
3.418803
5.860806
3.125763
-3.809524
-8.986569
-5.372405
-1.855922
0.000000
-0.390720
-6.642247
-5.274725
-2.735043
-0.097680
-1.758242
-0.390720
-2.246642
-4.102564
-8.302808
-5.665446
-3.321123
-2.344322
-7.912088
-9.670330
-5.860806
-0.488400
-2.539683
-6.935287
-5.177045
-6.349206
-3.028083
-1.660562
0.097680
-5.763126
-8.009768
-4.493284
-2.051282
1.269841
1.074481
3.614164
-0.390720
-2.930403
-3.614164
-4.395604
-6.544567
-5.470085
-8.595849
-9.084249
-8.302808
-4.200244
-3.809524
-3.516484
-1.269841
-0.976801
-0.195360
0.195360
0.586081
5.567766
2.930403
-0.488400
-6.153846
-4.590965
-7.814408
-9.279609
-9.279609
-4.981685
-1.562882
3.516484
2.148962
4.004884
-0.390720
0.293040
-3.809524
-4.884005
-6.446886
-6.642247
-1.465201
4.004884
5.274725
6.935287
7.521368
3.809524
2.539683
1.562882
-2.051282
3.516484
4.004884
6.251526
5.372405
4.297924
0.879121
0.195360
-4.590965
-5.372405
-6.935287
-7.423687
-6.251526
-4.688645
-4.200244
-2.930403
2.442002
6.739927
-1.074481
-7.130647
-7.912088
-1.172161
-4.004884
-6.739927
-12.600733
-8.888889
-4.297924
-3.321123
-0.781441
1.758242
8.986569
7.326007
-1.367521
-9.963370
-16.800977
-16.410256
-11.916972
-2.832723
-0.195360
1.465201
5.665446
10.940171
12.503053
9.963370
-0.976801
-7.228327
-13.186813
-15.433455
-14.163614
-8.595849
-4.786325
5.177045
10.256410
12.014652
10.354090
6.153846
1.172161
-2.637363
-6.153846
-4.981685
-5.470085
0.293040
2.735043
7.130647
11.037851
9.572650
0.976801
3.125763
4.786325
6.935287
2.246642
-0.683761
0.195360
7.032967
6.935287
6.349206
-0.781441
4.981685
10.061050
5.470085
0.000000
-3.516484
-3.516484
0.195360
5.372405
5.372405
-0.293040
0.097680
-2.344322
-0.683761
-3.223443
-4.884005
-7.912088
-6.349206
-2.246642
-2.735043
-3.516484
-1.074481
-0.195360
0.586081
1.172161
0.488400
-4.884005
-4.786325
-3.516484
3.516484
7.326007
4.200244
2.148962
5.665446
3.223443
0.195360
-0.976801
-1.172161
0.586081
4.688645
1.758242
-1.562882
-1.465201
7.423687
8.888889
7.814408
1.660562
-1.465201
-5.177045
-2.637363
-1.074481
-4.395604
-8.400488
-3.028083
-1.953602
1.855922
6.251526
2.148962
-6.446886
-8.498168
-3.223443
-2.735043
-6.544567
-7.619048
-3.223443
1.269841
2.832723
3.028083
-1.660562
-3.907204
-2.148962
-4.786325
-5.860806
-5.470085
-2.930403
4.102564
6.251526
6.446886
8.302808
7.912088
2.930403
0.293040
0.586081
3.223443
4.493284
8.009768
9.084249
5.372405
4.786325
7.716728
10.158730
7.423687
2.539683
6.935287
6.251526
6.642247
4.884005
3.223443
1.074481
1.855922
-5.763126
-4.200244
-3.223443
1.074481
0.293040
0.097680
5.079365
11.428571
11.330891
7.326007
1.172161
1.172161
4.200244
4.004884
-5.567766
-6.349206
-3.418803
5.860806
9.181929
9.474969
4.395604
0.097680
-2.051282
-0.195360
-6.642247
-7.032967
-4.297924
-1.660562
4.004884
7.326007
8.400488
4.981685
1.172161
-0.683761
-0.976801
-1.172161
-1.758242
1.758242
-2.637363
-1.465201
2.344322
8.302808
1.465201
-4.395604
-5.567766
-0.586081
1.269841
5.665446
-0.488400
-4.102564
-1.074481
7.032967
9.768010
3.907204
-3.223443
-1.855922
-2.442002
-1.953602
-3.809524
-0.586081
-0.488400
-1.074481
-1.855922
-0.683761
-2.344322
-6.739927
-5.860806
-2.051282
-2.246642
-0.683761
2.735043
3.028083
-4.395604
-2.832723
-0.097680
-0.586081
-5.079365
-2.051282
-0.781441
-1.562882
-0.195360
4.395604
4.493284
-0.586081
-5.665446
1.074481
2.735043
0.097680
-3.028083
-0.390720
-0.195360
-0.976801
-3.125763
1.367521
3.223443
2.442002
1.660562
1.953602
0.879121
0.000000
-2.539683
1.953602
4.102564
0.879121
1.269841
0.293040
5.958486
3.907204
-1.758242
-5.665446
-5.665446
-4.102564
-3.907204
-4.590965
-2.735043
1.074481
5.177045
-1.855922
-8.498168
-14.847375
-8.986569
-0.586081
-1.660562
-3.711844
-6.056166
-4.884005
0.097680
-1.660562
-7.716728
-11.037851
-7.326007
-7.032967
-4.884005
-4.395604
-4.004884
-4.688645
-5.079365
-6.056166
-7.521368
-9.084249
-6.153846
-4.590965
-5.958486
-7.716728
-3.516484
1.074481
-0.293040
-3.516484
-4.786325
-3.223443
-4.102564
-4.688645
-2.148962
-0.976801
-1.562882
-2.539683
0.879121
0.000000
0.683761
-3.809524
-8.888889
-10.549451
-9.963370
-7.912088
-5.177045
-2.930403
-0.488400
0.683761
3.125763
3.418803
1.465201
-2.148962
-3.223443
-5.372405
-2.832723
0.683761
-0.976801
-0.976801
2.637363
5.079365
-0.976801
-4.200244
-2.246642
-2.832723
-3.223443
-1.660562
4.297924
6.642247
5.958486
5.860806
4.981685
4.590965
5.079365
5.079365
4.200244
5.079365
-0.586081
-5.177045
-1.953602
-0.976801
-5.470085
-4.004884
-2.735043
-4.395604
-4.493284
-3.321123
-0.293040
-0.097680
-1.074481
1.953602
2.832723
2.148962
0.000000
-3.223443
-0.195360
-1.758242
-2.637363
-0.683761
3.907204
1.562882
-0.781441
2.442002
3.223443
-2.832723
-8.693529
-5.958486
-2.344322
1.367521
3.614164
0.586081
3.125763
3.516484
0.097680
-0.195360
1.269841
1.855922
-2.735043
-6.056166
0.390720
7.032967
9.768010
8.009768
6.837607
8.302808
7.814408
10.647131
2.637363
-8.986569
-11.526252
-6.153846
-2.051282
-8.498168
-8.595849
-0.097680
5.958486
9.572650
11.037851
11.037851
9.377289
6.739927
1.660562
-2.637363
-9.474969
-9.963370
-6.544567
-0.195360
3.223443
5.274725
6.642247
7.326007
9.474969
9.768010
5.958486
1.269841
-4.297924
-1.660562
2.735043
7.814408
9.474969
7.130647
10.256410
8.986569
5.177045
7.423687
8.400488
4.200244
-0.976801
4.688645
10.061050
6.837607
0.976801
5.177045
12.014652
9.084249
4.395604
7.326007
10.940171
7.619048
0.976801
3.711844
7.521368
5.567766
1.465201
-1.269841
0.097680
4.884005
3.711844
3.614164
0.781441
3.418803
3.028083
6.739927
3.516484
2.246642
2.051282
5.177045
3.125763
1.855922
2.442002
3.321123
3.125763
6.935287
2.735043
0.097680
-2.539683
-1.758242
-6.056166
-7.130647
-3.711844
5.860806
8.986569
4.297924
-2.539683
-2.735043
-2.442002
-7.130647
-12.698413
-11.233211
-9.474969
-2.930403
-0.586081
3.125763
1.269841
-0.976801
-0.195360
-3.516484
-6.739927
-5.567766
-5.860806
-3.516484
-4.004884
-1.367521
-0.293040
-5.860806
-12.405372
-10.647131
-4.884005
-5.079365
-7.228327
-5.470085
-3.907204
-0.488400
-0.976801
0.097680
-1.660562
-4.590965
-10.061050
-10.061050
-7.521368
-6.544567
-9.279609
-5.372405
-4.102564
-0.976801
0.683761
-2.442002
1.855922
0.390720
0.000000
-2.051282
-7.423687
-2.637363
-5.958486
-1.758242
-0.976801
-3.028083
-5.763126
-3.125763
2.148962
3.028083
4.590965
3.321123
2.832723
0.195360
-0.781441
-2.344322
-3.125763
4.297924
-0.195360
-1.367521
-3.711844
0.097680
-1.367521
-1.953602
-1.855922
-3.907204
-8.888889
-6.739927
-2.442002
-2.637363
-6.739927
-2.930403
-4.395604
-6.446886
-8.791209
-4.395604
-3.028083
-4.981685
-5.567766
-3.907204
-1.855922
-0.488400
-1.953602
-3.614164
-3.711844
-1.074481
-1.465201
-1.269841
-3.907204
-4.297924
-8.986569
-6.739927
-7.130647
-8.693529
-5.958486
-3.223443
-5.372405
-4.395604
-6.739927
-9.279609
-4.102564
-4.493284
-4.884005
-3.809524
-4.004884
-2.344322
-2.148962
-0.488400
-1.855922
-2.344322
-3.223443
-4.981685
-8.986569
-4.200244
-4.884005
-7.423687
-9.474969
-10.256410
-8.009768
-2.246642
-0.781441
-0.683761
-3.614164
-7.228327
-12.014652
-7.423687
-9.377289
-6.935287
-7.912088
-7.521368
-8.302808
-7.912088
-5.274725
0.390720
-3.223443
-4.004884
-5.274725
-3.809524
-6.446886
-2.930403
-2.148962
-1.465201
-1.465201
2.051282
4.884005
0.586081
-3.809524
-0.293040
0.000000
1.269841
-2.735043
-1.074481
0.097680
0.683761
1.074481
1.367521
-0.976801
-1.562882
-2.051282
1.855922
0.390720
-0.390720
-0.488400
-2.735043
-3.809524
1.172161
3.418803
1.953602
1.660562
-0.488400
-0.586081
-0.390720
-0.293040
1.172161
-0.488400
-2.246642
-4.297924
-0.195360
-0.195360
1.562882
-3.223443
-3.907204
-3.516484
-0.781441
-3.223443
-6.446886
-6.642247
-5.274725
-2.246642
-3.028083
-2.442002
3.418803
1.269841
-3.321123
-5.470085
-1.660562
-2.442002
-0.488400
-2.442002
-2.051282
-1.367521
4.297924
4.297924
4.200244
0.097680
3.223443
1.172161
-0.097680
-1.172161
0.390720
0.488400
-1.953602
-6.251526
-3.711844
-5.567766
-5.958486
-6.935287
-1.172161
-2.930403
-2.051282
2.442002
1.660562
2.637363
1.953602
0.976801
3.711844
-3.418803
-1.367521
-4.884005
-3.907204
-4.590965
-1.953602
-2.246642
0.586081
5.567766
5.177045
5.958486
5.860806
2.539683
3.614164
4.297924
5.860806
0.488400
2.246642
1.465201
0.488400
-1.172161
-0.488400
3.516484
4.688645
1.172161
2.148962
3.907204
4.786325
4.395604
6.544567
5.567766
6.251526
6.153846
3.516484
