7.345543
3.397314
-0.459096
0.918193
1.285470
2.111844
1.744567
-1.285470
-4.958242
-8.631013
-9.273748
-8.263736
-4.774603
-3.948230
-6.610989
-7.804640
-7.712821
-3.580952
3.305495
8.263736
8.447375
5.325519
1.744567
2.111844
6.060073
10.283761
13.772894
9.916484
4.223687
-2.846398
-13.313797
-10.559219
-10.191941
-9.732845
-9.641026
-10.742857
-12.762882
-12.671062
-9.181929
-4.499145
0.367277
4.040049
5.692796
6.794628
7.253724
6.702808
6.243712
3.213675
0.367277
-1.101832
-0.734554
2.111844
7.070085
9.916484
10.375580
9.549206
10.100122
10.375580
12.946520
14.140171
12.671062
8.355556
6.702808
4.958242
3.856410
4.040049
6.335531
5.233700
4.590965
4.866422
5.876435
7.345543
6.519170
5.600977
4.223687
3.489133
4.499145
6.335531
6.243712
5.509158
5.141880
5.784615
6.794628
6.978266
7.988278
8.355556
8.263736
5.784615
2.387302
1.101832
1.560928
1.469109
0.734554
0.367277
0.183639
-0.183639
-0.826374
-0.459096
-1.285470
-1.836386
-1.193651
-2.938217
-3.580952
-4.499145
-2.295482
-0.918193
3.213675
4.866422
5.233700
3.672772
2.020024
0.275458
-0.459096
-2.938217
-3.213675
-3.856410
-4.040049
-4.774603
-4.958242
-6.060073
-5.417338
-5.050061
-2.387302
-1.193651
0.734554
1.010012
0.000000
-2.570940
-1.652747
-1.285470
-0.459096
-0.459096
0.275458
0.091819
-0.459096
-1.285470
-1.652747
-2.846398
-2.203663
-1.560928
-1.377289
-0.183639
0.459096
2.754579
2.387302
1.377289
0.183639
-0.459096
-0.091819
0.183639
0.826374
1.377289
1.652747
2.295482
3.030037
4.040049
4.315507
4.407326
3.948230
1.744567
1.836386
-0.091819
-0.275458
-0.642735
-0.826374
-2.020024
-1.010012
-2.295482
-1.010012
-1.101832
0.642735
3.121856
5.233700
6.243712
6.702808
6.702808
4.958242
4.040049
3.580952
1.285470
-1.836386
-1.744567
-0.275458
-0.275458
0.642735
0.000000
1.010012
0.642735
2.754579
4.407326
4.040049
2.846398
1.285470
1.193651
0.275458
-1.377289
-2.387302
-3.030037
-2.662759
-3.672772
-5.784615
-6.610989
-5.968254
-5.141880
-4.590965
-3.489133
-3.030037
-3.672772
-3.489133
-3.030037
-1.560928
-2.020024
-3.948230
-5.692796
-5.692796
-6.243712
-5.968254
-5.509158
-4.958242
-5.968254
-5.050061
-5.233700
-4.315507
-3.030037
-2.938217
-1.560928
0.275458
1.928205
3.856410
0.550916
-1.652747
-3.580952
-1.744567
-2.020024
-0.550916
0.091819
0.091819
-0.091819
1.652747
1.744567
1.836386
-7.804640
1.010012
-1.652747
-3.121856
-4.131868
-3.489133
-3.213675
-1.744567
-1.101832
-0.642735
-0.183639
1.469109
1.836386
2.295482
1.652747
1.193651
-0.091819
-0.826374
-0.183639
-1.010012
-1.560928
-0.642735
-0.918193
0.826374
1.469109
1.469109
0.459096
1.928205
2.938217
5.233700
7.070085
10.467399
9.916484
8.722833
6.886447
4.499145
2.938217
2.846398
1.469109
3.397314
2.662759
3.305495
2.111844
2.020024
2.111844
1.377289
2.754579
3.948230
3.121856
2.754579
2.570940
4.774603
5.233700
7.070085
8.355556
11.752869
11.385592
11.201954
11.569231
9.916484
6.610989
5.050061
3.489133
0.642735
-2.203663
-2.295482
-3.213675
-2.754579
-1.377289
0.183639
-0.275458
-2.570940
-4.590965
-4.682784
-5.417338
-4.131868
-3.580952
-3.764591
-3.213675
-2.387302
-3.030037
-0.367277
0.826374
2.295482
3.121856
2.387302
1.010012
2.111844
1.377289
2.846398
1.285470
0.459096
-1.836386
-2.387302
-3.672772
-4.407326
-4.499145
-1.928205
-2.754579
-1.928205
-2.479121
-0.826374
-1.285470
-0.826374
-1.010012
1.744567
2.295482
3.305495
3.121856
2.662759
1.652747
1.469109
0.642735
0.459096
1.101832
0.459096
-0.183639
-0.275458
-1.744567
-1.560928
-1.285470
0.642735
0.459096
1.744567
1.836386
2.387302
2.662759
2.754579
3.856410
4.223687
5.050061
5.050061
2.938217
2.295482
1.193651
1.193651
0.918193
0.734554
0.183639
4.315507
7.896459
9.090110
6.794628
3.948230
1.010012
-0.183639
-1.744567
-1.652747
-1.560928
-2.111844
-1.193651
-0.918193
0.000000
-0.918193
-3.305495
-2.938217
-3.030037
-1.101832
1.101832
1.744567
2.387302
4.407326
5.050061
6.060073
7.896459
9.181929
7.804640
5.784615
5.050061
6.060073
6.427350
5.968254
5.233700
4.958242
4.315507
4.958242
4.315507
3.489133
2.754579
2.570940
1.652747
0.550916
-0.091819
0.000000
-0.550916
-1.469109
-3.030037
-4.223687
-3.856410
-1.560928
-0.918193
2.479121
2.846398
1.285470
-0.459096
-2.203663
-3.764591
-4.866422
-4.590965
-3.856410
-4.407326
-2.295482
-0.367277
3.305495
4.682784
4.590965
5.876435
6.060073
5.325519
6.794628
7.345543
8.263736
8.263736
7.070085
5.050061
3.397314
2.111844
1.652747
0.642735
-1.193651
-2.020024
-0.550916
0.000000
2.938217
2.570940
1.652747
-0.183639
0.000000
3.397314
6.519170
8.171917
8.539194
6.794628
6.060073
4.407326
5.417338
5.325519
8.631013
8.539194
6.886447
3.856410
3.580952
4.040049
7.161905
8.814652
7.070085
3.764591
1.652747
1.285470
5.141880
8.355556
11.293773
10.926496
8.263736
4.407326
5.692796
6.794628
6.886447
6.243712
5.784615
1.469109
-2.203663
-4.131868
-1.836386
1.928205
4.223687
2.387302
0.550916
-2.938217
-2.479121
-1.285470
3.856410
7.253724
6.886447
3.305495
-0.367277
-1.560928
0.826374
5.600977
8.998291
7.712821
5.784615
2.754579
1.928205
1.928205
2.387302
3.856410
2.846398
1.652747
0.459096
-1.469109
-1.928205
-0.367277
3.030037
3.213675
2.295482
-1.193651
-5.325519
-5.968254
-5.509158
-4.040049
-1.560928
-1.193651
-2.020024
-2.111844
-2.387302
-3.213675
-2.479121
-3.948230
-3.764591
-5.141880
-6.427350
-5.968254
-2.846398
0.734554
3.213675
3.213675
3.489133
1.652747
-1.193651
-2.846398
-2.111844
-2.295482
-0.918193
0.642735
2.846398
4.866422
5.233700
4.223687
3.397314
2.662759
3.121856
2.662759
5.600977
6.519170
7.437363
5.050061
2.662759
2.020024
2.479121
2.111844
2.387302
1.193651
2.846398
3.580952
1.469109
0.091819
0.734554
0.367277
-1.377289
-2.203663
-3.580952
-4.774603
-4.866422
-6.794628
-7.437363
-6.794628
-4.131868
-3.213675
-1.193651
-0.091819
1.652747
0.367277
-0.550916
-1.469109
-1.652747
-2.570940
-1.285470
-0.734554
-0.642735
-5.692796
-3.213675
-5.141880
-5.968254
-5.417338
-5.141880
-5.692796
-5.692796
-7.253724
-7.161905
-7.988278
-7.253724
-6.519170
-6.427350
-7.804640
-8.998291
-8.631013
-6.978266
-4.590965
-4.223687
-4.958242
-6.060073
-5.233700
-3.764591
-0.642735
4.682784
6.335531
4.040049
-1.010012
-2.938217
-2.662759
-1.377289
1.010012
3.213675
3.305495
1.101832
-2.662759
-5.141880
-4.958242
-4.040049
-2.570940
-0.734554
-0.367277
-1.928205
-2.020024
-1.193651
-0.091819
1.836386
2.662759
1.193651
1.010012
-0.459096
-0.367277
1.101832
2.111844
2.479121
1.928205
1.652747
0.367277
-0.275458
1.010012
2.479121
4.958242
6.151893
6.060073
3.856410
3.305495
2.479121
3.948230
4.315507
4.131868
2.203663
2.111844
2.570940
3.121856
3.030037
2.570940
-0.642735
-2.662759
-2.662759
-2.754579
-4.223687
-2.570940
-0.826374
0.918193
0.734554
1.928205
3.305495
4.131868
3.856410
3.121856
2.754579
2.662759
3.305495
5.600977
4.958242
5.600977
4.958242
3.764591
2.662759
2.754579
1.560928
2.020024
2.754579
2.938217
2.111844
2.938217
2.203663
1.010012
3.489133
4.499145
5.509158
4.682784
2.938217
0.275458
-0.734554
-0.367277
1.010012
2.570940
3.856410
4.407326
4.958242
3.948230
2.846398
2.111844
1.928205
2.111844
1.928205
4.407326
3.397314
3.580952
4.590965
3.213675
3.030037
-0.826374
1.010012
0.459096
1.377289
2.754579
3.397314
2.846398
3.580952
2.570940
1.101832
0.000000
-1.377289
-3.672772
-6.335531
-5.876435
-5.233700
-5.692796
-6.243712
-6.702808
-5.784615
-3.580952
-1.377289
0.367277
1.101832
4.223687
5.692796
6.886447
6.794628
8.906471
11.110134
12.120147
12.946520
12.946520
13.130159
12.028327
10.100122
8.355556
3.397314
4.774603
4.682784
6.978266
6.151893
6.151893
7.253724
7.712821
6.702808
6.702808
4.499145
2.111844
1.469109
0.275458
-1.010012
-10.100122
-1.744567
-0.183639
0.275458
-0.459096
-1.836386
-2.203663
-2.111844
-0.459096
-0.918193
-1.652747
-3.305495
-3.948230
-4.315507
-3.489133
-4.131868
-3.580952
-4.590965
-4.590965
-4.223687
-4.958242
-4.499145
-3.397314
-1.652747
1.285470
2.203663
3.672772
3.580952
5.509158
4.866422
5.876435
5.050061
4.958242
3.121856
0.734554
-0.091819
-1.193651
-2.111844
-1.377289
-2.020024
-1.560928
-1.560928
-0.642735
0.826374
0.000000
0.183639
0.826374
0.459096
1.193651
1.010012
1.193651
-0.459096
-1.928205
-3.580952
-4.223687
-5.050061
-5.141880
-5.692796
-3.489133
-1.928205
-1.928205
-2.111844
-0.826374
0.642735
1.285470
1.560928
0.459096
0.275458
0.000000
-0.826374
-1.469109
0.275458
1.469109
0.091819
0.826374
2.203663
1.928205
1.928205
2.387302
1.652747
1.836386
1.469109
1.193651
-0.091819
-1.010012
-0.275458
1.469109
1.193651
1.560928
0.000000
1.101832
1.836386
1.652747
3.213675
3.489133
3.489133
3.580952
2.846398
1.101832
1.469109
1.193651
2.203663
3.580952
4.040049
4.774603
7.070085
7.621001
6.610989
6.151893
5.784615
4.866422
4.040049
2.479121
1.652747
0.918193
0.183639
-0.183639
1.928205
2.479121
1.652747
-8.814652
-0.183639
-1.560928
-1.928205
-2.662759
-2.295482
-2.479121
-2.111844
-1.285470
-2.846398
-3.305495
-4.958242
-5.600977
-4.774603
-3.213675
-1.928205
-1.744567
-1.193651
-0.367277
0.275458
0.275458
1.744567
1.744567
2.846398
3.764591
4.499145
3.856410
2.387302
2.295482
0.642735
0.000000
0.734554
0.459096
1.010012
2.295482
0.826374
1.285470
1.560928
0.550916
1.560928
3.948230
4.040049
1.560928
1.010012
1.010012
0.091819
-3.030037
0.642735
0.367277
1.744567
2.111844
3.672772
4.774603
5.509158
5.325519
6.610989
7.161905
7.437363
7.712821
6.243712
5.876435
5.141880
2.020024
2.020024
2.570940
2.295482
4.040049
3.948230
4.866422
5.600977
4.131868
2.387302
2.846398
3.397314
3.121856
2.846398
2.295482
0.826374
0.183639
-0.367277
0.367277
0.183639
0.918193
0.642735
0.275458
-1.101832
-3.121856
-3.213675
-2.846398
-2.203663
-2.295482
-4.315507
-5.050061
-5.325519
-4.958242
-4.131868
-3.764591
-4.682784
-5.509158
-5.784615
-5.233700
-3.121856
-2.938217
-2.662759
-2.020024
-3.489133
-5.417338
-5.325519
-5.050061
-4.499145
-3.213675
-2.754579
-2.020024
-3.213675
-5.050061
-6.519170
-7.804640
-7.161905
-6.978266
-5.417338
-3.948230
-2.111844
-3.030037
-4.499145
-5.141880
-5.050061
-4.682784
-3.948230
-1.836386
0.091819
0.275458
1.010012
2.203663
2.111844
1.744567
1.744567
2.570940
3.489133
3.121856
2.111844
0.734554
0.367277
-1.469109
-0.734554
-0.275458
-0.091819
0.000000
-8.263736
0.367277
-0.367277
-2.111844
-2.387302
-1.744567
-0.826374
-0.826374
-0.550916
-0.183639
1.010012
1.193651
1.101832
0.642735
1.652747
1.377289
1.652747
0.918193
0.275458
-0.918193
-2.111844
-2.111844
-1.469109
-1.928205
-1.010012
-1.836386
-0.918193
-1.928205
-0.826374
-1.101832
-1.469109
0.918193
2.754579
3.121856
3.030037
2.020024
2.479121
2.662759
2.387302
1.010012
0.642735
-0.826374
-8.722833
-3.030037
-1.560928
-0.642735
-1.652747
-3.489133
-3.121856
-3.580952
-2.020024
-0.826374
-0.275458
0.550916
0.550916
-1.928205
-2.387302
-1.836386
-0.918193
-1.193651
0.275458
0.459096
2.111844
2.203663
1.652747
0.642735
0.642735
-1.285470
-1.285470
-0.367277
-0.734554
-1.101832
-0.275458
-1.469109
-0.550916
-0.091819
0.734554
1.836386
1.193651
2.570940
4.040049
4.040049
4.866422
4.223687
5.050061
3.764591
3.672772
4.499145
4.866422
3.030037
4.040049
2.203663
1.836386
2.387302
2.938217
3.764591
5.141880
3.764591
4.131868
4.040049
3.856410
2.662759
3.121856
2.754579
2.295482
2.295482
1.652747
1.744567
3.030037
3.580952
3.764591
2.111844
2.938217
2.754579
4.774603
4.682784
4.958242
4.866422
4.131868
3.030037
4.040049
4.590965
4.315507
2.754579
1.469109
0.459096
1.469109
2.203663
3.580952
4.407326
3.580952
3.489133
5.141880
6.151893
6.978266
5.876435
5.141880
4.407326
4.774603
4.499145
4.040049
4.223687
4.958242
4.499145
6.427350
5.050061
5.600977
4.499145
4.223687
3.580952
2.203663
0.183639
0.275458
-0.918193
-1.010012
-1.010012
-1.928205
-3.213675
-4.131868
-4.223687
-1.928205
0.000000
0.826374
1.560928
3.580952
3.121856
3.489133
2.295482
1.652747
2.020024
3.397314
1.744567
3.764591
2.662759
2.479121
2.020024
2.754579
1.836386
2.387302
2.754579
1.744567
0.275458
1.285470
-0.550916
0.183639
1.101832
1.928205
2.111844
4.407326
3.764591
3.213675
1.836386
0.642735
0.550916
0.642735
0.183639
-0.826374
-1.377289
-2.570940
-2.387302
-1.652747
-2.387302
-2.570940
-2.570940
-2.570940
-2.662759
-1.744567
-1.193651
0.091819
1.285470
2.387302
2.479121
3.305495
4.315507
6.243712
6.702808
6.335531
5.141880
5.417338
5.050061
5.784615
5.050061
4.774603
3.672772
4.223687
4.315507
4.040049
2.846398
3.580952
3.305495
2.662759
2.295482
-5.325519
1.469109
0.918193
0.918193
1.101832
-0.367277
-1.010012
-0.459096
-0.367277
-0.550916
-0.275458
-0.367277
0.367277
0.000000
-0.734554
-1.928205
-1.928205
-2.846398
-1.652747
-1.469109
-2.111844
-2.662759
-1.928205
-3.764591
-2.662759
-2.020024
-0.275458
-1.010012
-0.183639
0.734554
1.377289
0.642735
0.642735
1.101832
0.367277
-0.367277
-1.469109
-1.377289
-1.560928
-0.826374
-1.101832
0.091819
1.193651
0.459096
0.826374
1.101832
0.918193
0.734554
-0.918193
-0.183639
0.000000
1.010012
0.183639
0.459096
-0.091819
1.010012
-0.091819
0.642735
-0.550916
-1.560928
-1.469109
-0.550916
-1.010012
-0.734554
0.918193
2.754579
1.101832
1.560928
-0.734554
0.091819
-0.826374
-1.744567
-1.193651
0.367277
0.918193
-7.804640
0.183639
0.275458
1.285470
2.203663
2.846398
3.672772
3.030037
3.856410
3.580952
3.489133
4.040049
5.141880
6.427350
7.804640
7.988278
9.181929
9.273748
9.273748
7.896459
8.263736
5.968254
4.131868
2.662759
2.203663
2.387302
2.938217
1.285470
1.377289
0.734554
0.918193
0.918193
0.459096
-0.459096
-1.193651
-1.377289
-0.183639
-0.367277
-2.570940
-2.479121
-2.111844
-2.203663
-1.744567
-1.285470
-1.377289
-1.010012
-0.826374
-1.193651
-0.367277
-0.367277
-1.285470
-1.652747
-1.377289
-0.183639
0.275458
0.734554
0.826374
0.550916
0.734554
1.836386
2.570940
3.672772
3.672772
2.020024
3.856410
4.040049
4.774603
4.958242
6.243712
6.060073
4.315507
4.866422
5.692796
6.335531
5.876435
5.141880
4.131868
3.672772
2.479121
3.121856
3.305495
3.030037
3.672772
2.754579
1.469109
0.734554
-0.459096
-0.826374
-0.734554
0.550916
-0.918193
-0.550916
-0.550916
0.183639
0.642735
2.387302
3.213675
4.407326
4.499145
4.131868
3.764591
4.315507
4.223687
5.325519
5.784615
6.151893
6.519170
7.621001
7.621001
9.365568
8.171917
8.814652
9.824664
9.090110
7.804640
7.253724
5.509158
4.866422
4.131868
3.305495
2.479121
0.918193
0.918193
0.000000
0.642735
0.918193
1.560928
0.459096
0.734554
0.734554
-0.459096
-1.285470
-1.285470
-0.734554
0.459096
1.101832
1.836386
1.744567
2.662759
1.377289
2.020024
2.295482
2.111844
0.734554
0.550916
-0.734554
-1.101832
-2.662759
-3.213675
-3.121856
-2.662759
-2.387302
-1.010012
-0.826374
0.000000
-1.377289
-2.203663
-3.305495
-3.121856
-2.387302
-1.928205
-1.928205
-2.203663
-1.101832
-1.928205
-2.938217
-2.020024
-0.091819
-0.550916
-0.826374
-0.550916
0.367277
0.275458
0.000000
-0.550916
-5.876435
-1.836386
-1.744567
0.275458
0.734554
0.826374
0.550916
-0.367277
-0.642735
-1.010012
-1.193651
-0.275458
-0.183639
0.918193
2.111844
4.131868
4.040049
3.580952
3.580952
3.397314
3.305495
3.121856
1.928205
2.020024
2.570940
1.928205
0.826374
0.734554
1.652747
1.836386
1.560928
1.377289
1.010012
1.744567
1.744567
2.020024
3.397314
3.397314
4.958242
4.315507
4.040049
2.387302
3.030037
2.387302
1.836386
0.275458
0.367277
-0.091819
0.091819
-0.459096
2.203663
2.111844
1.377289
-0.275458
-0.091819
-1.101832
-1.010012
-0.459096
2.938217
4.590965
4.590965
3.305495
1.836386
-1.285470
-1.285470
-2.387302
-2.295482
-1.928205
-1.285470
-1.285470
-1.928205
-3.489133
-3.856410
-3.213675
-2.754579
-2.479121
-3.580952
-3.121856
-1.193651
-2.662759
-1.928205
-1.652747
-2.111844
-2.938217
-2.020024
-1.193651
1.652747
4.315507
3.856410
0.642735
-1.285470
-2.295482
-1.285470
0.826374
2.570940
2.570940
-0.550916
-1.469109
-0.642735
0.275458
1.836386
1.560928
-2.203663
-3.489133
-3.030037
-1.285470
1.836386
3.397314
3.397314
1.652747
-1.010012
-2.846398
-3.764591
-4.315507
-5.509158
-6.794628
-8.080098
-6.978266
-3.580952
1.652747
4.866422
6.978266
4.499145
2.111844
2.662759
5.050061
7.437363
9.457387
7.437363
3.397314
1.285470
2.020024
5.050061
6.978266
6.151893
2.754579
-1.377289
-1.101832
2.387302
8.722833
14.048352
14.782906
11.293773
8.171917
6.335531
8.814652
11.110134
11.569231
6.886447
0.642735
-4.866422
-4.866422
-4.131868
-0.275458
-0.734554
-2.846398
-6.978266
-7.345543
-5.784615
-1.560928
3.856410
7.896459
6.794628
3.030037
-1.377289
-0.918193
1.928205
7.070085
9.365568
1.285470
5.417338
2.479121
-5.141880
0.000000
0.183639
0.918193
1.744567
3.489133
2.387302
1.101832
0.734554
-0.183639
-1.560928
-3.672772
-3.856410
-0.918193
2.111844
3.672772
3.580952
0.826374
-0.642735
-0.642735
2.111844
-0.275458
4.499145
2.662759
-3.764591
-1.928205
-0.367277
3.213675
4.407326
2.479121
-0.642735
-5.784615
-8.263736
-6.702808
-2.846398
-0.918193
-3.856410
-9.181929
-13.221978
-14.140171
-11.752869
-9.732845
-8.355556
-8.998291
-10.559219
-15.242002
-17.262027
-18.272039
-17.262027
-15.150183
-11.385592
-9.365568
-8.539194
-9.641026
-9.181929
-10.651038
-8.631013
-8.722833
-7.988278
-6.886447
-6.886447
-7.253724
-6.427350
-3.764591
-3.764591
-3.764591
-2.020024
-2.203663
-0.183639
0.550916
3.580952
5.600977
6.060073
4.590965
4.590965
4.040049
3.489133
4.407326
5.050061
5.876435
4.774603
2.295482
1.285470
-2.111844
-2.938217
-1.928205
0.550916
2.020024
1.652747
1.469109
0.918193
-0.275458
-1.285470
-0.367277
1.010012
2.203663
3.672772
5.417338
4.682784
3.305495
4.407326
4.040049
8.814652
10.100122
12.946520
14.966545
13.864713
12.211966
9.549206
8.631013
6.610989
4.958242
3.305495
3.948230
3.764591
2.846398
0.367277
-1.652747
-5.417338
-8.722833
-8.080098
-7.988278
-6.702808
-5.784615
-4.774603
-3.305495
-2.754579
-3.764591
-2.846398
-3.397314
-3.121856
-3.030037
-3.856410
-2.754579
0.367277
1.469109
4.040049
4.499145
4.315507
5.692796
5.692796
5.233700
5.141880
4.590965
3.580952
3.397314
4.407326
5.141880
5.325519
3.856410
4.499145
7.070085
10.008303
11.293773
11.293773
10.651038
10.008303
7.988278
6.243712
4.040049
3.764591
4.315507
5.692796
7.988278
8.539194
7.529182
7.437363
5.876435
7.804640
8.998291
8.722833
6.702808
5.417338
2.938217
2.570940
1.652747
0.734554
0.091819
3.948230
3.672772
6.427350
6.702808
5.050061
2.754579
2.570940
1.010012
1.193651
0.826374
0.826374
-0.091819
0.459096
2.111844
5.233700
4.866422
4.407326
2.203663
2.111844
-0.367277
-0.918193
-2.570940
-0.918193
-0.091819
1.928205
2.938217
2.938217
2.295482
3.305495
2.111844
1.285470
1.469109
2.020024
1.010012
0.183639
-1.377289
-3.121856
-4.131868
-4.499145
-4.866422
-3.580952
-3.121856
0.091819
0.459096
4.223687
5.692796
7.621001
5.968254
4.407326
1.744567
0.275458
-1.560928
-0.459096
-1.652747
-0.826374
-0.826374
0.091819
-1.101832
-2.020024
-0.826374
-0.091819
3.397314
4.315507
1.377289
-0.091819
-8.263736
-0.459096
0.734554
0.367277
-1.193651
-3.121856
-5.600977
-2.754579
1.285470
7.529182
9.181929
5.968254
0.642735
-3.213675
-5.325519
-3.948230
-0.367277
0.826374
-1.469109
-4.774603
-7.896459
-8.722833
-6.886447
-1.469109
-1.377289
-1.928205
-3.580952
-4.866422
-4.499145
-1.836386
1.836386
4.499145
5.692796
7.070085
7.988278
7.529182
8.539194
11.752869
11.936508
