2.790232
2.886447
0.769719
0.192430
-2.597802
0.481074
5.388034
5.484249
4.714530
4.137241
3.175092
3.463736
2.982662
2.020513
2.405372
0.481074
0.000000
1.347009
3.271306
0.962149
2.212943
1.828083
0.192430
-2.982662
-3.463736
-5.869109
-5.965324
-4.233455
-3.367521
-2.982662
-4.329670
-4.137241
-3.367521
-4.425885
-1.250794
-3.559951
-6.927473
-5.484249
-5.291819
-2.501587
2.405372
3.367521
2.116728
0.096215
-1.539438
-2.694017
-1.058364
-1.443223
-3.848596
-3.463736
0.096215
2.405372
5.676679
6.157753
5.484249
1.154579
-0.962149
-1.924298
-0.962149
-0.096215
0.384860
-0.192430
-1.635653
0.962149
-0.673504
-1.443223
-2.886447
-1.828083
-1.635653
-5.869109
-3.175092
-0.481074
1.924298
3.752381
5.676679
4.714530
4.137241
1.154579
-0.481074
2.982662
4.522100
3.078877
3.559951
6.831258
10.102564
6.157753
4.137241
2.597802
4.425885
6.350183
6.253968
5.099389
1.635653
1.154579
2.212943
2.405372
0.481074
0.769719
2.597802
0.962149
-0.673504
0.962149
1.539438
0.769719
-4.041026
-4.714530
-3.175092
-1.924298
-2.116728
-5.772894
-6.157753
-6.542613
-5.195604
-7.216117
-6.446398
-6.446398
-3.559951
-3.944811
-4.522100
-5.484249
-3.656166
-2.212943
-2.116728
-1.154579
-0.962149
-0.865934
-4.425885
-5.099389
-6.446398
-4.137241
-3.271306
-1.731868
-2.020513
-2.790232
-4.425885
-1.828083
3.367521
5.388034
3.078877
0.769719
-2.020513
-4.329670
-4.906960
-4.714530
-4.233455
-8.082051
-9.621490
-9.332845
-10.679853
-9.910134
-9.910134
-9.910134
-7.985836
-8.659341
-7.312332
-6.927473
-7.985836
-5.772894
-5.099389
-3.175092
-1.250794
-3.271306
-6.446398
-7.985836
-8.082051
-9.813919
-7.119902
-3.848596
-5.388034
-5.772894
-6.735043
-3.848596
-0.865934
-0.481074
-1.539438
1.154579
3.078877
4.810745
5.195604
5.869109
5.388034
2.790232
1.250794
1.635653
1.828083
3.271306
4.137241
2.405372
6.638828
3.463736
6.157753
5.099389
-1.731868
5.003175
7.312332
5.580464
9.621490
6.350183
4.810745
3.848596
2.597802
2.212943
3.463736
2.886447
2.020513
1.250794
2.309158
3.078877
2.020513
-3.367521
-7.600977
-5.195604
-2.694017
-0.192430
1.828083
2.309158
2.886447
1.058364
-1.443223
0.673504
1.635653
5.388034
6.542613
7.023687
4.906960
0.769719
-3.078877
-4.137241
0.769719
3.463736
5.291819
5.869109
5.676679
6.061538
6.061538
6.542613
4.714530
4.425885
5.003175
6.638828
6.638828
2.790232
3.463736
2.405372
1.635653
1.250794
1.443223
1.828083
0.192430
-0.288645
-0.384860
0.096215
3.175092
3.078877
-2.405372
4.137241
1.635653
0.865934
1.154579
4.425885
8.947985
7.889621
4.041026
1.443223
0.481074
-3.463736
-3.367521
-1.539438
3.559951
9.525275
10.968498
6.446398
4.137241
3.752381
1.635653
1.154579
2.212943
5.676679
7.216117
6.927473
8.082051
7.697192
4.906960
3.175092
4.425885
2.886447
3.463736
2.982662
4.906960
5.099389
8.947985
8.274481
3.559951
2.116728
1.250794
-1.635653
-2.886447
-2.405372
0.673504
-1.443223
-2.501587
-1.731868
-2.212943
0.192430
-1.058364
-3.078877
-5.484249
-5.099389
-4.425885
-4.810745
-6.446398
-5.772894
-2.790232
-2.309158
-0.673504
-0.577289
-2.116728
-2.597802
-3.752381
-5.003175
-8.947985
-6.638828
-3.656166
-3.463736
-2.501587
-5.291819
-2.790232
-4.425885
-5.291819
-6.350183
-2.309158
-1.828083
-0.481074
-3.271306
-2.501587
-1.828083
-0.288645
0.769719
-0.962149
-1.828083
-1.443223
-1.347009
-3.175092
-5.484249
-5.003175
-1.731868
0.192430
-1.635653
-3.367521
-5.772894
-7.312332
-8.563126
-5.869109
-5.676679
-4.810745
-4.714530
-5.388034
-4.618315
-2.405372
-1.731868
-3.463736
-2.501587
-1.828083
-7.312332
-10.679853
-9.525275
-5.003175
0.000000
2.212943
0.769719
-9.717705
-2.212943
-2.982662
-2.694017
-1.828083
-1.924298
0.865934
0.577289
2.405372
4.714530
6.157753
5.676679
2.790232
3.078877
1.828083
2.597802
3.944811
7.312332
8.178266
6.927473
4.906960
4.041026
4.906960
4.618315
5.388034
4.906960
3.271306
3.944811
2.982662
2.116728
-1.058364
-5.965324
-4.714530
-2.886447
-1.539438
-1.154579
-0.192430
-2.501587
-3.848596
-1.731868
-1.731868
0.000000
-0.192430
-2.501587
-5.291819
-4.522100
-6.542613
-2.790232
-2.694017
-2.020513
-0.288645
-0.384860
-3.367521
-0.865934
-2.597802
0.962149
1.924298
1.828083
-1.731868
-3.463736
-5.676679
-1.828083
-1.250794
-1.443223
3.367521
4.906960
4.425885
4.233455
3.559951
3.367521
2.405372
4.810745
6.542613
5.003175
0.096215
-3.848596
-5.195604
-4.041026
-3.078877
-4.233455
-0.962149
1.924298
5.099389
5.291819
2.790232
1.443223
2.405372
5.676679
4.041026
-1.539438
-1.154579
0.096215
0.673504
-0.192430
0.481074
1.924298
2.309158
0.288645
0.384860
1.154579
0.288645
-0.577289
3.463736
7.216117
5.676679
2.309158
0.865934
1.539438
2.597802
3.463736
3.944811
1.250794
1.443223
2.694017
3.271306
5.195604
4.906960
6.927473
8.563126
2.886447
-3.752381
-4.425885
-0.288645
3.752381
6.061538
3.271306
0.000000
-1.443223
-3.559951
-3.463736
2.597802
7.697192
6.831258
5.291819
1.250794
-3.078877
-6.446398
-9.332845
-6.350183
-1.347009
-0.577289
-1.635653
-3.848596
-1.443223
1.539438
-0.865934
-3.559951
-2.020513
-1.924298
-4.041026
-6.350183
-5.580464
-9.236630
-9.621490
-7.408547
-3.463736
-0.865934
-2.020513
-5.099389
-5.772894
-4.137241
-1.539438
-1.635653
2.212943
6.061538
7.023687
4.425885
0.673504
-0.577289
-0.865934
0.865934
2.982662
5.580464
6.253968
4.041026
-1.154579
-2.886447
1.058364
3.367521
1.731868
-0.962149
-0.962149
-0.481074
0.962149
0.577289
-2.212943
-1.924298
-0.096215
-1.539438
-4.906960
-5.965324
-2.212943
2.501587
4.906960
5.965324
6.927473
10.102564
9.429060
7.216117
6.542613
3.559951
1.924298
-1.058364
-3.078877
-2.597802
-1.731868
0.000000
0.577289
2.020513
3.367521
4.714530
2.790232
-0.962149
-2.405372
-5.099389
-4.233455
-4.329670
-1.250794
-2.116728
-1.731868
0.096215
3.175092
2.886447
0.673504
0.865934
1.154579
0.962149
0.000000
-4.233455
-4.906960
-5.580464
-2.020513
1.154579
4.522100
4.714530
2.020513
-1.924298
-0.769719
-0.962149
-1.731868
-0.673504
1.539438
-2.597802
-5.869109
-7.312332
-10.006349
-10.872283
-11.353358
-10.006349
-5.291819
-4.714530
-5.676679
-3.367521
-4.425885
-2.790232
-4.906960
-5.195604
-3.752381
-1.828083
1.250794
0.577289
-3.175092
-1.635653
-0.577289
-2.694017
-1.731868
-0.384860
0.481074
-1.828083
-0.577289
1.828083
1.539438
0.000000
-0.962149
-1.154579
-1.443223
0.962149
0.384860
-2.309158
-2.020513
0.000000
-1.347009
-2.020513
-5.580464
-7.023687
-10.198779
-6.542613
-4.329670
-2.597802
-0.577289
0.384860
5.580464
4.618315
3.175092
3.271306
0.962149
-2.212943
-3.463736
-3.367521
-3.656166
-0.673504
2.501587
7.408547
5.484249
1.828083
2.020513
0.673504
-1.058364
-6.157753
-9.525275
-5.388034
0.000000
3.559951
3.752381
3.367521
4.233455
4.137241
1.443223
1.635653
1.539438
3.175092
2.886447
3.848596
4.425885
4.233455
3.175092
4.425885
4.329670
3.752381
2.982662
-0.865934
0.192430
1.347009
2.886447
2.212943
2.212943
-1.154579
0.962149
2.405372
2.020513
0.192430
-4.618315
-0.384860
-0.192430
2.790232
3.559951
6.735043
8.370696
7.216117
5.965324
3.078877
-0.192430
-8.274481
-10.294994
-9.332845
-7.793407
-1.154579
3.271306
3.078877
5.003175
4.906960
2.116728
1.058364
2.597802
5.772894
9.236630
7.023687
6.253968
7.504762
7.793407
6.542613
4.233455
0.577289
-1.250794
-2.405372
-5.676679
-6.157753
-4.041026
-3.175092
-2.886447
-2.309158
-1.731868
-1.539438
-2.501587
-3.271306
-1.539438
0.481074
1.539438
2.020513
0.962149
0.384860
-0.192430
-1.828083
0.096215
-0.481074
-1.058364
-1.924298
-1.154579
1.250794
-0.096215
-1.539438
-1.058364
2.020513
0.577289
0.865934
-0.673504
-1.924298
1.058364
3.559951
5.772894
7.985836
7.408547
7.023687
6.446398
6.157753
4.233455
2.790232
1.731868
3.078877
2.597802
1.058364
1.347009
1.828083
-1.154579
-4.810745
-5.099389
-3.559951
-5.869109
-5.869109
-3.656166
-3.752381
-2.886447
-2.694017
-3.656166
0.288645
5.484249
5.099389
2.116728
-0.288645
-0.384860
-0.865934
-1.828083
-2.020513
0.962149
0.865934
-1.250794
-0.577289
2.790232
1.347009
-3.175092
-5.003175
-3.367521
-2.694017
-2.694017
-1.443223
-3.656166
-2.790232
-0.769719
-1.058364
0.962149
4.137241
0.577289
-1.347009
-0.481074
0.000000
0.288645
-0.481074
-2.886447
-1.539438
2.020513
4.618315
3.367521
0.769719
0.481074
2.212943
2.116728
1.250794
-0.481074
0.769719
1.635653
1.828083
0.673504
-1.635653
-0.673504
1.731868
6.061538
6.831258
3.367521
1.539438
0.000000
-0.096215
-1.347009
-5.099389
-6.735043
-4.137241
-0.962149
3.848596
3.271306
0.096215
2.212943
4.041026
5.580464
2.309158
-1.058364
1.347009
2.694017
6.542613
4.906960
6.542613
9.236630
10.776068
10.487424
8.082051
7.312332
8.851770
10.102564
10.198779
11.160928
10.487424
11.160928
12.315507
9.429060
6.735043
3.848596
0.096215
-1.250794
-0.288645
1.828083
2.116728
-0.962149
1.635653
1.539438
-0.673504
-2.694017
-5.003175
-6.061538
-4.618315
-4.137241
-3.271306
-2.116728
-0.192430
-0.288645
-0.769719
-2.405372
-2.405372
-4.041026
-3.271306
-4.137241
-4.137241
-2.982662
-3.175092
-3.271306
-2.405372
-1.443223
-2.886447
-6.831258
-4.425885
0.192430
2.694017
3.175092
-6.735043
-0.577289
-5.291819
-7.889621
-3.848596
-0.481074
1.154579
4.425885
1.924298
2.597802
0.096215
-0.481074
-1.731868
-1.731868
-2.501587
-1.347009
-2.886447
-5.580464
-5.484249
-2.405372
-0.577289
0.962149
0.000000
2.020513
2.982662
1.635653
-1.347009
-5.099389
-1.828083
0.769719
2.694017
5.388034
4.041026
1.828083
-0.096215
-2.597802
1.250794
2.405372
2.694017
1.924298
-1.250794
-0.288645
1.154579
6.446398
8.947985
8.851770
6.927473
1.828083
1.443223
1.635653
0.673504
1.250794
5.772894
6.350183
4.425885
4.425885
2.790232
1.443223
-0.865934
-4.329670
-5.484249
-8.563126
-9.140415
-7.119902
-4.329670
-5.580464
-7.889621
-10.391209
-13.758730
-13.085226
-10.198779
-9.236630
-9.044200
-9.236630
-7.697192
-8.082051
-9.621490
-8.755556
-7.889621
-5.772894
-3.463736
-5.676679
-6.350183
-6.446398
-5.291819
-7.889621
-5.676679
-4.233455
-4.233455
-6.253968
-4.906960
-4.714530
-1.828083
0.000000
-0.288645
-4.906960
-7.793407
-8.947985
-10.872283
-7.216117
-3.367521
0.577289
0.000000
-3.559951
-2.020513
-1.731868
-2.212943
-3.848596
-1.828083
0.865934
4.810745
6.927473
3.656166
-0.577289
-3.656166
-3.848596
-5.388034
-7.985836
-8.563126
-8.370696
-5.580464
-1.058364
3.752381
2.982662
0.000000
-3.078877
-4.810745
-3.175092
-0.769719
0.962149
2.597802
1.250794
2.790232
0.481074
5.003175
1.250794
-3.656166
-5.965324
-1.154579
3.656166
6.157753
11.545788
13.085226
9.140415
1.731868
-2.501587
-2.886447
-2.309158
-1.443223
-0.384860
-0.769719
-1.731868
2.212943
3.463736
5.388034
6.157753
7.793407
13.662515
13.277656
10.679853
9.140415
4.137241
-0.481074
-2.116728
0.000000
3.944811
5.676679
7.312332
10.872283
11.160928
5.869109
-0.384860
-6.157753
-4.425885
2.116728
3.367521
1.154579
-1.443223
0.000000
0.481074
-3.944811
-8.563126
-8.947985
-1.347009
0.769719
0.673504
0.192430
-4.041026
-7.216117
-9.236630
-8.947985
-8.274481
-8.755556
-8.178266
-6.927473
-9.044200
-6.638828
-2.405372
1.443223
5.195604
4.522100
0.577289
-4.137241
-5.869109
-9.332845
-8.755556
-6.253968
-0.384860
5.772894
5.003175
1.154579
-1.058364
-0.096215
-0.096215
0.288645
-1.443223
-2.982662
-1.539438
1.924298
6.831258
7.697192
10.102564
3.078877
-1.539438
0.288645
0.673504
3.559951
5.965324
8.466911
3.752381
4.810745
-5.003175
-17.703541
-29.826618
-34.444933
-14.817094
-3.848596
14.239805
15.875458
19.242979
13.662515
12.507937
14.624664
10.776068
9.236630
6.638828
-3.944811
0.577289
4.906960
11.353358
14.432234
14.913309
14.720879
15.586813
11.449573
8.947985
7.312332
13.758730
15.105739
14.336020
13.951160
14.624664
12.123077
14.624664
16.260317
12.219292
3.656166
-0.577289
2.982662
6.542613
11.449573
16.164103
19.820269
23.284005
25.978022
18.569475
8.563126
3.752381
1.828083
-1.539438
-4.618315
-5.484249
-3.175092
0.096215
2.982662
3.367521
0.000000
-4.618315
-8.947985
-9.332845
-13.662515
-9.813919
0.673504
2.790232
-0.192430
-0.769719
-3.078877
-6.638828
-8.563126
-5.195604
-0.481074
1.635653
2.212943
-8.466911
3.271306
0.673504
1.828083
1.924298
1.443223
2.694017
0.865934
3.271306
0.192430
2.020513
1.058364
-2.790232
-7.600977
-5.580464
-1.250794
5.676679
5.869109
-0.096215
1.250794
-5.676679
-7.697192
-2.982662
1.154579
5.291819
7.312332
7.408547
6.157753
3.367521
1.731868
0.000000
2.694017
4.906960
2.790232
-2.405372
-2.309158
-2.597802
1.443223
-0.096215
0.577289
1.924298
-0.288645
0.673504
-0.769719
-2.116728
-1.347009
1.635653
5.580464
9.140415
10.294994
10.872283
5.099389
2.597802
5.388034
8.755556
7.504762
5.869109
4.425885
6.253968
9.332845
13.181441
15.779243
14.817094
9.140415
7.600977
9.140415
7.119902
2.212943
3.463736
3.271306
2.694017
2.982662
-0.481074
-3.463736
1.731868
2.116728
-1.347009
-5.195604
-9.236630
-9.910134
-7.985836
-9.621490
-13.854945
-16.067888
-16.837607
-16.548962
-22.225641
-25.208303
-26.747741
-20.012698
-17.992186
-18.569475
-14.720879
-15.779243
-17.318681
-18.280830
-16.452747
-8.851770
-9.236630
-5.003175
-5.388034
-0.577289
-7.985836
-11.257143
-10.198779
-12.411722
-12.892796
-10.872283
-12.026862
-7.119902
-9.044200
-4.425885
-5.676679
-5.195604
-5.965324
-8.755556
-6.542613
-4.906960
-5.869109
-5.869109
-3.463736
-2.405372
-2.405372
-4.714530
-5.291819
-5.291819
-2.694017
0.962149
-2.694017
-4.233455
-5.099389
-1.539438
-1.443223
-0.192430
0.481074
2.694017
8.370696
12.989011
17.030037
15.875458
12.123077
10.776068
7.697192
3.463736
5.003175
7.600977
8.563126
8.851770
10.583639
11.642002
14.624664
18.473260
20.301343
18.473260
16.645177
13.566300
11.353358
9.140415
9.910134
11.738217
12.123077
8.082051
5.484249
7.216117
8.178266
9.332845
8.178266
8.370696
6.061538
-0.096215
1.154579
1.250794
-1.635653
-3.271306
-0.577289
-0.673504
0.096215
2.405372
-0.577289
-7.023687
-11.064713
-9.813919
-11.738217
-8.659341
-10.006349
-10.487424
-13.951160
-16.260317
-16.837607
-19.146764
-14.817094
-13.566300
-12.219292
-8.082051
-4.810745
-8.563126
-2.694017
-2.694017
3.656166
6.831258
8.178266
-0.481074
-3.656166
-6.542613
-3.367521
0.000000
-2.597802
-0.384860
-3.175092
-5.195604
-7.697192
-3.656166
-7.793407
-5.099389
-1.635653
2.694017
2.405372
0.096215
2.020513
2.020513
-2.116728
-10.872283
-7.985836
-7.216117
-7.119902
0.192430
4.137241
5.195604
3.367521
1.635653
2.982662
2.405372
-2.597802
-4.425885
0.288645
2.405372
4.618315
4.714530
4.906960
5.965324
5.676679
4.810745
5.869109
2.982662
2.886447
4.137241
10.391209
7.697192
3.656166
5.965324
2.501587
4.522100
9.910134
6.446398
6.157753
5.003175
11.449573
-0.865934
7.889621
-1.347009
4.233455
-6.157753
2.597802
9.044200
7.408547
4.425885
5.388034
-8.466911
-3.078877
-9.813919
-1.635653
8.563126
7.216117
8.466911
-6.253968
-3.559951
-2.694017
-11.449573
-9.621490
-7.312332
-8.466911
-4.041026
-6.831258
-10.776068
-13.470085
-6.638828
-7.023687
-5.676679
-8.082051
-4.618315
-2.982662
-8.947985
-13.662515
-12.892796
-6.638828
-6.638828
-8.370696
-6.927473
-9.717705
-7.889621
-10.487424
-13.662515
-15.490598
-11.738217
-15.586813
-10.968498
-6.253968
0.000000
1.443223
-0.481074
0.288645
-0.962149
-6.927473
-8.178266
-6.542613
-6.253968
-5.291819
-7.408547
-1.539438
0.577289
4.041026
5.099389
-1.828083
0.769719
-5.580464
-3.367521
-3.367521
-6.350183
-1.635653
1.250794
-0.384860
2.116728
3.559951
1.250794
2.212943
-1.731868
-8.755556
-6.350183
-6.542613
-0.384860
1.635653
10.968498
10.872283
13.181441
10.294994
9.044200
5.772894
3.656166
1.731868
0.481074
1.828083
6.446398
7.216117
3.656166
4.425885
5.580464
9.813919
14.817094
16.164103
10.583639
8.851770
6.927473
5.291819
4.810745
5.869109
5.003175
4.137241
0.384860
-0.577289
-1.443223
1.635653
0.000000
1.539438
0.000000
-1.635653
-2.790232
-0.673504
-0.865934
-0.577289
2.309158
2.886447
2.790232
2.405372
2.020513
3.559951
5.291819
1.635653
-0.384860
-2.597802
-1.635653
2.694017
4.522100
-0.288645
-2.597802
-5.965324
-7.023687
-2.982662
2.309158
3.944811
2.982662
3.175092
1.443223
3.944811
0.288645
2.501587
6.253968
5.099389
1.539438
-1.058364
-2.020513
0.096215
1.154579
2.886447
5.772894
4.810745
7.600977
9.621490
6.927473
5.388034
5.676679
6.831258
9.236630
10.679853
7.023687
0.769719
0.481074
-0.673504
2.982662
8.466911
13.085226
15.298168
15.683028
12.700366
6.446398
2.212943
-4.714530
-2.694017
-2.597802
0.096215
2.982662
6.446398
9.044200
8.178266
3.463736
-0.769719
-1.347009
1.347009
3.078877
4.522100
6.350183
3.944811
-1.058364
-3.752381
-3.271306
-0.481074
2.886447
0.288645
0.577289
2.886447
4.522100
5.388034
3.175092
0.096215
-4.522100
-8.563126
-7.793407
-1.924298
-9.910134
-4.041026
-3.656166
-6.061538
-7.216117
-9.044200
-9.044200
-8.947985
-7.600977
-0.288645
0.288645
1.731868
0.962149
0.962149
0.481074
-5.388034
-7.600977
-2.501587
0.577289
0.096215
-1.154579
-2.309158
-5.965324
-5.580464
-1.347009
0.481074
1.539438
3.559951
-3.463736
-7.312332
-7.119902
-6.831258
-4.618315
-7.119902
8.178266
13.758730
12.026862
6.446398
-4.714530
-8.947985
-2.309158
-5.676679
-14.432234
-22.225641
-20.108913
-12.700366
2.309158
10.487424
11.738217
3.175092
-4.618315
-6.446398
-8.082051
-6.638828
-5.676679
-7.504762
-6.061538
-7.504762
-1.635653
-1.058364
-4.714530
-7.312332
-8.274481
-9.813919
-10.583639
-8.178266
-3.367521
-0.577289
-2.886447
-1.058364
2.116728
2.405372
-5.003175
-8.370696
-12.219292
-20.493773
-8.466911
-3.559951
-0.288645
-1.635653
-3.463736
-7.119902
-8.851770
-7.312332
-8.659341
-9.813919
-5.869109
-4.329670
-7.793407
-6.253968
-2.694017
-1.924298
-2.116728
-4.041026
-5.388034
-6.446398
-6.927473
-9.140415
-8.563126
-6.157753
-2.020513
-0.769719
2.790232
3.848596
3.944811
-0.481074
-3.752381
-6.350183
-3.463736
-2.405372
1.635653
4.233455
5.869109
1.828083
-7.119902
-8.851770
-2.886447
-0.096215
-0.865934
5.869109
7.119902
4.233455
-2.405372
-6.350183
-6.638828
-1.924298
3.752381
6.061538
9.429060
6.927473
1.347009
-1.924298
-2.116728
-0.481074
-1.250794
-0.962149
0.673504
0.000000
-0.481074
-6.061538
-1.924298
3.752381
8.851770
11.160928
10.776068
9.525275
6.350183
2.597802
-0.769719
-0.865934
6.061538
7.023687
1.539438
-7.023687
-11.064713
-11.642002
-4.522100
-0.384860
5.388034
5.580464
0.481074
-3.752381
-8.370696
-9.525275
-0.962149
8.563126
9.525275
10.583639
7.023687
4.233455
0.192430
-3.848596
-8.178266
-10.006349
-4.522100
5.965324
15.779243
18.858120
13.566300
3.656166
-2.886447
-2.886447
-2.020513
-4.618315
-5.580464
-6.253968
-5.291819
-3.656166
-1.539438
-6.061538
-4.233455
5.003175
10.102564
11.834432
11.449573
8.659341
8.082051
7.408547
9.525275
12.507937
7.889621
4.233455
2.116728
1.539438
3.175092
-0.865934
-1.058364
0.865934
7.504762
11.642002
11.160928
10.583639
7.697192
6.638828
6.542613
3.367521
3.078877
1.347009
2.116728
2.982662
5.003175
9.813919
11.449573
12.315507
11.353358
10.776068
8.659341
6.638828
6.061538
0.288645
-2.694017
-7.119902
2.982662
3.175092
1.731868
2.020513
-0.096215
-0.384860
0.865934
5.772894
6.157753
7.985836
6.253968
5.869109
2.886447
2.790232
3.656166
2.982662
1.828083
-3.463736
-7.504762
-8.274481
-4.714530
2.020513
3.559951
1.635653
-0.384860
-3.848596
-4.041026
-4.906960
-1.539438
0.769719
0.481074
-0.481074
-2.694017
2.309158
4.233455
3.656166
-5.484249
-6.735043
1.539438
5.388034
6.735043
6.061538
2.886447
-3.463736
-8.755556
-9.236630
-2.212943
6.350183
0.000000
7.889621
5.003175
5.676679
6.446398
5.484249
1.924298
-4.329670
-7.119902
-4.137241
1.539438
2.309158
2.886447
2.790232
1.154579
-0.769719
-2.597802
-2.597802
-0.673504
0.481074
