2.405372
2.212943
0.384860
1.250794
1.154579
1.828083
2.982662
3.078877
2.501587
0.384860
-0.865934
-0.673504
-1.250794
-0.769719
0.000000
1.154579
2.501587
4.906960
5.291819
5.676679
2.405372
-2.982662
-5.580464
-4.137241
-0.865934
2.501587
2.501587
1.347009
-3.078877
-6.927473
-7.216117
-4.041026
1.635653
3.944811
0.288645
-0.384860
-0.865934
-0.577289
0.384860
-1.828083
-3.656166
-7.408547
-9.140415
-7.504762
-3.559951
-2.405372
-2.597802
-1.347009
2.309158
2.694017
-1.924298
-4.041026
-4.522100
-0.865934
1.250794
5.580464
4.714530
4.041026
0.096215
-0.096215
3.752381
2.694017
2.212943
3.752381
4.618315
4.425885
5.388034
5.580464
3.752381
2.790232
3.175092
3.559951
4.906960
3.752381
3.367521
3.463736
6.542613
9.236630
8.274481
4.810745
4.810745
3.656166
3.367521
2.597802
7.312332
5.484249
4.137241
2.694017
0.865934
1.058364
0.865934
3.463736
4.906960
5.003175
6.350183
8.178266
6.253968
3.175092
4.618315
6.638828
7.504762
7.985836
7.216117
4.714530
2.309158
3.175092
5.099389
7.216117
5.388034
3.848596
1.828083
-0.481074
0.288645
0.096215
-9.044200
1.924298
1.154579
-0.384860
-0.096215
0.962149
0.865934
-0.577289
-0.288645
-1.828083
-1.154579
-0.288645
3.463736
2.405372
0.769719
1.250794
1.635653
2.597802
2.212943
-0.192430
-2.116728
-3.271306
-3.463736
-1.731868
0.192430
1.924298
-0.288645
-2.020513
-5.869109
-9.236630
-7.793407
-2.212943
-1.058364
-3.463736
-2.309158
-3.367521
-6.157753
-5.772894
-2.116728
0.865934
-0.096215
-3.271306
-4.425885
-2.886447
-2.116728
0.577289
3.175092
2.597802
1.250794
0.384860
1.058364
-1.250794
-3.848596
-4.041026
-3.944811
-2.982662
-1.731868
-1.924298
-5.580464
-5.291819
-1.154579
0.288645
1.443223
-0.481074
-3.752381
-3.463736
0.192430
1.443223
2.886447
1.443223
5.869109
6.638828
6.061538
4.714530
3.848596
0.769719
-0.192430
2.501587
6.542613
8.178266
7.504762
4.425885
-0.769719
-3.271306
-0.192430
0.769719
3.559951
1.635653
-0.673504
-2.886447
-1.058364
2.309158
0.962149
0.096215
1.154579
1.250794
1.443223
-2.309158
-7.408547
-8.082051
-5.099389
0.577289
5.003175
-1.443223
-8.274481
-6.638828
-3.559951
0.000000
3.463736
4.810745
6.638828
1.828083
-3.752381
-2.020513
2.309158
5.676679
4.329670
0.000000
-2.886447
-2.212943
0.577289
4.618315
8.466911
10.294994
5.291819
-9.717705
-4.137241
-4.906960
-4.810745
-6.253968
-5.003175
-4.233455
-3.271306
-2.501587
-0.962149
1.154579
2.309158
-0.481074
-4.233455
-2.212943
-1.154579
-0.962149
-3.175092
-5.484249
-4.810745
-2.020513
1.828083
3.656166
0.962149
-1.828083
-0.481074
1.731868
4.522100
4.233455
-3.463736
-12.796581
-12.219292
-7.504762
-1.539438
3.463736
4.810745
1.058364
-1.058364
-0.481074
3.848596
4.137241
3.271306
-0.096215
1.924298
3.848596
6.735043
7.023687
6.061538
3.559951
0.865934
0.962149
2.309158
2.405372
0.481074
2.212943
4.810745
4.810745
5.388034
5.195604
5.195604
2.501587
1.250794
1.443223
0.000000
1.828083
2.116728
1.058364
1.731868
3.848596
3.944811
2.886447
1.924298
1.924298
2.886447
4.906960
4.425885
2.020513
-0.673504
-0.096215
-1.250794
-3.271306
1.058364
-2.020513
-3.271306
-2.597802
-2.694017
-0.962149
-0.577289
-2.405372
-3.848596
-1.828083
-0.962149
-2.597802
-2.790232
-2.886447
-1.731868
2.116728
3.944811
1.828083
-0.192430
-4.137241
-1.539438
-1.347009
-2.501587
-2.020513
-1.731868
-0.577289
0.288645
-0.192430
-4.041026
-4.425885
-3.078877
-4.522100
-3.078877
0.577289
0.384860
0.192430
1.058364
-0.865934
-1.731868
-0.769719
-0.288645
-0.384860
-1.250794
-1.731868
-2.020513
-5.965324
-3.656166
-6.446398
-6.927473
-7.889621
-5.869109
-5.580464
-6.638828
-5.580464
-5.388034
-1.924298
-1.347009
-1.635653
-3.848596
-4.329670
-3.559951
-0.769719
0.865934
4.329670
3.271306
1.731868
2.405372
3.656166
4.425885
-3.559951
2.982662
2.020513
2.020513
1.731868
0.673504
0.384860
1.828083
2.405372
3.271306
3.559951
5.003175
3.078877
0.481074
-1.058364
1.828083
2.694017
2.982662
3.656166
0.673504
-1.443223
-0.288645
-1.539438
-1.443223
-0.192430
-0.481074
0.192430
-1.154579
-3.848596
-5.099389
-5.099389
-2.212943
0.481074
-0.769719
-4.810745
-5.965324
-5.388034
-1.828083
-1.828083
-0.577289
-0.865934
-5.676679
-5.291819
-4.810745
-6.253968
-3.175092
2.886447
2.501587
1.347009
-2.212943
-0.384860
-0.673504
-0.769719
0.192430
-2.694017
-5.965324
-7.504762
-6.157753
-3.271306
-4.233455
-3.175092
-5.676679
-9.332845
-7.600977
-1.828083
-1.154579
-3.463736
-5.003175
-4.618315
-6.061538
-4.329670
-5.195604
-3.848596
-1.347009
-1.539438
-3.559951
-4.233455
-4.425885
-5.484249
-6.542613
-8.563126
-8.755556
-5.003175
-3.078877
-3.944811
-5.291819
-7.312332
-6.735043
-2.886447
0.577289
0.192430
-0.577289
-6.446398
-5.869109
-2.597802
-2.020513
-3.944811
-4.906960
-5.869109
-2.790232
0.481074
1.635653
3.656166
5.676679
6.350183
3.367521
-0.481074
-5.965324
-10.391209
-13.181441
-10.294994
-0.192430
2.597802
4.329670
4.233455
1.635653
-2.212943
-6.735043
-7.504762
-3.271306
-0.481074
1.539438
4.329670
-4.522100
1.443223
-1.731868
-6.446398
-9.332845
-7.504762
-1.058364
1.443223
3.078877
4.137241
5.003175
2.597802
0.192430
-3.559951
-2.020513
0.192430
1.154579
4.522100
6.061538
4.810745
3.175092
5.869109
6.061538
6.253968
6.061538
4.425885
5.580464
6.253968
5.772894
4.041026
3.559951
2.501587
1.731868
2.020513
0.769719
2.116728
2.694017
3.559951
4.041026
-1.347009
-1.635653
0.000000
2.309158
0.673504
-1.731868
-2.501587
-2.694017
-0.384860
3.367521
4.522100
7.023687
3.656166
0.673504
-1.828083
-3.752381
-4.137241
-3.463736
-2.116728
0.384860
-1.154579
-4.041026
-4.810745
-4.329670
-3.463736
-0.769719
0.865934
0.673504
-0.577289
-0.577289
-0.577289
0.192430
2.694017
4.618315
5.580464
5.676679
5.195604
4.714530
5.388034
6.061538
5.772894
5.965324
5.003175
5.003175
4.041026
4.233455
5.003175
2.982662
1.635653
3.656166
3.656166
7.985836
7.023687
5.195604
0.384860
-1.154579
2.501587
4.425885
2.405372
-0.096215
0.000000
0.769719
-1.347009
1.250794
3.559951
2.597802
1.539438
2.309158
1.828083
0.000000
1.058364
1.058364
-0.962149
-0.096215
0.288645
0.769719
1.924298
2.212943
2.790232
2.309158
2.116728
2.405372
1.443223
3.848596
6.253968
6.542613
5.195604
2.790232
2.790232
1.924298
3.175092
6.350183
4.906960
5.388034
3.752381
3.559951
6.542613
7.023687
6.157753
3.367521
3.656166
-0.769719
-2.309158
0.481074
2.020513
5.099389
6.350183
2.501587
7.312332
7.408547
7.504762
4.714530
3.175092
0.962149
2.212943
4.522100
5.772894
9.332845
6.446398
4.714530
-1.250794
-2.116728
-2.790232
-0.288645
0.096215
-0.192430
0.384860
2.790232
4.522100
-0.673504
3.175092
-1.250794
-0.577289
5.484249
6.061538
5.965324
5.965324
5.484249
4.233455
3.848596
4.329670
1.443223
2.309158
0.288645
-2.116728
-0.096215
1.443223
2.116728
0.000000
-2.982662
-1.347009
-0.673504
1.635653
3.078877
2.982662
3.559951
2.309158
0.192430
-0.096215
0.865934
0.096215
-0.577289
-2.116728
0.096215
3.078877
3.271306
1.731868
0.288645
0.769719
-0.962149
-0.192430
-1.154579
-0.962149
-1.924298
-3.559951
-3.559951
-2.212943
-1.347009
0.384860
1.731868
2.790232
3.078877
4.618315
3.271306
5.772894
3.175092
3.367521
1.347009
3.848596
3.367521
2.694017
2.212943
-1.347009
-2.309158
0.962149
3.175092
1.635653
0.384860
-1.154579
-0.481074
4.810745
5.772894
6.061538
5.772894
7.408547
3.656166
-6.927473
-3.078877
-3.944811
-6.446398
-10.391209
-10.679853
-9.621490
-10.776068
-10.968498
-12.123077
-11.064713
-11.834432
-10.198779
-9.717705
-13.758730
-8.755556
-8.563126
-7.216117
-5.099389
-7.408547
-7.697192
-8.947985
-7.312332
-4.522100
-9.525275
5.580464
10.006349
-7.216117
-1.539438
0.000000
6.542613
-1.635653
-5.099389
9.332845
-9.429060
1.924298
0.288645
0.384860
2.116728
1.828083
-0.192430
-4.906960
-7.600977
-3.367521
-2.405372
-1.154579
-3.078877
-2.982662
-3.944811
-7.119902
-7.023687
-3.559951
-2.597802
-2.597802
-11.930647
-3.078877
-1.250794
-0.384860
-1.539438
-1.443223
-1.250794
-5.003175
-6.542613
-5.003175
-3.752381
-2.694017
-7.504762
-8.947985
-7.312332
-5.291819
-1.924298
-0.673504
-1.347009
-2.405372
-1.539438
-2.309158
-3.559951
-7.408547
-6.350183
-8.274481
-6.927473
-10.294994
-13.662515
-14.913309
-14.913309
-11.642002
-8.851770
-8.659341
-9.717705
-14.432234
-10.006349
-8.755556
-7.504762
-6.061538
-2.982662
0.192430
6.157753
7.119902
5.388034
5.580464
0.481074
1.154579
1.924298
3.848596
7.600977
4.714530
5.291819
6.061538
8.466911
7.793407
7.600977
4.522100
2.597802
0.865934
1.250794
4.906960
5.676679
5.003175
3.752381
-1.058364
0.481074
2.790232
4.329670
13.662515
11.930647
14.720879
6.542613
7.408547
2.116728
2.982662
1.443223
-1.924298
-0.673504
1.058364
0.192430
8.370696
4.329670
4.522100
-0.577289
4.425885
0.192430
3.944811
3.752381
1.250794
1.635653
2.309158
3.367521
1.828083
1.250794
1.539438
2.020513
0.577289
3.559951
0.673504
6.157753
-6.927473
10.776068
7.889621
6.446398
6.831258
4.714530
1.635653
8.178266
5.676679
3.752381
-1.058364
2.790232
4.329670
1.924298
6.350183
3.078877
0.481074
8.466911
5.099389
5.099389
-1.828083
1.250794
-7.408547
2.982662
2.020513
-3.078877
0.673504
-5.484249
1.443223
2.982662
2.886447
2.212943
-2.405372
0.962149
0.288645
-0.769719
-1.443223
-6.061538
-6.735043
-1.347009
-2.790232
0.577289
7.312332
1.635653
-1.731868
1.828083
1.828083
10.583639
7.697192
5.484249
5.772894
4.041026
2.886447
4.810745
5.099389
8.082051
-0.384860
9.044200
1.635653
9.429060
4.714530
8.466911
8.274481
2.694017
6.446398
3.078877
5.484249
1.731868
-1.635653
3.271306
2.790232
3.848596
1.443223
-1.154579
-4.329670
1.443223
2.790232
1.924298
5.388034
2.597802
0.577289
-0.192430
-0.096215
-2.694017
-7.216117
-2.790232
-4.041026
-3.463736
0.288645
2.694017
-4.233455
-4.041026
-6.735043
-3.752381
-0.096215
-1.731868
-1.250794
1.058364
1.347009
0.769719
3.944811
3.752381
1.443223
-1.443223
-7.312332
2.405372
-1.058364
1.154579
-3.271306
-2.501587
0.865934
-5.388034
-4.906960
-5.869109
-8.178266
-5.195604
1.828083
-3.944811
0.962149
-3.367521
0.673504
-3.078877
1.250794
-2.116728
2.212943
1.058364
-0.769719
3.559951
5.772894
3.078877
0.096215
1.250794
-2.405372
-4.906960
-2.309158
2.405372
6.638828
4.425885
8.755556
5.772894
7.985836
1.347009
9.236630
4.810745
5.003175
8.274481
3.271306
10.679853
8.563126
15.971673
8.659341
2.982662
6.735043
13.277656
9.429060
6.350183
7.023687
5.772894
8.659341
4.522100
4.233455
10.487424
2.116728
7.023687
3.848596
4.906960
4.329670
-2.886447
3.656166
2.886447
5.099389
1.154579
0.000000
3.463736
3.463736
4.041026
0.192430
5.869109
-1.058364
2.020513
1.443223
0.577289
5.291819
-1.250794
-1.828083
-1.731868
-4.810745
-0.384860
-0.769719
0.384860
-0.769719
-1.443223
0.962149
-1.539438
-2.694017
3.271306
-5.003175
-6.638828
-2.020513
-0.384860
-0.288645
3.367521
1.250794
4.425885
-2.405372
-6.927473
-12.411722
-2.212943
-4.618315
-3.175092
3.559951
3.463736
0.000000
-3.367521
3.848596
1.924298
-1.154579
-2.020513
3.463736
5.388034
3.559951
2.597802
0.384860
-4.618315
-0.673504
-0.673504
-7.600977
-0.481074
-3.175092
6.735043
-1.154579
0.000000
-5.580464
-2.405372
-1.250794
-8.082051
-0.865934
0.000000
-0.192430
-0.096215
-5.484249
-0.192430
-0.577289
2.405372
2.116728
-0.384860
1.443223
-1.443223
-5.484249
2.309158
7.793407
4.714530
3.463736
3.078877
-1.635653
-3.367521
-2.020513
-0.384860
-1.539438
1.154579
1.058364
5.965324
0.962149
-2.597802
-9.044200
-1.539438
4.233455
5.099389
5.099389
-2.694017
-2.405372
1.731868
4.233455
7.889621
1.154579
-2.212943
-2.212943
-3.752381
0.288645
2.694017
-1.924298
-2.116728
-2.212943
-4.137241
-6.253968
-3.078877
-4.810745
-3.848596
-4.041026
-5.291819
-3.752381
-5.099389
-7.504762
-6.061538
-6.157753
-5.388034
-4.810745
-4.137241
-4.233455
-6.253968
-4.906960
-4.041026
-6.831258
-7.793407
-7.600977
-6.638828
-3.271306
-1.443223
-3.175092
-7.023687
-4.233455
-1.924298
-1.828083
-4.041026
-6.542613
-5.099389
-6.253968
-5.772894
-5.772894
-5.965324
-5.965324
-6.542613
-3.848596
-2.212943
0.288645
-1.250794
-2.982662
-6.350183
-5.003175
-4.137241
-3.463736
-4.137241
-5.580464
-5.003175
-4.233455
0.096215
2.116728
3.175092
1.924298
-0.673504
-1.635653
-0.481074
-0.769719
-1.154579
-0.769719
-2.309158
-3.463736
-5.676679
-8.466911
-8.755556
-7.119902
-5.388034
-4.233455
-7.889621
-8.659341
-4.618315
-2.694017
-0.962149
-4.522100
-6.253968
-3.848596
-3.848596
-2.212943
-2.405372
1.539438
2.982662
2.597802
0.192430
-1.731868
-2.116728
-2.694017
-4.522100
-2.886447
3.175092
10.487424
8.563126
7.119902
2.405372
-0.577289
-2.309158
1.443223
-0.577289
-0.865934
-1.154579
-0.481074
0.577289
2.694017
4.618315
3.271306
4.233455
-0.962149
-4.522100
-4.137241
-2.212943
-2.020513
-0.673504
-1.250794
-2.790232
-2.982662
-0.096215
0.096215
-1.539438
-5.291819
-5.869109
-4.714530
-2.405372
-2.501587
-2.790232
-2.790232
-2.982662
-1.443223
-1.250794
-1.828083
-3.271306
-3.463736
-0.962149
0.673504
0.288645
0.673504
-1.058364
-2.309158
-2.020513
1.250794
1.635653
0.288645
-0.481074
-1.058364
-2.020513
-2.501587
-2.790232
-3.656166
-5.099389
-7.216117
-9.429060
-4.329670
-1.731868
-0.865934
0.192430
-0.673504
1.635653
2.501587
-0.577289
-2.886447
-2.501587
-1.347009
-1.250794
0.865934
0.769719
1.731868
0.481074
-1.924298
0.000000
1.347009
0.673504
-1.250794
-0.096215
-0.769719
-0.769719
3.367521
4.041026
4.522100
3.367521
-3.175092
-6.061538
-6.157753
-5.291819
-8.563126
-6.638828
-5.676679
-5.291819
-5.099389
-4.233455
-3.078877
-4.906960
-3.944811
-0.096215
1.635653
1.828083
1.731868
0.384860
0.000000
4.906960
6.061538
4.618315
3.078877
4.714530
1.828083
-2.020513
-3.367521
-0.769719
6.446398
7.793407
5.388034
-1.828083
1.443223
0.384860
-1.443223
2.982662
6.638828
5.291819
5.484249
3.175092
0.577289
-2.694017
-4.618315
-6.927473
-5.869109
-6.253968
-3.944811
0.865934
2.116728
0.769719
-0.769719
2.116728
1.828083
0.096215
-4.329670
-7.793407
-7.889621
-2.790232
-2.020513
-2.501587
-3.848596
-4.041026
-4.810745
-5.388034
0.096215
4.618315
4.714530
4.425885
2.597802
2.212943
4.906960
3.367521
1.731868
1.924298
-1.539438
-3.752381
-2.309158
-1.443223
1.443223
2.405372
2.982662
3.078877
2.694017
4.233455
2.982662
1.058364
-3.944811
-5.291819
-2.886447
-0.192430
-0.096215
-3.463736
-3.078877
0.962149
1.635653
0.384860
1.154579
-0.384860
-1.828083
-3.271306
-2.212943
-1.154579
-0.481074
3.656166
5.869109
5.580464
4.137241
3.175092
2.212943
0.865934
1.443223
2.309158
3.367521
4.425885
2.212943
0.577289
2.405372
3.656166
2.212943
-1.731868
-1.250794
3.175092
5.099389
4.810745
4.137241
2.982662
5.099389
3.559951
1.731868
0.865934
4.041026
6.735043
5.099389
1.828083
3.944811
5.676679
3.463736
0.865934
-3.656166
-3.463736
0.865934
1.347009
2.597802
1.347009
1.154579
1.443223
2.212943
0.865934
0.384860
0.673504
2.597802
2.116728
-0.192430
-0.096215
1.058364
0.000000
0.865934
2.501587
2.309158
2.020513
1.154579
-0.192430
1.635653
2.309158
3.367521
3.463736
-0.481074
-2.982662
-1.443223
-2.405372
0.481074
-2.886447
-4.041026
-3.078877
-1.635653
-2.501587
-0.384860
0.000000
2.405372
-5.869109
1.924298
1.539438
-1.058364
-2.309158
-3.752381
0.865934
3.752381
0.384860
0.865934
3.271306
5.291819
3.848596
1.443223
1.924298
3.559951
1.347009
7.600977
2.790232
5.580464
5.003175
10.006349
2.116728
-2.116728
-5.676679
-1.635653
1.828083
2.501587
5.772894
3.271306
-1.058364
0.577289
-0.577289
6.061538
3.271306
5.580464
2.212943
3.175092
7.600977
4.233455
6.542613
5.965324
5.965324
1.828083
8.178266
7.023687
-3.175092
9.813919
6.061538
8.466911
14.624664
11.738217
11.257143
13.758730
9.044200
7.889621
3.944811
4.137241
10.198779
9.236630
6.350183
10.872283
12.700366
8.659341
8.563126
7.504762
10.102564
7.600977
8.947985
8.274481
3.656166
4.714530
2.982662
6.350183
7.889621
7.504762
5.676679
4.810745
3.463736
6.061538
7.216117
0.096215
-0.096215
1.154579
3.944811
3.271306
-1.250794
1.828083
3.463736
1.058364
2.694017
1.731868
4.714530
1.347009
0.384860
2.597802
-7.312332
1.154579
0.384860
-1.828083
-2.212943
-2.020513
-0.384860
-0.481074
-1.154579
-3.078877
0.288645
-1.731868
0.962149
5.580464
5.869109
5.580464
0.962149
4.329670
0.769719
-1.347009
-1.154579
-3.944811
2.309158
0.865934
2.501587
6.542613
3.271306
1.635653
4.425885
4.906960
2.405372
-2.501587
-5.869109
1.828083
-1.154579
-1.154579
2.886447
-2.501587
0.481074
-3.656166
-6.446398
-3.367521
-0.192430
-7.793407
0.096215
1.731868
-2.020513
-6.157753
-2.309158
-6.638828
-4.425885
-4.522100
-4.233455
-4.425885
-7.408547
-8.274481
-8.082051
-11.642002
-10.198779
-11.353358
-7.600977
-10.198779
-11.353358
-6.061538
-6.638828
-8.370696
-10.198779
-10.968498
-12.123077
-15.009524
-13.470085
-9.332845
-10.679853
-7.119902
-18.473260
-10.198779
-8.851770
-8.178266
-8.563126
-8.563126
-7.697192
-8.755556
-7.889621
-3.848596
-5.965324
-5.388034
-1.539438
-8.563126
-6.927473
-8.947985
-13.181441
-9.621490
-6.831258
-6.735043
-6.061538
-2.501587
-5.965324
-0.962149
0.000000
-3.559951
-2.501587
-4.618315
1.250794
1.058364
0.865934
1.443223
0.962149
1.924298
-0.673504
0.673504
-1.924298
0.192430
-1.539438
-5.772894
-0.962149
0.962149
1.731868
-0.673504
-0.192430
-1.443223
-1.347009
-0.481074
2.405372
3.078877
7.600977
5.291819
7.985836
0.000000
4.714530
5.388034
4.329670
2.886447
1.539438
2.405372
2.886447
6.061538
5.580464
8.851770
11.834432
8.466911
11.834432
6.350183
2.597802
4.329670
5.195604
6.735043
4.810745
2.309158
2.116728
1.443223
2.501587
-0.288645
-1.539438
-3.752381
-3.367521
-2.501587
-2.212943
1.058364
0.481074
1.539438
-0.288645
1.347009
3.367521
2.405372
1.828083
2.886447
2.694017
-1.731868
2.020513
6.831258
3.848596
6.542613
8.274481
4.425885
3.271306
3.078877
3.848596
0.962149
1.539438
4.714530
8.851770
11.064713
8.755556
7.985836
4.041026
4.329670
4.233455
6.350183
6.638828
11.160928
10.391209
12.123077
8.178266
7.697192
4.425885
2.694017
2.405372
-1.154579
0.000000
1.539438
1.635653
2.212943
3.559951
3.752381
3.559951
2.212943
2.405372
0.577289
1.635653
-0.096215
0.096215
2.886447
4.522100
5.484249
6.735043
7.600977
6.253968
4.233455
1.347009
2.116728
-1.154579
0.481074
2.309158
4.714530
5.676679
1.443223
-0.962149
-3.559951
-2.405372
-4.618315
-5.291819
-8.466911
-6.927473
-5.099389
-2.694017
-3.752381
-4.137241
-4.233455
-2.501587
0.192430
-3.175092
-6.735043
-5.676679
-5.388034
-1.828083
-6.542613
0.288645
-5.195604
-5.869109
-5.003175
-5.291819
-7.985836
-8.563126
-9.236630
-1.443223
-0.096215
4.137241
1.058364
1.058364
5.388034
-5.388034
-7.600977
-2.597802
3.367521
0.769719
2.982662
-0.865934
0.192430
-1.347009
-8.563126
-3.752381
-5.003175
-12.411722
-5.580464
-0.962149
0.481074
0.000000
3.271306
0.384860
-0.962149
-8.755556
-9.813919
-5.195604
-9.717705
-6.638828
-6.831258
-6.542613
-6.253968
-10.679853
1.539438
-8.466911
-8.851770
-9.044200
-15.971673
-13.181441
-8.082051
-9.044200
-8.370696
-7.023687
-7.793407
-12.219292
-10.968498
-9.813919
-5.869109
-5.965324
-8.274481
-10.872283
-5.676679
-1.828083
-0.577289
-0.288645
-2.212943
-5.291819
-8.659341
-6.542613
-10.872283
-9.236630
-7.697192
-4.810745
0.384860
3.367521
3.944811
-0.384860
-1.924298
-3.559951
-3.656166
-3.463736
-5.869109
-5.388034
-3.656166
-1.347009
2.405372
3.078877
0.096215
-0.384860
-1.347009
-2.886447
-3.271306
0.673504
2.501587
5.003175
8.274481
10.583639
9.910134
5.772894
-0.192430
-0.481074
0.962149
2.982662
0.000000
-2.309158
