5.010989
5.753358
5.382173
5.660562
3.990232
1.299145
-2.227106
-2.876679
-0.835165
-6.774115
-7.052503
-3.619048
-2.134310
-6.866911
-7.423687
-6.310134
-3.433455
-6.681319
-8.444444
-7.423687
-9.650794
-9.094017
-10.578755
-8.444444
-6.866911
-5.567766
-5.938950
-2.412698
-2.783883
-2.969475
-4.268620
-1.299145
-0.649573
-6.402930
-8.815629
-8.722833
-6.959707
-6.495726
-3.433455
-0.556777
-0.278388
-1.577534
-2.505495
-4.454212
-3.155067
1.670330
3.155067
0.835165
0.649573
-0.742369
0.649573
0.092796
2.505495
3.526252
1.484737
-1.299145
-5.103785
-5.010989
-6.124542
-6.495726
-5.196581
-3.433455
-1.020757
4.732601
9.743590
10.764347
8.722833
4.083028
-3.247863
-4.175824
-3.619048
-6.495726
-4.268620
-2.505495
-0.092796
3.340659
4.825397
5.196581
4.547009
0.927961
0.278388
0.649573
4.918193
6.959707
9.094017
6.217338
5.474969
7.887668
8.351648
5.010989
4.639805
2.319902
-0.185592
-0.463980
0.185592
-0.371184
-1.206349
0.463980
-0.371184
-0.556777
-3.062271
-5.753358
-4.639805
-3.619048
-1.855922
-1.577534
3.619048
4.175824
0.185592
-4.175824
-5.103785
-1.113553
-0.835165
-2.412698
-5.289377
-9.001221
-5.846154
-1.948718
1.206349
2.227106
4.175824
0.649573
-1.484737
-4.639805
-3.897436
1.577534
4.639805
4.825397
4.732601
4.825397
3.062271
-0.278388
-1.948718
-2.876679
-6.031746
-4.732601
-1.391941
1.020757
1.577534
0.000000
-3.062271
-3.619048
-1.391941
-2.319902
-5.660562
-8.815629
-8.351648
-6.495726
-1.763126
4.083028
4.361416
1.206349
-4.268620
-8.073260
-6.681319
-4.268620
-3.526252
-5.103785
-5.103785
-4.639805
-7.609280
-8.444444
-7.516484
-7.702076
-3.433455
0.649573
-1.484737
-0.278388
-1.113553
-2.598291
-3.062271
-2.041514
0.927961
2.319902
0.000000
0.927961
0.927961
-2.505495
-3.340659
-4.918193
-2.876679
-3.619048
-2.412698
-2.319902
-3.804640
-1.855922
2.876679
1.391941
1.113553
2.412698
1.484737
-1.113553
-3.155067
-7.516484
-6.588523
-8.073260
-8.351648
-7.794872
-8.630037
-8.815629
-8.073260
-6.031746
-8.166056
-10.207570
-9.836386
-8.258852
-7.794872
-3.897436
-3.619048
-1.763126
-0.278388
-3.526252
-9.372405
-10.485958
-8.722833
-7.794872
-5.103785
-2.041514
2.598291
5.660562
7.238095
2.969475
-1.763126
-6.774115
-6.681319
-6.681319
-7.609280
-7.423687
-6.588523
-1.763126
3.340659
5.938950
5.289377
-1.206349
-5.753358
-3.433455
-1.670330
-4.918193
-4.732601
-1.113553
5.196581
4.175824
0.927961
-3.247863
-7.609280
-6.217338
-7.238095
-2.783883
5.938950
11.970696
11.599512
8.444444
8.537241
8.444444
4.454212
-1.113553
-4.639805
-0.371184
6.217338
8.166056
6.681319
6.866911
3.526252
4.825397
2.691087
0.000000
0.000000
0.463980
1.113553
3.155067
6.588523
7.702076
12.063492
12.805861
8.630037
6.495726
4.175824
2.505495
4.361416
6.310134
3.526252
1.020757
0.556777
5.382173
8.166056
6.588523
3.062271
2.969475
2.691087
-1.577534
-7.145299
-7.609280
1.670330
7.330891
4.825397
3.433455
2.598291
2.505495
5.567766
3.155067
-0.371184
-2.227106
-5.846154
-6.681319
-6.959707
-5.103785
-2.041514
1.577534
3.433455
2.505495
1.670330
1.484737
1.577534
-1.670330
-5.010989
-6.681319
-6.310134
-2.412698
-0.556777
-2.876679
-3.526252
-2.227106
0.371184
2.227106
0.185592
-0.927961
-3.340659
-6.124542
-5.289377
-5.289377
-5.103785
-4.361416
-0.371184
0.835165
2.227106
-0.835165
-4.175824
-4.175824
-6.217338
-7.052503
-8.630037
-4.175824
-0.835165
1.484737
1.391941
0.463980
0.092796
-1.855922
-1.948718
-2.969475
-5.010989
-6.588523
-7.609280
-8.537241
-8.073260
-6.774115
-2.598291
-0.556777
1.113553
-1.484737
-5.938950
-8.815629
-7.238095
-2.783883
1.206349
-0.092796
-2.598291
0.927961
1.299145
0.927961
1.948718
-2.598291
-4.361416
-2.969475
0.000000
1.206349
1.299145
1.391941
-0.092796
-2.041514
0.835165
-2.412698
-1.206349
-3.526252
-8.630037
-6.495726
-2.876679
2.412698
2.319902
0.463980
0.463980
-2.876679
-1.484737
-0.185592
-3.711844
-7.052503
-6.402930
-3.062271
-2.598291
-0.927961
1.299145
3.711844
1.670330
-2.134310
-2.598291
-3.340659
-0.742369
0.185592
-0.927961
2.969475
-2.319902
-1.577534
-0.278388
0.371184
-2.969475
-4.083028
-2.598291
-0.092796
3.619048
5.103785
2.783883
0.742369
-0.185592
1.948718
0.463980
-3.062271
-5.010989
-6.495726
-3.804640
-2.969475
-0.371184
0.278388
2.319902
2.134310
-2.041514
-4.268620
-2.598291
-1.763126
-0.371184
-1.020757
-3.340659
-1.299145
0.092796
0.742369
-0.556777
-0.742369
-0.278388
-3.062271
-4.639805
-3.897436
-2.227106
-3.155067
-3.247863
-4.268620
-3.526252
-0.556777
1.670330
3.619048
3.340659
0.463980
-2.134310
-0.092796
-0.649573
0.556777
2.691087
2.598291
2.505495
2.319902
5.382173
3.155067
2.691087
4.732601
4.547009
6.310134
8.351648
13.084249
13.548230
14.290598
9.279609
5.382173
5.660562
6.866911
7.516484
8.908425
10.764347
7.887668
3.990232
1.855922
0.278388
1.577534
3.804640
5.010989
2.319902
-0.185592
3.340659
5.846154
2.041514
0.000000
-0.927961
0.278388
1.020757
2.691087
1.670330
2.691087
-1.206349
-6.402930
-9.186813
-11.877900
-8.722833
-5.660562
-5.196581
-6.031746
-4.732601
0.278388
0.835165
-2.598291
-4.918193
-6.774115
-7.330891
-9.372405
-11.692308
-8.073260
-4.268620
-5.753358
-7.052503
-5.938950
-2.412698
-2.505495
-6.681319
-9.557998
-8.537241
-10.485958
-10.207570
-7.516484
-5.567766
-6.124542
-5.382173
-4.361416
-4.083028
-4.918193
-3.155067
0.000000
1.206349
-0.835165
-6.681319
-9.001221
-5.567766
-6.495726
-4.732601
-2.505495
-0.371184
2.876679
3.247863
4.268620
1.206349
0.371184
-3.340659
-5.103785
-6.681319
-2.134310
0.649573
2.876679
2.412698
1.391941
0.556777
-0.649573
-0.278388
-3.062271
-1.948718
-0.835165
-0.463980
-1.020757
-2.598291
-2.876679
-6.959707
-6.866911
-5.289377
-4.454212
-3.990232
-5.010989
-1.484737
-0.649573
1.020757
-0.927961
-2.319902
-3.804640
-3.062271
-3.062271
-1.577534
-2.134310
-2.412698
-0.185592
3.990232
2.598291
-4.268620
-8.630037
-12.341880
-14.197802
-10.021978
-5.196581
-3.897436
-3.340659
0.000000
4.268620
11.785104
11.413919
3.804640
-8.073260
-16.981685
-15.404151
-9.094017
-2.505495
0.742369
1.020757
4.454212
9.094017
9.650794
8.166056
6.310134
-3.247863
-15.960928
-21.714286
-17.816850
-11.785104
-7.702076
-3.155067
-1.391941
0.927961
0.463980
-0.742369
-0.092796
1.391941
0.185592
-2.505495
-3.804640
-6.031746
-5.474969
-5.196581
-8.166056
-10.300366
-6.495726
-5.660562
-1.391941
1.299145
5.938950
6.124542
2.319902
0.649573
-2.134310
-6.495726
-5.289377
-2.691087
-0.927961
4.918193
3.897436
2.134310
1.113553
-0.278388
0.835165
1.113553
-0.278388
-0.185592
4.083028
5.289377
4.639805
3.711844
0.649573
1.391941
6.124542
6.310134
0.835165
-3.990232
-1.948718
4.918193
8.258852
11.599512
11.228327
8.351648
-0.835165
-1.948718
-2.227106
-0.463980
-1.020757
-2.134310
-0.835165
-0.092796
-0.092796
2.691087
-0.556777
-4.454212
-6.124542
-7.702076
-7.423687
-5.474969
-4.361416
-5.010989
-5.938950
-3.526252
-0.927961
-1.299145
-6.959707
-10.021978
-11.413919
-6.310134
-3.526252
-4.825397
-7.052503
-8.258852
-6.217338
-2.319902
-3.247863
-6.310134
-7.794872
-7.887668
-7.516484
-3.804640
0.649573
1.948718
-3.619048
-7.980464
-6.681319
-4.454212
-1.855922
-2.227106
-3.526252
-5.567766
-3.711844
-0.649573
-0.556777
-1.299145
-2.783883
-5.289377
-2.783883
-0.278388
-1.855922
-7.794872
-11.877900
-9.650794
-6.031746
-9.836386
-7.980464
-6.310134
-5.289377
-1.113553
-0.556777
-1.299145
2.041514
-0.463980
-1.855922
-5.474969
-6.031746
-8.351648
-12.341880
-8.630037
-3.340659
2.598291
2.691087
-0.371184
-0.278388
-2.134310
-5.938950
-7.887668
-6.402930
-5.382173
-2.783883
-0.556777
2.134310
5.382173
7.145299
5.289377
0.278388
-7.330891
-9.929182
-9.465201
-6.124542
-0.463980
1.113553
-0.927961
1.670330
1.113553
0.742369
5.753358
6.588523
3.062271
0.000000
2.227106
4.918193
7.238095
7.609280
7.330891
8.537241
8.815629
4.547009
2.783883
-1.670330
-2.598291
-0.463980
2.041514
2.876679
2.876679
-0.092796
0.835165
0.556777
-1.206349
-0.556777
2.505495
2.783883
-0.092796
1.020757
1.763126
-1.113553
-1.484737
-3.526252
-4.732601
-7.609280
-4.268620
-2.134310
-4.825397
-5.567766
-4.547009
-1.484737
1.299145
0.649573
-0.649573
-2.969475
-3.711844
-4.825397
-6.866911
-4.454212
-0.092796
2.598291
2.969475
-2.505495
-4.732601
-4.454212
-4.918193
-6.588523
-3.247863
-2.876679
0.278388
1.577534
1.391941
2.876679
3.155067
-1.577534
-1.763126
1.484737
1.948718
2.969475
3.433455
4.175824
3.340659
1.763126
0.835165
1.484737
3.247863
2.412698
2.691087
3.526252
3.433455
6.310134
12.713065
10.207570
2.412698
-3.990232
-6.588523
-4.918193
-4.175824
-4.083028
-0.092796
5.660562
9.372405
11.970696
13.455433
9.186813
3.433455
-0.278388
-1.391941
-1.948718
-1.855922
-1.113553
0.835165
6.217338
8.908425
8.630037
6.124542
-1.299145
-8.815629
-13.177045
-11.135531
-9.001221
-9.001221
-1.391941
0.463980
-0.463980
1.113553
2.783883
5.289377
2.227106
0.463980
-3.340659
-6.774115
-5.474969
-2.412698
-2.876679
-3.062271
-1.855922
3.433455
6.495726
8.166056
8.258852
7.145299
1.020757
-3.062271
-5.382173
-0.463980
-0.092796
-2.505495
-4.547009
-3.711844
-0.278388
5.289377
6.774115
5.103785
3.340659
2.691087
2.227106
2.969475
2.412698
1.763126
2.041514
4.547009
6.310134
0.742369
-1.670330
-4.268620
-7.145299
-9.650794
-9.650794
-8.537241
-5.753358
-1.763126
1.113553
1.577534
-0.463980
-7.052503
-11.413919
-14.197802
-11.970696
-6.310134
-0.556777
3.526252
11.970696
14.754579
20.043956
15.868132
10.578755
3.247863
-2.319902
-5.753358
-5.567766
-5.660562
-1.577534
2.783883
10.949939
14.661783
17.538462
11.785104
6.681319
2.227106
1.391941
3.804640
3.619048
0.000000
-1.855922
1.577534
6.959707
14.383394
19.579976
16.703297
7.330891
-3.804640
-6.217338
-7.794872
-9.001221
-7.980464
-2.783883
-1.020757
5.846154
9.372405
14.661783
18.095238
11.877900
-1.206349
-8.722833
-10.857143
-9.743590
-2.505495
4.454212
7.516484
16.239316
20.322344
21.343101
20.879121
14.754579
-1.299145
-12.991453
-12.991453
-10.021978
-8.258852
-6.866911
0.649573
10.393162
18.652015
20.043956
10.300366
-6.310134
-14.568987
-14.754579
-12.341880
-11.970696
-9.372405
-3.433455
1.855922
9.465201
10.578755
12.620269
8.630037
0.000000
-8.351648
-12.805861
-12.434676
-12.991453
-11.692308
-7.794872
-1.113553
4.547009
10.207570
7.609280
1.113553
-2.876679
-3.990232
-5.289377
-7.887668
-12.249084
-11.506716
-5.938950
-2.876679
-0.463980
2.134310
0.927961
-5.196581
-6.959707
-5.846154
-3.247863
-5.382173
-5.103785
-3.619048
-2.598291
-0.463980
4.825397
3.340659
0.092796
-1.113553
-5.753358
-7.702076
-14.012210
-17.816850
-15.775336
-11.321123
-3.155067
-1.113553
-5.196581
-6.959707
-10.485958
-9.372405
-9.836386
-11.135531
-9.372405
-6.402930
-4.268620
-2.412698
-0.649573
0.742369
3.340659
4.083028
0.278388
-2.227106
-6.866911
-7.794872
-7.052503
-7.145299
-4.547009
-3.526252
-3.433455
-1.484737
-1.391941
0.185592
-3.619048
-6.681319
-7.980464
-6.681319
-2.969475
-2.227106
2.041514
2.505495
1.206349
-0.092796
-0.278388
1.763126
0.092796
-0.463980
-1.391941
-3.433455
-2.319902
-4.361416
0.185592
0.463980
-0.371184
-2.227106
-0.371184
-1.113553
-2.505495
-4.175824
-3.433455
-3.062271
-3.804640
-4.175824
-5.289377
-10.485958
-9.465201
-5.753358
-1.299145
0.463980
1.206349
1.113553
2.134310
-1.020757
-4.918193
-6.310134
-5.010989
-1.670330
0.835165
5.103785
4.918193
3.619048
4.083028
1.020757
-2.134310
-7.330891
-9.001221
-5.753358
2.227106
5.010989
3.155067
2.319902
-0.185592
0.371184
-1.670330
-0.185592
-2.783883
-0.556777
0.742369
5.010989
7.145299
8.722833
10.485958
9.279609
6.031746
3.247863
3.433455
3.804640
4.825397
3.433455
1.113553
5.010989
4.083028
5.010989
6.031746
8.351648
6.866911
7.980464
9.465201
3.340659
-1.670330
0.649573
4.361416
7.238095
8.444444
8.166056
9.929182
9.186813
10.949939
12.156288
7.887668
-3.619048
-6.402930
-1.299145
3.062271
7.516484
10.393162
11.413919
12.341880
15.589744
20.136752
24.683761
31.829060
33.684982
30.808303
22.085470
8.815629
-3.711844
-14.568987
-20.415140
-17.909646
-17.816850
-11.877900
-3.247863
4.732601
12.527473
15.775336
18.559219
18.837607
13.826618
4.825397
-1.113553
-8.351648
-11.785104
-6.866911
0.278388
3.526252
3.619048
3.897436
4.175824
3.062271
-0.185592
-2.783883
-5.567766
-4.361416
-2.598291
0.835165
-0.649573
-1.577534
-3.155067
-4.268620
-6.681319
-7.609280
-7.516484
-6.495726
-8.258852
-7.330891
-10.393162
-9.001221
-9.557998
-9.650794
-9.465201
-7.887668
-7.145299
-4.454212
-3.433455
-7.238095
-9.650794
-11.413919
-12.434676
-11.228327
-10.764347
-10.300366
-6.495726
-3.340659
-3.155067
-3.526252
-5.010989
-6.402930
-7.238095
-9.465201
-7.052503
-7.516484
-6.124542
-7.702076
-3.897436
-0.371184
-0.185592
1.020757
-0.371184
-3.433455
-8.166056
-8.722833
-8.444444
-9.001221
-9.372405
-7.609280
-4.361416
-3.062271
-1.020757
1.948718
3.711844
-0.278388
-1.577534
-1.577534
-4.825397
-5.289377
-3.526252
-5.196581
-3.804640
-0.278388
5.382173
5.010989
1.484737
-1.948718
-2.134310
-3.711844
-4.547009
-8.444444
-8.073260
-6.774115
-2.598291
0.556777
-1.391941
-0.556777
2.319902
-2.876679
-4.918193
-7.794872
-5.289377
-6.959707
-6.495726
-6.031746
-3.619048
-0.742369
-1.484737
-3.433455
-1.855922
-1.020757
-3.711844
-6.774115
-8.444444
-8.351648
-11.135531
-12.341880
-10.949939
-9.650794
-6.217338
-2.691087
-0.835165
2.134310
-0.185592
-1.391941
-0.556777
-2.134310
-6.959707
-4.918193
-2.041514
-2.876679
-0.092796
-1.763126
1.670330
3.804640
1.113553
0.371184
-1.391941
-3.526252
-2.319902
-1.948718
-1.763126
-0.556777
-0.371184
-0.649573
-0.185592
-1.299145
-1.391941
-1.763126
1.113553
2.505495
1.113553
-1.299145
-0.463980
-2.134310
-1.206349
-0.556777
-2.505495
0.742369
1.577534
2.041514
4.268620
3.340659
3.526252
1.391941
3.711844
6.959707
7.330891
9.743590
6.774115
5.103785
3.433455
1.948718
4.825397
2.969475
5.660562
10.949939
9.836386
7.052503
1.391941
1.299145
1.577534
7.145299
6.402930
6.217338
6.866911
12.341880
13.733822
9.743590
3.990232
3.247863
2.227106
-0.835165
-2.412698
-3.990232
-6.124542
-4.175824
-0.742369
5.196581
6.031746
6.124542
3.062271
-4.825397
-6.310134
-4.639805
-2.505495
3.526252
-1.484737
-9.094017
-13.084249
-7.423687
-1.113553
1.484737
1.206349
-2.041514
-3.619048
-1.206349
3.433455
4.083028
-2.041514
-10.114774
-15.960928
-11.785104
-10.207570
-7.702076
-3.897436
-2.412698
-1.206349
-2.783883
-3.247863
-4.361416
-3.990232
-5.289377
-8.166056
-9.279609
-8.908425
-6.402930
-3.897436
-0.556777
2.319902
4.268620
3.711844
4.083028
3.711844
1.484737
-0.649573
-3.990232
-4.175824
-3.990232
-0.463980
2.412698
5.846154
7.423687
7.516484
6.031746
3.247863
-3.247863
-3.619048
-2.505495
-3.433455
-3.155067
-1.670330
1.948718
8.815629
12.156288
11.970696
12.991453
7.702076
4.918193
1.577534
0.463980
-0.278388
-0.556777
-2.227106
-0.927961
2.969475
6.031746
6.031746
3.897436
-4.175824
-6.681319
-2.134310
-1.299145
0.463980
2.134310
1.020757
-1.855922
-1.206349
-0.371184
1.670330
4.083028
8.815629
9.743590
6.031746
-0.278388
-3.155067
-3.340659
-4.361416
-8.722833
-9.372405
-6.310134
1.206349
6.217338
11.413919
10.114774
6.959707
3.155067
0.463980
-2.041514
-1.763126
1.763126
0.556777
-3.062271
-1.113553
3.619048
9.650794
10.207570
7.794872
3.990232
0.092796
-3.340659
-6.495726
-9.001221
-7.702076
-4.268620
0.278388
-0.278388
0.835165
-0.463980
-1.577534
-4.454212
-3.526252
-2.783883
-4.083028
-5.753358
-5.103785
-1.020757
2.319902
5.010989
3.433455
-0.556777
-4.639805
-5.753358
-3.247863
-0.742369
-1.113553
0.742369
4.918193
3.155067
0.742369
-0.927961
-1.855922
-3.897436
-2.319902
0.185592
2.041514
2.505495
2.505495
4.454212
4.639805
4.268620
6.588523
4.732601
-0.463980
-2.505495
-2.227106
4.083028
4.825397
4.454212
0.649573
0.649573
1.391941
1.855922
-1.577534
-3.897436
-9.929182
-14.105006
-14.105006
-11.785104
-10.300366
-6.217338
-1.855922
0.742369
2.227106
0.927961
-0.742369
-1.206349
-1.113553
-5.103785
-14.476190
-16.888889
-12.156288
-7.702076
-3.711844
-0.556777
-1.855922
-4.268620
-4.175824
-3.897436
-7.423687
-10.764347
-12.249084
-11.785104
-10.114774
-10.485958
-10.114774
-3.990232
2.505495
9.094017
11.877900
15.496947
11.970696
8.166056
1.670330
-4.268620
-12.527473
-16.888889
-17.631258
-15.868132
-11.321123
-7.145299
-4.547009
-3.340659
1.113553
8.444444
7.702076
5.938950
2.505495
-2.783883
-6.866911
-7.052503
-9.929182
-8.908425
-7.052503
-7.423687
-5.474969
-5.289377
-5.753358
-6.774115
-7.330891
-4.175824
-2.783883
-1.484737
-3.247863
-2.783883
-5.567766
-5.289377
-5.103785
-2.134310
-0.927961
0.371184
2.969475
3.619048
5.103785
4.361416
3.433455
4.175824
4.825397
2.876679
1.577534
-0.185592
-4.083028
-2.969475
1.299145
5.474969
8.166056
10.300366
9.836386
4.639805
6.959707
8.351648
6.310134
3.155067
-1.391941
-5.103785
-3.990232
-1.391941
2.598291
4.175824
3.990232
4.639805
6.031746
2.598291
1.763126
1.763126
3.526252
3.247863
0.835165
3.897436
6.681319
6.310134
6.959707
5.289377
2.319902
0.742369
-0.092796
0.556777
0.092796
2.505495
1.855922
0.371184
2.227106
5.382173
4.825397
1.391941
-3.804640
-6.495726
-7.238095
-5.382173
-0.742369
-0.649573
-1.299145
0.463980
3.711844
3.340659
2.412698
0.927961
-0.556777
-3.990232
-5.474969
-4.083028
-3.247863
-1.020757
0.092796
-1.020757
-1.020757
-2.505495
-1.113553
0.000000
2.412698
-2.041514
-3.711844
-2.041514
0.185592
0.371184
4.268620
2.505495
-3.155067
-5.938950
-5.753358
-2.691087
-3.155067
-4.454212
-3.619048
1.206349
6.959707
12.527473
15.682540
11.321123
-3.711844
-10.393162
-8.351648
-5.846154
-0.835165
1.855922
5.567766
7.702076
12.713065
15.311355
11.599512
7.702076
0.835165
-3.062271
-8.166056
-9.465201
-8.351648
-6.217338
-1.484737
4.361416
10.671551
8.630037
-0.278388
-6.217338
-8.351648
-8.630037
-12.527473
-11.692308
-10.114774
-3.526252
5.846154
6.031746
4.083028
0.092796
-3.155067
-8.722833
-10.857143
-12.713065
-11.877900
-16.888889
-18.373626
-7.609280
-0.835165
4.083028
2.783883
0.371184
-2.041514
-8.351648
-11.042735
-13.269841
-17.445665
-21.714286
-19.023199
-13.177045
-4.268620
3.062271
7.609280
8.258852
7.052503
-0.092796
-12.063492
-20.136752
-23.755800
-17.445665
-13.269841
-10.671551
-5.846154
0.556777
4.175824
4.083028
-0.278388
-4.361416
-14.105006
-20.322344
-25.518926
-25.147741
-14.105006
-6.402930
-3.247863
-1.299145
0.556777
-0.185592
-4.175824
-9.743590
-13.362637
-14.197802
-14.940171
-11.785104
-3.340659
-0.927961
0.463980
0.278388
-2.319902
-2.969475
-7.702076
-8.537241
-10.114774
-3.433455
1.391941
4.361416
3.062271
-1.763126
0.092796
3.619048
2.505495
-0.278388
-3.340659
-2.598291
1.577534
0.185592
1.299145
-3.990232
-12.713065
-14.754579
-9.094017
-4.825397
-0.556777
-0.649573
-0.463980
1.670330
1.484737
-1.763126
-6.124542
-13.177045
-15.775336
-16.332112
-16.332112
-10.393162
-4.268620
2.227106
4.361416
5.289377
4.825397
2.783883
-0.371184
-4.732601
-8.537241
-6.774115
-4.639805
-1.113553
-1.391941
-0.835165
-0.463980
2.876679
2.134310
-2.598291
-8.537241
-13.362637
-11.135531
-4.361416
1.763126
3.990232
5.938950
7.238095
7.887668
4.454212
-0.556777
-2.505495
-1.484737
-1.113553
1.206349
1.113553
-0.185592
4.825397
7.423687
8.908425
4.825397
0.556777
-0.278388
4.175824
1.763126
1.670330
2.227106
1.113553
-0.092796
-0.463980
1.670330
2.227106
2.319902
0.835165
0.463980
-1.391941
-0.835165
0.185592
1.113553
1.484737
-2.598291
-5.010989
-4.918193
-2.691087
-3.433455
-3.340659
-3.247863
-0.092796
2.227106
4.175824
0.463980
-1.391941
-5.196581
-2.691087
-0.092796
-1.299145
-3.155067
-2.505495
0.371184
1.391941
1.299145
-0.649573
2.134310
5.103785
4.918193
3.433455
2.691087
2.134310
3.711844
4.547009
3.340659
1.948718
-0.649573
-4.918193
-8.537241
-7.609280
-6.031746
-1.484737
0.185592
2.783883
1.113553
-0.556777
-0.927961
