0.677900
-5.423199
2.796337
0.847375
4.745299
0.423687
2.881074
-3.982662
2.965812
-1.016850
2.796337
-2.965812
1.440537
-2.033700
2.626862
-1.779487
2.203175
-2.203175
2.965812
-0.762637
3.558974
1.610012
3.643712
-0.508425
0.762637
-1.864225
3.389499
-1.864225
1.694750
-2.542125
0.593162
-0.423687
0.847375
-0.593162
2.118437
-0.762637
2.542125
-0.338950
-1.864225
-2.457387
0.169475
-1.525275
1.016850
-2.033700
-1.440537
-4.152137
-5.846886
-4.745299
-6.016361
-4.745299
-6.185836
-4.236874
-2.457387
-1.016850
-0.423687
-1.948962
1.355800
-0.169475
-4.575824
-7.033211
-5.677411
-1.186325
-2.965812
-2.542125
-3.220024
-2.457387
-3.389499
-0.847375
-3.982662
-1.948962
-5.846886
-1.864225
-2.542125
1.440537
-2.457387
-0.593162
-3.897924
0.084737
-3.558974
1.355800
-0.932112
5.423199
-0.084737
3.389499
-1.186325
3.558974
-2.796337
1.864225
-3.558974
1.610012
-3.728449
0.762637
-4.236874
3.643712
1.610012
8.389011
4.321612
10.761661
6.440049
11.778510
6.524786
9.829548
4.491087
9.321123
2.118437
4.321612
-0.254212
2.118437
-2.965812
5.592674
1.440537
3.558974
-2.457387
3.050549
-9.490598
-3.304762
-12.541148
-7.372161
-10.676923
-6.185836
-8.558486
-4.236874
-9.066911
-3.813187
-5.846886
1.101587
-4.152137
-2.711600
-7.626374
-2.287912
-7.711111
-3.135287
-7.626374
-1.694750
-5.677411
1.016850
-1.610012
2.372650
-3.982662
2.542125
-2.542125
2.542125
-0.169475
3.982662
-2.203175
2.372650
-1.948962
2.203175
-2.796337
-1.355800
-10.168498
-7.965324
-13.219048
-7.372161
-6.694261
-2.033700
-6.609524
-10.253236
-4.406349
0.423687
-1.101587
0.423687
-5.592674
-0.593162
-6.101099
-2.542125
-5.084249
-1.355800
-1.779487
3.474237
-0.593162
4.067399
-1.525275
2.118437
-0.084737
4.067399
0.338950
4.914774
0.677900
2.542125
-4.999512
-2.965812
-8.727961
-5.253724
-6.778999
-2.203175
-6.016361
-1.101587
-3.897924
0.084737
-3.728449
0.593162
-0.338950
4.321612
-1.355800
2.287912
-5.592674
-0.508425
-4.491087
2.626862
-3.050549
3.389499
0.932112
4.575824
2.542125
9.321123
1.271062
5.507937
0.677900
2.203175
1.525275
6.440049
1.440537
2.457387
-2.711600
1.101587
-6.185836
-3.643712
-9.829548
-6.016361
-16.015385
-12.371673
-16.269597
-10.422711
-13.219048
-8.050061
-9.066911
-3.474237
-2.711600
4.152137
-2.881074
2.881074
-3.643712
2.287912
-1.610012
3.135287
-1.779487
2.796337
-3.897924
-0.932112
-4.830037
0.169475
-2.796337
3.643712
0.762637
8.982173
5.677411
12.964835
7.117949
10.507448
3.558974
6.694261
-0.847375
4.660562
1.186325
6.440049
-2.626862
-1.186325
-8.050061
-1.779487
-7.202686
-4.321612
-8.643223
-3.982662
-10.168498
-1.694750
-3.050549
2.796337
-2.287912
4.236874
-1.779487
0.932112
-3.050549
5.423199
2.372650
9.660073
6.101099
10.253236
4.830037
10.168498
5.762149
8.134799
0.084737
7.202686
4.830037
14.659585
12.202198
15.761172
11.185348
15.083272
9.999023
11.778510
9.236386
9.660073
5.338462
8.134799
5.253724
6.948474
1.355800
7.795849
2.203175
2.372650
-6.863736
-0.423687
-2.626862
6.863736
3.982662
9.914286
7.541636
11.863248
4.491087
9.321123
3.897924
5.846886
1.271062
5.762149
-0.254212
5.592674
1.610012
7.033211
1.016850
4.067399
-0.508425
0.508425
-4.491087
3.050549
-3.728449
1.271062
-0.593162
4.914774
-1.101587
-3.474237
-3.304762
0.423687
-6.778999
-0.338950
-5.338462
-1.440537
-4.660562
-0.847375
-4.406349
-2.881074
-5.931624
-0.423687
-2.881074
3.728449
3.813187
5.084249
2.287912
4.406349
-0.423687
2.711600
-0.762637
0.847375
-2.033700
1.101587
-1.694750
-2.287912
-4.660562
-1.525275
-3.474237
-2.457387
-2.796337
2.118437
1.271062
5.084249
3.982662
7.711111
4.914774
7.880586
5.084249
3.050549
-0.932112
-3.813187
-6.609524
-6.016361
-7.626374
-7.880586
-9.066911
-5.592674
-6.185836
-2.626862
-1.694750
-0.593162
1.101587
1.186325
2.372650
3.982662
3.474237
0.847375
2.118437
1.355800
0.338950
-3.474237
-5.423199
-4.491087
-1.271062
-2.203175
-1.779487
-2.711600
1.948962
-3.643712
1.525275
-4.321612
-2.542125
-7.965324
-4.406349
-9.321123
-5.762149
-11.015873
-5.677411
-8.558486
-0.677900
-0.508425
6.016361
3.304762
10.931136
8.643223
15.083272
8.219536
9.151648
4.660562
6.524786
-2.457387
0.338950
-5.253724
0.508425
-3.304762
6.101099
0.593162
8.304274
5.507937
7.965324
2.542125
3.389499
-4.745299
-4.830037
-7.456899
-2.542125
-5.338462
0.762637
-4.321612
-1.864225
-2.542125
3.643712
-0.423687
0.338950
-3.897924
-2.033700
-5.168987
0.847375
-4.152137
-2.203175
-3.135287
0.254212
-1.864225
3.982662
1.779487
-0.254212
-2.287912
0.762637
-0.847375
-2.033700
-4.999512
-3.728449
-9.321123
-8.727961
-9.829548
-8.050061
-5.338462
-4.406349
-7.287424
-6.609524
-4.830037
-1.610012
-0.254212
2.118437
-2.457387
7.711111
3.982662
2.626862
2.203175
1.016850
3.558974
0.847375
3.220024
3.643712
4.660562
5.168987
7.202686
6.101099
10.168498
7.711111
6.948474
2.287912
4.067399
2.372650
9.066911
6.355311
5.253724
-5.253724
-3.728449
-9.914286
-6.524786
-9.236386
-5.084249
-7.965324
-2.542125
-7.117949
-4.067399
-13.812210
-6.016361
-7.541636
2.881074
-0.677900
1.440537
-3.643712
2.626862
-0.677900
5.592674
2.203175
4.575824
-4.575824
-0.338950
-3.728449
2.542125
-3.558974
-0.423687
-6.270574
0.000000
-5.762149
-0.847375
-1.101587
5.084249
-0.932112
0.423687
-4.321612
0.932112
-0.847375
3.728449
-0.338950
3.050549
-4.830037
-1.610012
-1.016850
0.932112
-2.372650
5.507937
4.406349
5.677411
2.965812
6.355311
6.948474
5.168987
2.626862
3.304762
2.542125
1.525275
-3.389499
-8.727961
-6.948474
-8.473748
-7.795849
-9.236386
-6.440049
-8.134799
-4.914774
-7.287424
-3.389499
-4.745299
-2.457387
-5.931624
-1.016850
-3.728449
-0.508425
-2.457387
2.118437
-3.389499
2.711600
-2.203175
2.118437
-3.643712
1.186325
-1.101587
3.304762
-1.101587
2.118437
-4.152137
1.525275
-0.423687
2.033700
-1.271062
4.660562
0.423687
3.304762
0.593162
3.982662
1.355800
5.846886
2.881074
3.813187
0.169475
1.864225
-1.694750
1.101587
-3.813187
1.016850
0.677900
3.897924
1.779487
3.389499
4.067399
5.507937
1.101587
2.033700
4.236874
4.067399
5.846886
5.253724
3.728449
1.610012
1.355800
0.169475
0.508425
1.864225
3.897924
0.677900
2.542125
-3.050549
-2.118437
-2.372650
-1.525275
-3.728449
-3.304762
-1.016850
1.864225
-0.423687
2.711600
3.220024
6.948474
3.135287
7.541636
7.033211
5.507937
0.000000
1.864225
-1.101587
1.694750
-1.186325
2.796337
-3.220024
2.372650
-1.101587
1.101587
-4.067399
2.203175
0.338950
2.203175
-1.610012
0.762637
-4.491087
-0.762637
-2.033700
-1.779487
-3.558974
-1.694750
-4.830037
-3.643712
-5.592674
-1.610012
-4.999512
-4.152137
-4.745299
0.762637
-2.118437
1.101587
-2.287912
2.626862
-2.626862
-1.440537
-4.152137
-0.593162
-3.643712
-0.169475
-2.372650
2.542125
-3.135287
1.948962
-3.813187
2.287912
1.948962
7.795849
1.610012
9.829548
7.965324
14.151160
7.626374
11.185348
6.863736
13.388523
6.948474
9.321123
3.813187
8.558486
3.558974
6.101099
0.423687
6.778999
0.762637
2.626862
-1.355800
0.932112
-4.830037
1.101587
-3.050549
-1.016850
-5.253724
0.254212
-4.321612
-0.677900
-2.881074
-0.508425
-6.355311
-3.643712
-7.372161
-5.338462
-5.931624
0.084737
-2.965812
-1.864225
-0.762637
3.813187
1.610012
2.542125
-1.610012
0.508425
-1.186325
2.287912
-0.169475
-3.135287
-5.168987
-1.525275
-1.694750
1.525275
0.508425
1.186325
0.593162
0.593162
-2.626862
-1.610012
-1.694750
-3.135287
-1.101587
0.254212
2.372650
2.881074
6.609524
4.830037
6.778999
1.525275
3.220024
-1.779487
-0.423687
-1.271062
5.677411
-0.169475
4.406349
-1.440537
2.542125
-0.677900
4.236874
-0.508425
3.304762
-0.677900
1.864225
-2.203175
8.389011
3.050549
-2.118437
2.711600
6.440049
0.423687
6.185836
-0.932112
1.355800
-5.507937
2.881074
-3.474237
-0.677900
-4.067399
2.118437
-2.287912
3.728449
1.610012
2.626862
-0.423687
1.186325
-1.694750
0.847375
-4.660562
-1.525275
-6.863736
-0.169475
-4.575824
-1.271062
-3.982662
-2.626862
-15.845910
-8.134799
-8.304274
-2.287912
-5.168987
0.338950
-2.881074
-2.626862
-3.813187
-0.847375
-1.948962
1.101587
-1.186325
-2.626862
-6.440049
-3.982662
-4.830037
-2.287912
-1.016850
-0.254212
-3.050549
-2.711600
-3.728449
-3.050549
-1.101587
1.440537
3.474237
1.186325
4.830037
5.338462
6.185836
3.982662
4.745299
0.847375
0.000000
-1.610012
-0.847375
2.203175
6.609524
4.491087
1.779487
-5.338462
-6.101099
-10.507448
-9.490598
-12.964835
-12.625885
-16.862759
-10.761661
-8.473748
-1.101587
-0.254212
1.694750
3.643712
5.592674
6.440049
4.236874
2.287912
1.694750
0.084737
-2.881074
-2.965812
-1.864225
-2.287912
-3.982662
-6.948474
-6.440049
-4.236874
0.762637
4.660562
4.491087
5.507937
3.643712
3.813187
2.711600
0.254212
0.593162
1.355800
3.643712
1.271062
0.932112
1.948962
3.304762
0.338950
1.864225
-2.711600
-1.694750
-3.728449
-2.372650
-4.321612
1.440537
1.016850
3.474237
2.287912
4.236874
3.135287
4.745299
2.626862
7.033211
5.168987
6.694261
3.643712
7.033211
2.881074
3.220024
-2.203175
-2.711600
-7.711111
-4.999512
-8.389011
-5.592674
-7.795849
-2.287912
-4.999512
-5.168987
-5.507937
-2.881074
-12.286935
-2.287912
-5.338462
-2.711600
-6.185836
-1.525275
-1.355800
1.779487
-2.118437
0.338950
-3.474237
3.474237
-0.254212
3.813187
0.508425
5.846886
3.050549
-0.338950
-2.881074
-0.932112
-5.931624
-6.355311
-8.050061
-1.610012
-2.626862
5.084249
1.694750
4.406349
2.033700
1.355800
-1.355800
-1.271062
-7.456899
-2.711600
-5.507937
-6.270574
-12.625885
-7.033211
-9.829548
-5.423199
-8.473748
-3.982662
-7.626374
-4.999512
-6.609524
-1.355800
-2.965812
0.423687
-0.762637
3.220024
-1.271062
2.711600
1.779487
6.440049
3.220024
7.880586
5.423199
9.490598
7.795849
10.422711
9.321123
10.761661
3.897924
8.304274
2.881074
2.796337
-3.304762
1.440537
-4.491087
-1.440537
-4.914774
0.084737
-0.423687
4.236874
-0.677900
5.168987
2.881074
4.406349
-2.796337
3.813187
-0.932112
2.118437
-3.135287
-0.423687
-3.982662
-8.558486
-1.864225
4.575824
2.965812
6.524786
4.067399
8.812698
6.609524
10.422711
5.338462
6.440049
2.372650
3.050549
0.932112
2.372650
-0.338950
-0.254212
-5.168987
-2.965812
-2.033700
-1.101587
-2.287912
-2.033700
-3.982662
-4.067399
-4.491087
-2.542125
-2.457387
-2.203175
0.423687
-2.542125
-3.897924
-4.830037
-3.389499
-3.220024
0.677900
-0.169475
-0.169475
0.338950
6.016361
3.389499
6.694261
2.287912
6.355311
2.542125
5.253724
2.626862
4.745299
1.694750
7.795849
5.168987
8.050061
2.203175
8.134799
2.287912
7.541636
5.168987
8.643223
2.372650
7.626374
4.236874
7.965324
5.507937
9.999023
5.168987
8.219536
0.169475
4.152137
-4.660562
1.186325
-4.745299
1.016850
-8.982173
-3.389499
-5.084249
0.423687
-0.423687
6.694261
0.508425
4.660562
1.271062
9.660073
4.999512
8.897436
0.847375
3.304762
-0.847375
5.423199
0.762637
5.762149
1.271062
5.507937
1.525275
3.389499
1.355800
3.643712
-1.864225
-0.338950
-9.829548
-4.830037
-10.422711
-8.897436
-11.947985
-8.727961
-9.321123
-3.220024
-4.491087
-1.101587
-6.185836
-4.152137
-6.440049
-3.728449
-6.778999
-4.575824
-4.491087
-6.016361
-8.134799
-3.558974
-1.948962
3.304762
-0.338950
1.186325
-0.932112
-2.626862
-2.203175
-2.626862
-0.508425
-2.287912
-0.169475
1.440537
4.406349
-2.118437
-1.864225
-6.270574
-4.745299
-4.914774
-6.185836
-7.202686
-5.423199
-5.507937
-3.813187
-8.643223
-6.101099
-7.711111
-4.830037
-8.982173
-7.711111
-15.252747
-15.422222
-19.743834
-15.930647
-16.778022
-12.880098
-19.150672
-9.490598
-9.660073
-7.117949
-15.845910
-15.591697
-20.930159
-14.744322
-17.794872
-8.897436
-12.880098
-6.948474
-12.032723
-7.117949
-12.964835
-8.897436
-16.354335
-9.744811
-10.168498
-0.593162
-4.236874
-2.372650
-10.846398
-6.948474
-10.168498
-3.813187
-4.660562
-2.372650
-8.727961
-0.677900
1.864225
9.405861
4.236874
6.101099
-0.084737
5.677411
-1.440537
1.694750
-2.711600
4.067399
-1.186325
4.236874
2.287912
5.931624
0.677900
-0.169475
-0.508425
3.389499
0.677900
6.355311
3.982662
3.474237
2.372650
0.762637
0.169475
-4.914774
-0.338950
-1.440537
-3.813187
-10.253236
-12.032723
-13.388523
-2.965812
-0.762637
2.796337
-1.610012
0.338950
-6.948474
-6.694261
-10.083761
-0.762637
0.677900
7.456899
2.796337
5.846886
-1.864225
2.203175
-1.610012
2.457387
0.508425
5.507937
3.135287
6.609524
0.677900
2.796337
-4.321612
-1.440537
-1.694750
1.694750
-1.355800
6.355311
3.728449
6.440049
6.778999
8.643223
7.541636
6.524786
3.728449
0.254212
1.016850
1.186325
2.118437
3.304762
5.931624
3.135287
1.186325
-0.338950
0.338950
-2.203175
-0.423687
-4.660562
-0.932112
-6.270574
-3.558974
-6.440049
-1.779487
-4.321612
4.321612
-0.254212
1.779487
-5.423199
0.169475
-3.728449
2.711600
0.169475
7.541636
5.677411
11.015873
3.728449
12.286935
8.727961
11.270085
3.897924
8.304274
4.067399
10.253236
3.897924
7.711111
2.457387
6.016361
2.033700
6.101099
2.118437
6.609524
3.813187
3.643712
-0.677900
1.525275
1.271062
3.558974
-0.847375
-0.762637
-4.152137
-2.626862
-3.558974
-6.016361
-0.677900
0.593162
-0.762637
-1.355800
-0.423687
2.711600
1.948962
1.948962
2.965812
-0.084737
-0.169475
-1.779487
0.508425
1.016850
2.203175
-0.677900
-0.423687
-4.067399
-3.050549
-8.558486
-5.253724
-8.473748
-0.762637
-1.779487
-1.440537
-8.812698
-3.643712
-4.406349
3.643712
-2.372650
2.457387
-4.152137
2.203175
-4.830037
0.762637
-2.372650
0.423687
-7.795849
-4.999512
-10.846398
-3.474237
-4.660562
0.338950
-5.253724
0.508425
-0.593162
3.135287
-1.016850
3.982662
3.813187
8.389011
1.440537
0.932112
-3.813187
-0.338950
-3.474237
-2.711600
-1.779487
3.643712
4.067399
7.372161
7.456899
5.762149
3.474237
5.084249
7.880586
6.863736
5.931624
4.660562
9.660073
6.778999
1.101587
-2.881074
-0.423687
0.084737
1.864225
-3.897924
-3.389499
-4.999512
-2.118437
-2.881074
0.169475
0.508425
3.220024
1.779487
1.355800
3.050549
7.795849
6.016361
7.287424
0.338950
4.914774
2.965812
6.863736
4.236874
9.490598
3.135287
5.423199
-1.525275
-2.457387
-7.456899
-5.338462
-7.880586
-1.186325
-10.592186
-1.864225
-3.558974
4.152137
-0.254212
4.575824
3.474237
3.982662
-1.440537
0.932112
-4.491087
-1.101587
-6.355311
-0.254212
-9.236386
-6.524786
-11.270085
-7.033211
-10.337973
-5.423199
-5.846886
-0.084737
-3.728449
-0.593162
-1.186325
-1.440537
-2.965812
-2.203175
-2.965812
0.677900
-3.643712
-0.762637
-0.593162
-2.626862
-5.423199
-8.727961
-6.016361
-5.677411
-2.372650
-5.338462
-1.610012
-3.813187
0.084737
-4.406349
-1.948962
-5.592674
-4.491087
-8.304274
-6.185836
-6.101099
-3.135287
-4.745299
-0.084737
-5.253724
0.169475
-3.389499
5.168987
2.711600
7.626374
3.643712
8.134799
5.423199
8.134799
0.677900
3.389499
-3.220024
3.643712
-1.610012
5.168987
0.084737
2.033700
-5.338462
0.508425
-3.558974
3.135287
1.779487
6.778999
3.220024
8.304274
0.677900
4.067399
-2.881074
0.593162
-5.762149
0.084737
-1.694750
2.881074
-2.711600
0.847375
-3.474237
1.440537
-3.643712
0.423687
-4.067399
1.101587
0.254212
7.117949
5.507937
12.286935
7.626374
12.371673
3.304762
7.117949
1.440537
8.558486
5.592674
12.795360
8.050061
9.999023
4.236874
5.253724
3.220024
6.440049
7.795849
9.490598
9.151648
7.033211
1.101587
1.525275
-2.542125
-1.948962
-4.660562
-3.982662
-7.456899
-8.389011
-9.151648
-7.117949
-5.762149
0.593162
2.965812
1.694750
0.847375
1.610012
4.321612
2.965812
3.643712
2.965812
3.558974
5.084249
4.830037
1.440537
1.864225
1.271062
2.372650
0.677900
3.050549
-0.169475
3.135287
2.711600
4.491087
1.694750
5.677411
0.932112
2.881074
-4.321612
-5.507937
-7.033211
-1.610012
-4.152137
-2.542125
-3.474237
0.677900
-3.643712
1.016850
-3.220024
0.847375
-3.220024
-0.254212
1.016850
5.931624
3.050549
4.830037
1.779487
3.728449
-2.118437
-1.101587
-3.982662
1.440537
-1.440537
1.016850
-2.965812
-3.389499
-7.202686
-5.168987
-6.355311
-2.542125
-6.609524
-0.254212
-2.881074
-1.779487
-5.084249
-3.304762
-6.270574
-2.203175
-2.711600
-0.677900
-3.474237
-2.118437
-6.355311
-3.728449
-5.592674
-3.389499
-6.270574
-2.711600
-5.846886
-0.932112
-3.050549
-1.101587
-3.135287
-0.084737
-6.270574
-0.593162
-7.456899
-0.593162
-3.813187
-0.762637
-3.643712
0.254212
-4.067399
-2.881074
-7.372161
-4.575824
-8.727961
-4.914774
-8.050061
-2.203175
-6.101099
0.169475
-3.389499
-0.508425
-3.220024
2.457387
-6.609524
-2.287912
-8.558486
-3.135287
-3.135287
4.575824
1.355800
3.220024
-1.610012
3.982662
2.287912
10.422711
6.016361
7.202686
0.338950
3.304762
-1.948962
3.474237
-3.728449
-0.423687
-6.185836
-2.457387
-8.812698
-5.084249
-9.914286
-3.643712
-5.507937
0.508425
-3.728449
0.254212
-3.982662
2.118437
-1.101587
4.999512
-1.864225
5.762149
2.372650
8.643223
-0.677900
3.728449
-2.711600
3.558974
-1.440537
4.745299
-1.271062
5.931624
3.982662
8.134799
0.677900
9.321123
4.236874
8.473748
6.101099
9.151648
4.236874
10.083761
6.948474
8.643223
4.660562
8.473748
3.389499
1.948962
-3.982662
-4.575824
-10.676923
-8.473748
-10.676923
-6.270574
-9.236386
-4.491087
-7.880586
-4.406349
-5.762149
-4.575824
-4.660562
-1.694750
-3.304762
0.423687
-0.084737
2.287912
-0.508425
0.847375
0.423687
3.135287
1.610012
2.881074
4.660562
4.914774
4.575824
5.423199
5.677411
7.880586
6.524786
6.101099
5.846886
3.982662
3.304762
-1.101587
-2.203175
-4.321612
-1.864225
-4.914774
0.593162
-5.338462
-3.050549
-3.813187
-1.016850
-4.999512
-0.847375
-3.474237
0.254212
-3.474237
0.338950
-2.796337
1.016850
-4.491087
-3.135287
-8.558486
-1.186325
-3.389499
2.033700
-1.355800
3.135287
0.254212
2.118437
-1.864225
0.677900
-4.067399
0.338950
-9.321123
-3.304762
-8.643223
-1.694750
-5.762149
3.135287
-3.813187
3.474237
-1.016850
3.304762
-4.491087
3.220024
-1.271062
6.524786
2.965812
8.389011
6.524786
12.964835
5.762149
8.897436
7.711111
9.829548
4.321612
3.982662
-0.254212
7.033211
0.847375
0.508425
-4.406349
-4.575824
-8.643223
-3.220024
-9.236386
-6.440049
-11.439560
-8.050061
-9.321123
-8.304274
-10.337973
-5.084249
-8.982173
-6.609524
-7.965324
-1.440537
-3.135287
-2.372650
-6.185836
-5.677411
-8.134799
-5.168987
-4.745299
-1.016850
-1.948962
-0.932112
-4.491087
-4.406349
-5.338462
-3.304762
-2.626862
-1.355800
1.694750
4.236874
2.457387
-1.101587
-3.728449
-1.694750
-0.932112
-2.118437
-1.186325
1.440537
3.050549
-4.067399
1.948962
-1.440537
0.593162
-4.830037
6.524786
1.440537
1.779487
-0.593162
1.610012
-1.271062
0.000000
-4.067399
0.593162
-4.745299
-3.389499
-5.507937
-3.304762
-4.660562
-2.711600
-5.084249
-1.948962
-3.389499
-1.440537
-2.118437
3.304762
0.000000
3.474237
1.186325
3.135287
0.593162
1.271062
-2.965812
0.254212
-4.321612
-3.643712
-7.711111
0.762637
-3.558974
2.542125
-2.203175
0.677900
-0.762637
6.778999
3.982662
10.337973
5.084249
6.609524
0.338950
2.626862
0.593162
10.846398
1.864225
2.881074
-4.914774
0.593162
-0.254212
6.355311
3.813187
8.558486
1.948962
0.847375
-3.050549
-3.897924
-3.728449
-8.219536
-6.355311
-8.727961
-11.354823
-18.557509
-16.947497
-17.625397
-13.812210
-14.490110
-10.422711
-13.642735
-10.846398
-14.151160
-6.185836
-10.761661
-7.880586
-13.812210
-13.388523
-18.896459
-11.100611
-12.371673
-6.694261
-8.389011
-5.338462
-10.337973
-7.880586
-14.744322
-7.117949
-13.727473
-10.168498
-15.083272
-9.660073
-16.184860
-14.066422
-22.709646
-17.625397
-23.641758
-20.252259
-22.879121
-15.168010
-14.235897
-7.626374
-9.660073
-3.643712
-9.236386
-4.999512
-9.829548
-8.134799
-10.761661
-10.931136
-13.981685
-10.083761
-11.354823
-11.354823
-14.744322
-12.371673
-10.337973
-13.557998
-15.591697
-9.321123
-5.084249
-3.220024
-2.542125
-7.117949
-3.389499
1.355800
8.727961
6.609524
9.829548
4.660562
10.931136
3.050549
6.524786
2.118437
11.015873
7.033211
14.320635
4.914774
17.540659
13.219048
20.421734
