-1.174603
-0.090354
3.975580
3.252747
4.427350
0.903541
-3.704518
-4.969475
-2.258852
-1.807082
-0.632479
-0.993895
0.000000
1.264957
3.252747
0.813187
2.439560
2.981685
1.716728
1.084249
1.987790
1.807082
2.078144
4.698413
5.240537
0.180708
0.090354
0.271062
-0.361416
-2.349206
-0.903541
-0.180708
2.349206
2.168498
1.987790
2.168498
1.264957
0.361416
1.264957
1.536020
-0.542125
-0.361416
1.987790
0.813187
0.903541
1.536020
3.162393
5.059829
4.336996
3.794872
4.156288
1.807082
3.523810
2.981685
4.788767
6.144078
5.330891
7.680098
9.125763
4.246642
3.252747
3.523810
2.800977
2.168498
1.264957
1.084249
2.258852
3.523810
2.078144
3.523810
2.620269
-0.542125
-1.174603
-3.252747
-5.963370
-6.144078
-2.529915
2.981685
1.445665
1.626374
4.698413
3.885226
2.529915
0.632479
-0.090354
-0.722833
0.903541
6.144078
8.854701
9.577534
7.770452
6.234432
6.053724
3.072039
2.258852
-1.987790
-7.770452
-9.216117
-7.228327
-4.065934
-0.632479
-1.264957
-1.174603
-0.090354
-1.174603
-2.168498
-2.529915
-1.355311
-1.807082
-3.252747
-0.993895
-3.162393
-6.234432
-5.240537
-4.427350
-4.427350
-3.433455
-6.776557
-5.601954
-5.150183
-2.891331
-2.439560
-1.355311
-2.800977
-2.078144
-0.180708
-0.271062
1.807082
0.722833
0.632479
-0.632479
-0.090354
-1.897436
-2.620269
-1.626374
-1.264957
-4.427350
-5.059829
-4.788767
-5.692308
-7.047619
-6.324786
-5.963370
-6.505495
-4.969475
-2.620269
-0.722833
-2.168498
-2.078144
-0.903541
-4.246642
-2.981685
-0.903541
-2.168498
-2.349206
-2.439560
-2.258852
-0.722833
-3.794872
-6.866911
-4.698413
-2.620269
-3.614164
-4.517705
-3.885226
-2.800977
-2.258852
-1.264957
-1.536020
-5.240537
-6.776557
-5.873016
-6.505495
-4.246642
-4.608059
-3.794872
-1.084249
0.632479
0.542125
2.258852
2.800977
4.608059
0.903541
-2.258852
-4.969475
-3.343101
0.090354
-3.433455
-2.349206
2.168498
3.704518
0.271062
2.529915
0.903541
-1.264957
-5.692308
-3.072039
0.632479
3.433455
6.595849
2.349206
1.807082
3.794872
1.084249
-4.246642
-5.873016
-0.632479
1.897436
-0.180708
0.000000
3.523810
4.156288
2.800977
0.993895
-1.445665
-4.698413
-6.505495
-3.614164
-0.903541
1.445665
0.813187
1.987790
-0.903541
-2.529915
-0.903541
1.716728
-1.084249
-1.897436
-1.355311
-2.258852
2.078144
3.794872
5.692308
3.162393
3.523810
5.511600
5.692308
1.716728
1.716728
-0.180708
-0.722833
-1.264957
1.084249
3.614164
4.879121
7.951160
7.860806
8.493284
9.396825
5.330891
-0.090354
-1.807082
0.361416
2.168498
4.788767
4.517705
5.240537
6.415140
8.041514
6.505495
2.078144
-1.084249
-1.445665
-2.710623
-3.885226
-0.813187
4.517705
5.240537
6.144078
7.951160
8.673993
9.216117
8.493284
7.499389
4.608059
2.710623
1.536020
2.529915
4.879121
5.421245
5.421245
7.680098
7.860806
7.499389
7.951160
6.957265
6.866911
5.150183
4.788767
6.957265
7.137973
6.866911
9.216117
8.764347
6.686203
7.589744
6.505495
5.692308
5.421245
5.511600
2.439560
3.885226
4.156288
4.608059
5.511600
4.246642
0.451770
1.987790
1.897436
2.349206
1.264957
1.355311
0.542125
1.987790
1.264957
0.000000
-2.439560
-4.156288
-3.885226
-4.336996
-2.891331
-3.885226
-5.150183
-0.180708
-2.710623
-0.903541
-2.258852
-2.800977
-2.800977
-4.065934
-3.343101
-2.800977
-2.800977
-2.891331
-1.626374
-1.626374
-1.264957
-1.987790
-4.969475
-5.782662
-2.891331
-4.246642
-3.433455
-6.234432
-9.938950
-5.059829
-4.608059
-4.788767
-3.704518
0.451770
0.271062
-4.246642
-1.536020
-1.355311
-4.246642
-7.499389
-4.969475
-6.957265
-5.873016
-4.517705
-2.258852
-2.439560
-4.517705
-3.162393
-2.349206
-5.601954
-5.330891
-2.078144
-2.078144
-1.536020
-2.439560
-1.084249
0.542125
0.090354
-0.361416
0.090354
0.271062
2.168498
4.065934
4.336996
3.885226
4.246642
4.336996
2.891331
-1.987790
-3.704518
-1.084249
-0.361416
0.090354
0.813187
0.632479
2.258852
0.993895
-0.632479
-1.174603
-1.807082
0.903541
-0.993895
-1.716728
0.722833
0.542125
-0.813187
0.090354
0.451770
-2.981685
-3.704518
-2.168498
-3.614164
-4.246642
-2.168498
-2.620269
-1.987790
1.084249
-0.451770
0.903541
-1.536020
-2.349206
-5.059829
-1.716728
-0.361416
-1.536020
-3.975580
-4.156288
-1.355311
-0.271062
1.445665
-0.632479
-0.903541
-0.451770
1.716728
2.891331
2.258852
0.542125
0.000000
-0.903541
0.722833
0.542125
3.252747
3.162393
0.722833
2.981685
4.788767
5.601954
4.788767
2.981685
4.698413
5.150183
3.975580
1.897436
2.891331
2.891331
2.349206
1.445665
-1.264957
-0.271062
0.451770
-0.542125
1.897436
0.000000
1.355311
-0.903541
-0.813187
3.975580
7.499389
7.137973
6.505495
1.536020
0.903541
3.162393
6.324786
6.866911
6.686203
4.788767
2.168498
2.168498
0.993895
1.084249
3.072039
1.536020
2.710623
2.891331
2.891331
2.800977
3.433455
3.704518
2.439560
4.608059
2.349206
3.975580
4.065934
3.343101
3.704518
4.608059
3.343101
1.536020
1.626374
1.084249
1.174603
0.993895
-0.993895
-1.445665
2.168498
2.529915
1.716728
2.620269
2.168498
1.174603
1.174603
0.271062
1.084249
2.529915
1.355311
3.614164
2.800977
1.355311
0.903541
0.542125
1.264957
1.897436
3.072039
-1.084249
-1.084249
0.993895
-0.722833
-2.710623
-3.162393
-1.807082
-1.987790
-2.710623
-3.614164
-3.794872
-2.710623
-6.776557
-6.595849
-5.330891
-4.336996
-4.336996
0.451770
1.445665
0.000000
-2.891331
-3.975580
-4.969475
-6.144078
-2.258852
0.180708
-0.903541
-0.722833
0.090354
-2.891331
-1.987790
-2.620269
-0.361416
-1.626374
-0.632479
-2.078144
-0.722833
-1.445665
-0.903541
1.084249
0.000000
-1.355311
-1.807082
-3.614164
-4.517705
-4.698413
-6.595849
-7.770452
-7.047619
-7.499389
-7.680098
-4.156288
-3.162393
-4.246642
-4.065934
-6.234432
-4.065934
-4.517705
-6.053724
-6.866911
-5.150183
-4.608059
-0.813187
-0.903541
1.807082
4.336996
5.692308
4.608059
0.813187
0.993895
-0.813187
0.361416
-1.084249
-3.252747
-4.517705
-3.162393
-2.439560
-5.150183
-5.782662
-3.433455
-1.445665
-2.620269
-5.511600
-2.620269
-2.800977
-4.246642
-3.794872
-4.969475
-5.330891
-5.873016
-7.589744
-10.210012
-8.131868
-8.222222
-5.601954
-3.704518
-6.234432
-6.957265
-4.969475
-0.361416
-0.722833
-1.174603
1.084249
2.800977
0.632479
-0.271062
-0.271062
-1.987790
-5.421245
-8.222222
-8.764347
-8.131868
-10.119658
-7.047619
-6.776557
-6.866911
-3.885226
-3.794872
-4.969475
-4.969475
-2.981685
-5.240537
-2.981685
-6.234432
-4.517705
-2.981685
-2.981685
-2.800977
-2.891331
-0.271062
2.620269
1.716728
1.626374
1.626374
1.626374
-1.445665
-1.264957
0.180708
-3.162393
-3.885226
-8.222222
-7.770452
-6.144078
-3.343101
-1.897436
-1.174603
0.632479
1.264957
-2.800977
0.180708
1.355311
0.000000
-2.981685
-0.180708
-0.361416
-0.993895
-2.439560
-0.451770
1.084249
2.078144
4.517705
2.078144
2.078144
1.807082
3.885226
0.903541
1.355311
1.355311
0.000000
0.542125
3.885226
1.264957
-3.704518
-5.511600
-2.800977
-2.078144
-3.072039
-0.180708
-0.361416
-0.451770
1.807082
5.330891
9.487179
7.499389
6.686203
7.137973
8.764347
8.312576
6.053724
4.427350
3.252747
4.156288
3.794872
2.168498
1.084249
1.174603
0.903541
-0.632479
-1.536020
0.542125
0.000000
0.632479
-3.794872
-3.794872
-0.993895
-0.993895
-0.180708
0.903541
2.620269
1.264957
2.078144
0.993895
1.174603
-2.078144
-3.072039
-3.523810
-4.788767
-5.059829
-4.608059
-5.421245
-3.072039
-3.343101
-4.608059
-2.710623
-1.174603
-0.993895
3.704518
3.162393
5.421245
9.125763
12.468864
8.131868
7.047619
9.396825
8.945055
8.583639
7.951160
6.144078
6.595849
7.589744
4.427350
7.137973
10.119658
7.047619
4.969475
3.523810
1.355311
0.903541
-0.361416
-0.722833
-3.252747
-5.511600
-6.957265
-6.866911
-8.764347
-9.306471
-8.854701
-7.951160
-6.053724
-4.156288
-4.246642
-2.620269
-1.084249
3.885226
5.692308
4.608059
4.517705
1.987790
0.722833
0.903541
2.439560
0.090354
-1.626374
-1.355311
2.258852
6.505495
7.318681
2.258852
-4.698413
-6.866911
-5.963370
-3.975580
-3.252747
-2.981685
0.000000
2.891331
7.047619
5.692308
4.608059
5.240537
0.993895
0.722833
1.355311
1.174603
2.168498
3.433455
3.614164
4.246642
4.517705
1.716728
3.523810
3.433455
4.517705
4.969475
2.800977
1.716728
-0.090354
0.722833
2.620269
0.542125
-0.722833
-2.529915
-5.601954
-1.987790
-2.168498
-3.162393
-2.891331
-2.529915
-2.168498
-2.620269
-0.451770
-1.084249
-0.090354
4.246642
4.788767
3.704518
0.271062
0.000000
-0.090354
-1.807082
0.903541
1.987790
-0.180708
-2.891331
-5.511600
-3.343101
-5.240537
-5.692308
-6.595849
-4.156288
-4.788767
-5.692308
-7.047619
-3.975580
-2.710623
-3.523810
-5.601954
-7.589744
-7.409035
-6.957265
-2.710623
-4.608059
-5.601954
-5.873016
-2.529915
1.716728
2.168498
-0.090354
-5.511600
-7.137973
-4.698413
0.180708
-2.168498
-5.511600
-4.698413
-1.716728
-0.271062
-2.078144
-8.312576
-10.842491
-7.409035
-0.451770
3.433455
6.776557
5.782662
6.144078
7.860806
7.860806
4.879121
4.065934
5.601954
3.885226
3.975580
2.529915
3.343101
3.072039
3.343101
4.156288
6.234432
5.963370
7.589744
7.951160
8.131868
9.848596
9.396825
8.493284
5.692308
5.511600
3.614164
2.529915
-1.355311
-2.981685
-2.891331
-0.361416
0.361416
0.090354
1.174603
-0.993895
-0.180708
-0.632479
-3.162393
-1.626374
2.168498
0.632479
1.626374
2.439560
1.807082
1.897436
1.987790
2.258852
2.710623
3.433455
-1.084249
-1.174603
0.180708
1.084249
0.271062
-2.891331
-3.794872
-5.150183
-4.336996
-3.975580
-5.963370
-5.692308
-4.065934
-7.228327
-4.879121
-6.505495
-9.216117
-6.324786
-0.271062
0.542125
-1.084249
-1.807082
-1.084249
-0.722833
-0.090354
-1.536020
-3.975580
-5.963370
-0.993895
-1.536020
-2.710623
-2.891331
-2.349206
-6.686203
-6.053724
-6.144078
-4.969475
-2.529915
-0.903541
-1.264957
-2.168498
-4.065934
-4.336996
-4.065934
-1.355311
-2.349206
-5.782662
-6.866911
-7.228327
-5.963370
-3.614164
-2.620269
-1.355311
-1.174603
-4.608059
-6.505495
-5.511600
-4.608059
-2.258852
-1.174603
-1.897436
-3.704518
-2.710623
-0.090354
0.361416
-0.451770
-4.698413
-4.879121
-3.523810
-0.542125
-2.710623
-3.975580
-5.330891
-5.240537
-6.957265
-8.673993
-8.493284
-11.113553
-7.499389
-6.957265
-6.686203
-7.951160
-7.318681
-5.421245
-3.523810
-3.072039
-1.084249
-0.361416
1.174603
-0.180708
2.800977
3.343101
0.813187
-0.090354
-2.710623
-3.523810
-1.355311
0.451770
-1.355311
-0.813187
-2.349206
-0.722833
-2.710623
-4.788767
-0.542125
-0.722833
-0.632479
-0.180708
-1.174603
-1.355311
0.090354
-1.445665
-2.891331
-0.361416
-0.542125
-3.704518
-2.529915
-0.271062
1.626374
1.536020
-2.800977
-6.053724
-6.776557
-5.330891
-2.349206
-0.813187
1.084249
3.252747
3.523810
5.782662
1.897436
-2.439560
-0.722833
1.897436
4.517705
6.957265
6.776557
4.879121
6.595849
5.782662
3.252747
2.258852
5.421245
5.240537
8.493284
11.384615
12.920635
7.137973
2.258852
6.505495
9.938950
9.216117
7.409035
9.216117
12.920635
12.017094
6.776557
4.969475
2.981685
3.072039
4.156288
2.710623
2.710623
8.222222
17.076923
15.902320
5.782662
-0.903541
1.174603
1.897436
-1.355311
0.542125
3.704518
7.770452
6.776557
4.969475
5.150183
4.065934
2.620269
3.433455
5.330891
4.879121
7.409035
6.776557
4.879121
5.240537
4.969475
8.222222
9.216117
5.963370
3.614164
0.632479
-1.355311
-0.722833
-1.084249
1.084249
5.059829
8.673993
2.258852
3.523810
3.072039
3.614164
4.698413
2.800977
0.813187
4.427350
3.252747
0.361416
2.891331
4.969475
8.673993
7.047619
6.595849
6.324786
6.776557
8.583639
8.854701
9.125763
7.318681
4.969475
4.698413
4.969475
4.246642
5.601954
5.963370
4.427350
7.137973
9.125763
10.932845
11.474969
5.421245
0.722833
-0.722833
2.258852
5.873016
4.879121
4.608059
4.879121
2.439560
0.632479
3.072039
6.415140
6.415140
6.686203
10.210012
8.854701
4.969475
5.873016
6.595849
7.318681
5.330891
10.752137
9.667888
7.951160
9.216117
10.029304
9.938950
9.848596
9.577534
8.945055
9.306471
8.493284
9.306471
7.137973
4.608059
5.150183
5.421245
4.788767
5.421245
4.156288
5.150183
5.782662
-0.180708
-1.987790
0.993895
-1.355311
-0.271062
2.168498
2.078144
1.987790
-0.180708
-4.879121
-3.614164
-2.891331
-4.427350
-7.318681
-5.511600
-4.517705
-2.258852
-4.698413
-6.957265
-9.306471
-5.511600
-0.903541
-1.084249
-5.240537
-4.969475
-3.704518
-7.409035
-10.571429
-11.384615
-11.023199
-10.119658
-5.059829
-8.945055
-6.324786
-7.228327
-8.493284
-6.686203
-5.421245
-10.661783
-11.565324
-7.137973
-3.252747
-5.963370
-8.131868
-10.390720
-6.415140
-6.866911
-6.957265
-4.156288
-0.271062
-3.523810
-2.620269
-2.439560
-5.330891
-9.216117
-13.733822
-11.926740
-10.029304
-8.854701
-2.168498
0.993895
2.981685
-0.632479
-3.975580
-5.782662
-1.716728
-1.626374
-2.981685
-7.409035
-5.692308
-2.800977
-0.451770
2.620269
6.144078
0.813187
-3.794872
-9.758242
-10.571429
-7.137973
-8.041514
-6.053724
-5.150183
-2.529915
-1.445665
0.451770
-1.536020
-3.975580
-7.409035
-7.589744
-8.583639
-4.517705
-3.794872
-2.620269
-1.626374
0.542125
3.343101
-4.156288
-6.957265
-1.716728
2.168498
1.355311
2.258852
-0.903541
0.813187
3.433455
0.271062
0.632479
1.536020
1.084249
5.330891
4.156288
2.439560
3.343101
0.090354
-0.632479
-1.084249
-3.343101
-1.807082
0.271062
2.258852
6.053724
5.059829
5.150183
0.813187
-3.252747
-6.686203
-8.764347
-5.421245
1.626374
5.150183
4.517705
4.969475
6.595849
5.601954
5.873016
-1.084249
-9.396825
-12.830281
-6.144078
-5.511600
-2.529915
0.451770
4.517705
8.041514
7.409035
1.536020
-5.601954
-7.589744
-8.041514
-3.794872
0.813187
2.891331
6.505495
8.222222
9.396825
12.017094
11.023199
6.144078
3.523810
-0.542125
-1.987790
1.355311
0.813187
4.517705
8.583639
9.396825
6.866911
6.686203
5.963370
1.807082
0.542125
0.361416
4.065934
5.873016
4.517705
7.770452
8.222222
5.782662
7.228327
6.776557
6.324786
3.072039
2.800977
1.807082
3.885226
9.758242
13.010989
9.848596
6.866911
7.589744
5.330891
3.704518
1.626374
3.614164
7.680098
4.427350
3.794872
6.595849
4.517705
2.620269
-0.993895
-0.180708
-0.361416
-0.271062
0.632479
-0.542125
0.000000
4.336996
4.969475
-0.813187
-2.800977
-1.987790
-1.264957
-3.523810
-0.903541
3.614164
3.794872
0.000000
-0.632479
0.542125
1.355311
0.180708
-0.903541
-2.168498
-1.445665
0.722833
2.891331
3.343101
4.517705
4.065934
2.529915
3.072039
-1.264957
-2.620269
-1.897436
-1.084249
1.445665
-2.529915
-3.614164
-1.174603
-0.361416
0.180708
-2.800977
-6.957265
-5.692308
-4.246642
-5.240537
-3.162393
-3.523810
-3.072039
-5.421245
-7.137973
-5.963370
-5.873016
-4.517705
-3.433455
-2.800977
-0.632479
-0.993895
-1.084249
-4.246642
-7.228327
-7.589744
-3.704518
-4.969475
-3.433455
-1.897436
1.355311
0.813187
0.180708
-2.529915
-5.692308
-6.505495
-0.361416
0.451770
1.264957
1.987790
2.529915
1.264957
-2.891331
-2.710623
-4.336996
-8.673993
-5.330891
-2.981685
-2.710623
-3.072039
-2.168498
0.090354
0.000000
2.891331
-2.800977
-8.945055
-8.041514
-3.704518
-1.445665
-3.794872
-2.349206
-0.722833
4.246642
5.330891
1.897436
-1.084249
-5.601954
-7.137973
-4.246642
-2.620269
-1.355311
-0.180708
2.168498
6.866911
3.885226
0.632479
-2.981685
-6.144078
-5.963370
-0.722833
1.626374
1.807082
-0.542125
-1.897436
-4.246642
-1.355311
-4.427350
-5.873016
-3.433455
-0.361416
1.355311
3.162393
5.511600
1.174603
-2.800977
-2.981685
-1.807082
-2.800977
-3.704518
-5.150183
-2.349206
5.240537
7.047619
6.144078
1.716728
2.529915
5.692308
6.866911
-1.536020
-3.704518
-2.891331
-0.361416
0.813187
3.885226
-0.271062
-2.078144
2.710623
0.632479
-2.891331
-3.162393
-3.975580
-3.885226
0.722833
7.589744
1.807082
-0.722833
-2.168498
-4.969475
-3.614164
-3.704518
-5.963370
-4.788767
-3.704518
-0.722833
2.349206
4.427350
2.710623
1.445665
3.343101
2.168498
0.542125
0.000000
-0.542125
-2.349206
4.336996
5.782662
7.047619
4.879121
-1.264957
-0.451770
5.059829
6.595849
5.330891
4.336996
3.162393
3.614164
2.529915
0.000000
1.355311
4.336996
3.162393
5.421245
4.246642
4.969475
3.433455
3.162393
0.542125
1.807082
3.704518
3.975580
4.698413
6.144078
3.885226
-0.090354
-2.258852
-2.349206
4.608059
7.318681
5.330891
3.794872
1.987790
2.981685
5.963370
5.511600
2.620269
0.722833
4.517705
0.722833
1.174603
5.059829
4.336996
4.156288
2.439560
0.180708
4.246642
2.439560
-1.445665
-0.180708
2.349206
0.180708
1.084249
2.800977
4.879121
5.601954
4.517705
2.258852
-0.993895
-4.065934
-4.246642
-3.885226
-7.137973
-1.807082
5.059829
4.246642
0.542125
-3.162393
-3.704518
-4.517705
-6.776557
-5.059829
0.632479
5.330891
8.583639
4.879121
0.632479
2.439560
-1.897436
-4.336996
-4.879121
-2.710623
4.969475
11.655678
11.746032
8.041514
5.692308
2.349206
-0.451770
-7.860806
-10.300366
-8.402930
2.258852
9.487179
13.010989
14.366300
10.842491
0.632479
-5.059829
-5.150183
-1.445665
-4.427350
-0.632479
7.409035
7.770452
4.517705
3.704518
-0.813187
-5.150183
-5.150183
-5.601954
-4.608059
-4.879121
-0.451770
2.078144
6.505495
5.330891
0.722833
-4.698413
-9.306471
-16.444444
-15.631258
-9.577534
-0.542125
4.879121
11.294261
10.300366
9.577534
5.240537
0.542125
-6.776557
-16.625153
-19.606838
-11.565324
0.542125
4.698413
7.137973
7.409035
4.517705
-0.271062
-5.963370
-13.553114
-17.438339
-13.101343
-5.150183
5.150183
8.402930
8.764347
5.692308
1.626374
-1.084249
-5.692308
-11.836386
-14.366300
-7.499389
-1.355311
3.162393
2.800977
-1.084249
-6.595849
-7.318681
-8.041514
-9.577534
-9.938950
-2.981685
3.343101
3.975580
3.523810
-3.614164
-7.770452
-7.860806
-4.879121
-5.692308
-2.349206
2.710623
2.529915
2.078144
-2.710623
-7.409035
-8.583639
-11.023199
-8.493284
-6.053724
1.536020
8.493284
6.595849
0.451770
-4.156288
-5.059829
-3.523810
-3.072039
-5.601954
-3.252747
-3.794872
-1.174603
-1.536020
-0.903541
-4.608059
-10.571429
-11.565324
-9.125763
-0.180708
9.216117
13.824176
7.409035
6.144078
0.451770
-0.722833
-5.240537
-5.150183
-10.029304
-9.487179
-2.710623
3.794872
8.312576
6.866911
3.433455
-1.987790
-7.409035
-13.914530
-12.197802
-8.402930
-8.131868
-6.866911
-3.794872
0.542125
1.174603
1.174603
0.000000
-4.427350
-12.920635
-14.818071
-14.004884
-11.836386
-8.312576
-4.246642
4.065934
10.842491
8.945055
3.162393
-4.608059
-9.306471
-6.144078
-4.427350
-2.078144
0.722833
6.324786
10.752137
6.595849
1.626374
-7.589744
-14.185592
-12.739927
-9.306471
-1.987790
5.330891
6.324786
5.330891
3.162393
1.807082
0.451770
-2.620269
-3.975580
-4.517705
-0.993895
1.536020
2.620269
3.885226
2.981685
-1.445665
-2.168498
-2.439560
-4.698413
2.258852
5.782662
4.879121
3.704518
1.626374
3.433455
-0.632479
-1.174603
-2.439560
-0.180708
5.692308
12.830281
14.004884
6.324786
0.000000
-0.180708
2.439560
-1.626374
-1.807082
0.451770
8.673993
10.210012
8.493284
4.879121
4.517705
2.891331
-0.451770
-5.059829
-6.415140
0.993895
11.113553
12.920635
12.107448
5.782662
1.716728
-0.903541
-5.873016
-10.390720
-12.107448
-11.384615
0.090354
15.179487
18.251526
17.347985
10.661783
8.222222
3.433455
-2.800977
-10.029304
-13.191697
-6.776557
6.776557
15.721612
19.787546
17.799756
11.926740
6.324786
-4.517705
-14.004884
-14.366300
-13.824176
-7.137973
1.897436
10.390720
14.818071
12.468864
6.776557
4.427350
1.987790
-3.975580
-10.752137
-9.848596
-0.813187
7.589744
8.764347
8.945055
5.511600
3.523810
-2.078144
-2.078144
-5.692308
-5.150183
0.271062
6.053724
7.860806
6.866911
2.439560
1.355311
1.355311
-5.240537
-5.873016
1.716728
3.704518
3.704518
6.234432
4.065934
-2.800977
-2.620269
-0.451770
0.903541
1.807082
2.981685
9.035409
9.848596
8.041514
1.987790
-3.252747
-1.987790
-2.529915
-1.445665
0.361416
4.698413
5.963370
3.975580
1.536020
-0.722833
-2.439560
-3.523810
-3.252747
0.090354
5.240537
9.667888
7.770452
3.252747
-0.271062
-1.716728
-1.626374
-0.542125
