-2.796337
-3.643712
2.542125
1.186325
3.558974
-2.796337
-1.864225
-4.745299
-5.338462
-11.863248
-4.152137
-5.931624
-1.186325
-6.863736
-4.067399
-4.152137
1.101587
-3.135287
0.932112
-1.948962
2.457387
-7.117949
-1.101587
-4.745299
-1.864225
-9.575336
-4.152137
-9.744811
-5.084249
-6.440049
2.118437
-4.236874
0.932112
-3.135287
3.474237
-1.864225
-1.186325
-6.778999
0.762637
-4.914774
-2.542125
-8.643223
-0.593162
-1.864225
3.389499
-2.542125
2.457387
-5.084249
-1.694750
-6.948474
-4.575824
-9.575336
-0.593162
0.169475
1.271062
-4.152137
-2.033700
-6.778999
-2.796337
-6.694261
-5.423199
-15.676435
-5.168987
-0.677900
2.626862
-2.542125
0.508425
-2.203175
-2.881074
-12.371673
-8.812698
-11.015873
-6.355311
-9.914286
-6.694261
-8.897436
-0.762637
-1.101587
3.728449
-3.050549
-0.169475
-7.372161
-6.863736
-10.083761
-6.440049
-11.439560
-5.253724
-1.694750
2.118437
-1.525275
-0.677900
-2.118437
-0.423687
-2.457387
-0.169475
-3.897924
-2.118437
-3.728449
-2.287912
-3.220024
-1.779487
-5.846886
-2.033700
3.558974
11.609035
11.609035
12.456410
6.270574
1.186325
-3.813187
-5.507937
-5.592674
-4.745299
-5.338462
-5.168987
-5.253724
-2.372650
0.254212
1.948962
3.558974
4.067399
-0.338950
-3.304762
-7.795849
-10.253236
-9.829548
-7.117949
-4.406349
-7.626374
-8.982173
-5.846886
-3.389499
-2.287912
-4.321612
-5.846886
-10.337973
-10.337973
-1.694750
1.101587
4.830037
2.372650
-1.694750
-7.287424
-8.982173
-13.727473
-11.439560
-9.575336
-4.236874
-1.271062
1.355800
-1.694750
1.948962
-3.474237
-5.846886
-13.727473
-12.202198
-15.506960
-9.660073
-8.219536
0.169475
-2.711600
-0.677900
-7.711111
-2.457387
-8.643223
-8.473748
-19.404884
-16.184860
-17.286447
-7.117949
-5.423199
3.304762
-2.457387
-1.864225
-4.236874
2.287912
-8.304274
-7.711111
-12.032723
-5.423199
-10.422711
-3.728449
-7.965324
-1.779487
-7.711111
-5.423199
-10.846398
-3.643712
-9.999023
-5.253724
-6.948474
-2.033700
-3.389499
3.135287
6.270574
6.355311
3.474237
0.423687
0.084737
0.338950
-7.965324
-9.490598
-9.405861
-6.185836
-0.932112
-1.779487
-3.304762
-4.914774
-5.338462
-8.050061
-12.286935
-14.998535
-14.744322
-13.219048
-11.693773
-8.134799
0.000000
-2.203175
-6.101099
-10.168498
-7.541636
-10.168498
-12.456410
-18.133822
-16.015385
-17.032234
-9.575336
-6.440049
-1.948962
-4.575824
-4.067399
-5.507937
-5.084249
-11.863248
-19.574359
-21.608059
-11.185348
-10.592186
-5.592674
-8.643223
-4.999512
-4.406349
-3.135287
-7.287424
-3.558974
-3.897924
-1.694750
-6.016361
-12.117460
-5.507937
-3.897924
-8.473748
-5.253724
-5.931624
-2.711600
-8.304274
-4.830037
-6.524786
-7.795849
-13.134310
-9.490598
-6.270574
5.931624
0.593162
3.304762
0.254212
5.592674
1.186325
-0.423687
-7.711111
-7.795849
-6.863736
-1.016850
-3.728449
0.423687
-3.982662
-0.423687
-0.847375
6.863736
3.220024
3.643712
-0.762637
-0.084737
-4.914774
-1.864225
-4.999512
-1.610012
-3.304762
6.016361
4.745299
5.677411
6.101099
9.914286
-0.169475
2.033700
-6.694261
-4.491087
-2.372650
2.287912
1.948962
5.168987
-3.389499
0.254212
-5.338462
-0.254212
-3.897924
0.338950
-5.507937
-3.474237
-7.965324
1.016850
2.542125
11.609035
3.220024
3.558974
-3.474237
-1.694750
-7.965324
-4.914774
-10.507448
-4.406349
-9.151648
1.271062
-1.440537
3.558974
-3.728449
-0.932112
-8.304274
-3.220024
-8.982173
-4.660562
-9.575336
-4.321612
-8.727961
-0.084737
-0.932112
5.931624
-3.389499
0.254212
-3.728449
-0.169475
-6.355311
5.423199
4.321612
12.371673
6.016361
14.913797
8.304274
5.507937
-5.084249
0.254212
-3.389499
2.711600
-1.779487
8.050061
8.134799
14.913797
5.338462
5.338462
-4.830037
-3.813187
-8.897436
-0.254212
-3.474237
5.846886
3.474237
6.694261
2.965812
10.337973
5.338462
7.287424
-6.016361
-4.830037
-10.253236
-0.762637
-4.321612
5.423199
3.474237
8.812698
0.762637
4.067399
-2.118437
3.813187
-1.525275
0.932112
-3.220024
1.779487
2.711600
8.473748
8.643223
16.354335
16.947497
16.523810
11.693773
8.643223
7.033211
8.473748
6.778999
9.914286
4.406349
5.168987
0.847375
3.643712
3.813187
5.507937
-6.694261
-0.338950
-2.796337
-3.135287
-6.270574
-4.406349
-7.117949
-6.101099
-8.982173
-7.456899
-5.338462
4.236874
0.932112
2.457387
-3.304762
-1.610012
-5.253724
-2.796337
-6.355311
-2.881074
-1.864225
2.457387
-2.626862
1.779487
-8.727961
-2.626862
-2.203175
7.202686
8.982173
14.235897
9.066911
17.371184
15.168010
16.862759
6.270574
6.270574
-3.220024
2.626862
-1.694750
6.863736
3.982662
11.524298
8.558486
13.981685
4.660562
7.287424
-0.169475
2.287912
-7.880586
-1.016850
-0.084737
7.711111
3.813187
9.829548
1.186325
9.490598
1.610012
3.558974
-5.168987
0.847375
-2.711600
3.982662
0.000000
7.541636
1.186325
3.982662
-8.982173
-4.152137
-10.083761
-4.575824
-8.473748
2.542125
3.389499
10.337973
6.185836
9.744811
0.423687
-0.169475
-6.185836
-1.355800
-2.287912
4.745299
-0.847375
1.948962
-0.254212
5.423199
3.050549
5.423199
-5.762149
-2.033700
-8.643223
-0.508425
-5.253724
0.254212
-0.338950
8.219536
2.626862
7.287424
-2.033700
-0.084737
-5.168987
-0.254212
-2.287912
-0.169475
-5.168987
-2.118437
-0.423687
3.982662
-2.796337
-4.999512
-10.592186
-6.948474
-9.151648
-4.321612
-7.711111
-5.762149
-8.643223
-5.592674
-1.864225
2.457387
-1.016850
-0.762637
-3.220024
-3.897924
-9.321123
-7.795849
-5.168987
-2.118437
1.525275
1.948962
3.474237
0.423687
-1.525275
-2.118437
1.694750
3.897924
6.270574
1.694750
1.948962
0.254212
4.575824
2.711600
-0.423687
-5.253724
-4.745299
-5.423199
-1.948962
0.169475
1.525275
-2.796337
-0.338950
-2.711600
1.948962
-2.965812
-1.016850
-3.982662
2.203175
0.932112
0.000000
-4.745299
-0.423687
-1.948962
2.033700
-2.542125
1.694750
-1.610012
2.965812
-1.948962
0.847375
-3.050549
1.016850
-5.423199
0.677900
1.355800
5.253724
-3.474237
3.558974
0.762637
5.168987
-1.440537
2.372650
-2.118437
0.254212
-5.423199
-2.033700
-3.135287
3.897924
1.948962
5.507937
2.287912
7.541636
3.135287
7.287424
-0.762637
3.474237
-2.287912
7.541636
3.813187
8.897436
-0.084737
2.542125
-3.389499
3.220024
-6.185836
-0.508425
-3.050549
6.948474
2.965812
10.337973
4.406349
8.134799
-2.965812
-0.169475
-5.931624
0.847375
-4.236874
-1.440537
-2.881074
6.016361
6.101099
10.083761
2.881074
4.321612
-1.779487
-0.593162
-7.117949
-4.491087
-7.117949
0.338950
3.813187
9.914286
9.744811
4.999512
3.389499
-0.338950
0.762637
-0.423687
3.558974
1.779487
6.524786
-1.864225
-0.762637
-5.762149
-3.304762
-2.287912
3.558974
-1.016850
4.321612
-1.440537
4.067399
-4.236874
3.135287
-0.593162
6.948474
-0.254212
6.440049
1.186325
3.813187
-8.897436
-7.202686
-10.592186
0.508425
-3.643712
-0.084737
0.169475
5.592674
-2.287912
-2.626862
-9.660073
-1.016850
-4.575824
-3.643712
-11.524298
-7.880586
-2.033700
5.507937
5.592674
9.575336
6.863736
7.456899
3.813187
5.846886
5.507937
5.677411
3.897924
0.847375
3.897924
7.117949
13.557998
14.405372
16.439072
13.981685
14.913797
12.117460
15.761172
11.863248
12.710623
9.066911
9.151648
8.134799
9.405861
4.067399
7.626374
1.779487
3.813187
0.508425
2.287912
-2.287912
3.813187
1.948962
7.117949
1.016850
3.050549
-3.474237
2.457387
-0.762637
1.271062
-1.779487
3.474237
0.338950
1.525275
-6.270574
-1.440537
-5.423199
1.779487
-1.525275
5.338462
-3.643712
2.203175
-1.779487
-1.271062
-6.016361
0.000000
-3.813187
4.406349
-0.847375
0.762637
-4.660562
3.558974
0.000000
3.897924
-2.457387
-0.423687
-8.812698
-0.932112
-5.846886
-0.762637
-5.592674
-0.169475
-5.253724
1.186325
-6.355311
-1.864225
-8.643223
-2.796337
-9.914286
-5.677411
-7.795849
1.864225
-4.745299
-4.321612
-12.371673
-5.423199
-7.795849
-3.135287
-9.236386
-2.542125
-5.762149
1.864225
-4.575824
0.423687
-2.287912
2.033700
-5.507937
-0.932112
-4.575824
2.287912
-2.372650
6.185836
-0.677900
5.253724
-6.524786
5.677411
2.033700
6.270574
0.762637
6.101099
3.304762
10.337973
4.660562
7.117949
2.542125
5.931624
-1.016850
4.152137
-2.965812
-0.084737
-2.118437
5.168987
0.593162
5.762149
1.101587
2.965812
-2.118437
1.440537
-1.779487
0.084737
-12.286935
-0.423687
-0.593162
0.932112
0.338950
2.372650
0.847375
1.271062
-1.101587
-4.660562
-5.338462
-5.338462
-5.677411
-4.914774
-1.186325
-4.152137
-4.067399
-0.932112
3.897924
5.168987
8.219536
4.745299
5.084249
0.000000
1.186325
-1.610012
1.779487
0.847375
9.490598
4.914774
7.541636
1.101587
7.287424
0.423687
5.507937
3.389499
12.117460
5.762149
9.151648
0.084737
3.050549
-3.220024
3.304762
-0.847375
-0.084737
-6.016361
0.677900
-2.626862
0.000000
-8.050061
-4.745299
-7.541636
-1.779487
-1.610012
3.135287
1.440537
6.101099
1.779487
6.524786
2.033700
1.610012
-1.779487
-1.016850
-3.728449
-1.440537
-4.660562
-1.779487
-2.033700
-0.593162
1.440537
3.220024
3.304762
2.881074
6.101099
8.304274
9.236386
6.440049
5.592674
0.338950
0.169475
0.508425
2.033700
5.084249
7.626374
5.762149
6.016361
4.660562
4.406349
2.372650
4.236874
3.135287
6.355311
3.389499
3.813187
3.304762
4.067399
-0.423687
2.626862
2.881074
3.728449
-0.593162
1.440537
-1.694750
-0.169475
-1.355800
0.762637
-3.558974
1.186325
-4.236874
-2.796337
-5.507937
-3.050549
-8.219536
-1.694750
-3.474237
3.135287
-1.440537
2.711600
-0.677900
4.660562
1.525275
5.253724
2.542125
4.321612
-4.745299
1.440537
-1.610012
6.270574
2.372650
5.338462
-1.779487
4.236874
-0.932112
0.847375
-6.524786
5.762149
3.220024
2.965812
-6.524786
-1.186325
-10.931136
-9.829548
-15.337485
-3.728449
-3.728449
1.271062
-4.914774
1.525275
-4.914774
-0.338950
-6.016361
0.000000
-2.033700
3.643712
-3.474237
1.355800
-7.117949
-1.440537
-3.558974
4.152137
0.932112
6.440049
2.287912
2.457387
-9.490598
-2.457387
-4.067399
4.067399
-2.203175
1.948962
-4.660562
-1.779487
-9.066911
0.423687
-0.847375
7.033211
-0.338950
-0.423687
-7.965324
-0.762637
-2.118437
7.202686
0.423687
2.965812
0.254212
10.761661
6.016361
10.337973
2.881074
6.355311
-4.152137
-4.067399
-9.321123
1.694750
0.254212
6.524786
1.525275
4.914774
0.847375
6.270574
2.626862
3.897924
-3.389499
0.084737
-2.711600
1.016850
-8.473748
-4.152137
-7.880586
-0.254212
-8.897436
-5.253724
-7.287424
1.610012
-5.677411
-4.152137
-8.050061
-3.982662
-5.846886
-2.881074
-6.778999
-2.542125
-3.558974
-0.677900
-6.355311
-7.965324
-10.931136
-2.965812
-5.084249
-4.660562
-6.778999
-2.965812
-6.101099
-3.813187
-2.372650
-0.932112
-4.830037
-5.423199
-9.660073
-7.456899
-8.473748
-5.846886
-7.626374
-4.830037
-7.626374
-5.677411
-4.236874
-1.525275
-3.135287
-4.491087
-3.897924
-6.948474
-10.507448
-11.863248
-13.981685
-15.337485
-12.541148
-6.609524
-3.135287
-4.745299
-1.864225
-1.864225
-1.440537
-5.084249
-4.406349
-6.270574
-2.626862
-1.016850
4.830037
5.168987
7.117949
2.118437
3.474237
-1.355800
-0.677900
-1.948962
0.932112
-0.677900
-0.084737
-1.355800
0.593162
2.626862
8.219536
6.609524
8.982173
7.033211
4.745299
1.525275
1.186325
-1.440537
3.643712
0.423687
4.745299
2.287912
4.491087
1.016850
-0.169475
-4.830037
1.271062
3.558974
7.456899
6.355311
7.372161
0.254212
-0.338950
-4.745299
-1.016850
-2.796337
-0.169475
-1.101587
2.203175
-2.711600
-8.897436
-0.508425
3.728449
0.593162
-1.440537
-9.236386
-7.795849
-7.541636
0.677900
-1.948962
1.948962
-1.779487
0.254212
-1.440537
4.745299
5.253724
1.779487
3.728449
4.830037
0.593162
4.914774
2.965812
1.610012
-4.491087
0.762637
-1.016850
-0.338950
-1.440537
2.457387
1.948962
2.118437
-5.592674
-1.694750
-5.168987
0.084737
-3.558974
-0.677900
-3.813187
-0.169475
-2.457387
3.813187
0.508425
2.881074
-1.948962
0.932112
-3.728449
-0.254212
-3.135287
0.762637
-5.423199
-1.186325
-2.881074
0.000000
-1.101587
2.711600
0.169475
1.864225
-0.423687
1.779487
-1.016850
5.592674
2.626862
-0.169475
-7.711111
-1.440537
-2.118437
1.948962
0.169475
7.965324
7.626374
13.134310
6.609524
7.372161
4.830037
5.423199
0.847375
5.338462
1.271062
4.575824
-0.932112
5.677411
4.745299
8.389011
3.304762
1.779487
-4.830037
-1.694750
-3.558974
3.558974
0.423687
-0.593162
-2.881074
1.864225
-0.932112
2.118437
-0.508425
0.423687
-4.575824
4.067399
1.525275
2.542125
-6.101099
-3.304762
-7.033211
-0.254212
-2.457387
2.965812
-2.711600
-0.508425
-7.202686
0.084737
-4.067399
4.491087
2.457387
4.660562
-2.203175
3.135287
-1.271062
0.508425
-5.762149
0.423687
-2.881074
3.643712
-2.796337
0.762637
-4.067399
2.796337
-5.084249
0.423687
-5.762149
-3.304762
-11.100611
-5.762149
-6.440049
2.796337
-1.016850
3.897924
-1.948962
2.287912
-5.253724
-0.084737
-6.355311
-5.338462
-9.999023
-1.016850
2.626862
6.440049
-1.016850
2.965812
0.932112
6.101099
-2.626862
1.694750
-2.118437
1.610012
-4.914774
1.694750
-0.084737
8.473748
2.626862
2.711600
-4.575824
-1.610012
-2.033700
0.084737
-8.643223
-2.711600
-3.389499
3.389499
-2.542125
1.779487
-2.796337
3.050549
-2.372650
-0.677900
-7.372161
-2.711600
-4.999512
3.220024
-3.135287
2.796337
-0.169475
6.609524
-2.626862
-3.050549
-8.982173
0.932112
1.610012
2.542125
-6.440049
-4.575824
-9.575336
-2.626862
-8.982173
-6.440049
-12.964835
-7.202686
-5.253724
-0.338950
-4.406349
-2.372650
-6.270574
-1.525275
-5.423199
-1.948962
-4.830037
-3.220024
-8.982173
-6.778999
-7.965324
-8.982173
-4.575824
-5.084249
-9.321123
-4.999512
-0.338950
3.304762
-2.542125
-2.965812
-9.744811
-8.219536
-3.813187
3.220024
6.270574
5.507937
-1.271062
-1.355800
-4.491087
-2.287912
-3.982662
-1.948962
0.508425
2.203175
4.491087
2.626862
5.168987
2.033700
-0.677900
-0.423687
1.864225
4.321612
7.117949
5.084249
4.152137
1.016850
2.033700
1.101587
2.203175
-0.762637
3.897924
1.610012
7.033211
4.321612
5.592674
3.728449
5.338462
4.491087
5.338462
2.542125
-0.169475
-2.796337
3.220024
-1.355800
0.932112
-1.355800
2.118437
1.101587
4.152137
2.626862
5.084249
0.847375
6.440049
0.847375
1.271062
0.423687
7.711111
4.491087
2.033700
2.457387
12.710623
7.965324
6.016361
0.593162
0.593162
-2.711600
1.355800
-3.643712
4.236874
-0.677900
6.863736
6.694261
10.253236
0.000000
0.169475
-3.643712
-2.626862
-9.744811
-8.304274
-4.914774
1.694750
0.847375
4.321612
2.457387
3.135287
-0.932112
-0.254212
-7.541636
-5.846886
-7.541636
-6.524786
-5.084249
0.677900
2.626862
6.270574
5.762149
4.914774
1.101587
4.830037
3.982662
4.575824
-2.542125
-2.965812
-4.491087
-5.931624
1.016850
3.558974
-0.169475
1.016850
-3.304762
-1.101587
-2.287912
-1.271062
-2.796337
-0.084737
-3.474237
-2.118437
-6.863736
-6.778999
-11.015873
-9.744811
-12.964835
-8.982173
-7.711111
-0.084737
-3.558974
-1.016850
-2.711600
1.525275
-2.965812
-3.897924
-9.236386
-3.389499
-3.643712
2.965812
-0.762637
5.253724
5.338462
9.999023
3.135287
6.694261
-0.254212
-0.084737
-7.880586
0.000000
-1.864225
6.270574
6.355311
15.591697
11.609035
12.456410
-0.084737
4.067399
-3.389499
5.168987
2.626862
9.490598
5.338462
11.439560
2.881074
7.033211
0.932112
3.304762
-1.779487
3.643712
-0.677900
4.999512
0.423687
5.846886
-0.593162
3.474237
-2.626862
-1.610012
-8.897436
-6.185836
-11.863248
-3.643712
-3.897924
1.864225
-6.355311
-0.593162
-4.236874
4.491087
1.694750
4.067399
1.440537
3.389499
-0.338950
3.474237
-0.932112
0.847375
-0.593162
7.033211
4.152137
8.643223
4.152137
8.389011
3.050549
7.880586
3.050549
5.338462
2.542125
4.491087
0.762637
3.135287
-0.423687
-0.338950
-2.881074
0.762637
-0.338950
0.508425
-1.186325
-0.762637
-2.542125
0.593162
-2.542125
0.084737
-6.185836
-5.253724
-7.541636
-4.491087
-2.881074
1.948962
-0.338950
-3.474237
-9.490598
-8.219536
-6.778999
-5.507937
-5.423199
-1.610012
1.525275
2.796337
-2.118437
-1.440537
-6.609524
-3.728449
-2.542125
-0.932112
-5.931624
-1.440537
0.762637
3.643712
3.304762
3.813187
1.186325
3.050549
3.643712
5.338462
3.220024
2.711600
3.728449
2.711600
3.304762
5.507937
9.151648
5.338462
4.236874
-0.423687
-2.118437
0.254212
4.999512
2.626862
1.694750
-0.847375
-0.677900
-4.236874
-1.440537
-1.610012
0.169475
-4.830037
-2.118437
-4.999512
-1.440537
-3.050549
-1.271062
0.169475
-1.440537
-3.897924
-5.592674
-6.185836
-3.304762
-3.897924
-1.694750
-3.474237
-2.372650
-4.914774
-1.525275
-2.203175
0.000000
-1.779487
0.338950
0.169475
2.542125
1.186325
0.593162
-0.423687
0.677900
0.084737
-0.423687
0.169475
1.355800
-0.338950
2.287912
-1.779487
-2.203175
-3.220024
-5.592674
-5.931624
-2.711600
-1.186325
1.779487
-1.186325
-6.440049
-9.236386
-8.389011
-7.626374
-5.677411
-5.762149
-7.626374
-8.558486
-7.372161
-8.727961
-6.778999
-7.202686
-2.711600
-1.440537
-3.135287
0.677900
1.779487
-2.542125
-1.271062
-3.897924
1.101587
3.897924
4.321612
4.152137
7.287424
7.965324
13.303785
4.660562
2.033700
1.101587
7.117949
1.525275
8.982173
10.931136
15.506960
14.066422
17.710134
13.727473
14.320635
5.338462
12.202198
9.660073
11.185348
5.084249
11.270085
7.795849
9.660073
1.525275
2.542125
-2.626862
-1.610012
-7.795849
-4.660562
-6.524786
1.186325
-3.728449
-1.525275
-8.727961
-2.542125
-10.337973
-7.372161
-9.151648
-6.694261
-10.931136
-6.609524
-9.999023
-7.711111
-10.168498
-9.999023
-15.168010
-11.524298
-13.727473
-8.304274
-9.575336
-7.033211
-9.490598
-0.423687
-6.948474
-4.321612
-11.015873
-4.830037
-9.914286
-8.812698
-7.456899
-0.169475
-6.694261
-4.491087
-6.524786
-3.728449
-2.118437
0.254212
0.508425
0.084737
-1.186325
-0.423687
0.084737
-3.135287
-2.626862
-4.999512
-3.897924
-6.101099
-6.185836
-5.592674
-5.931624
-7.372161
-2.118437
-7.711111
-3.474237
-7.372161
-0.677900
-4.999512
1.186325
-4.914774
-1.101587
-3.982662
-0.593162
-4.660562
0.762637
-14.490110
-7.033211
-10.931136
0.847375
0.254212
1.525275
-4.406349
-1.186325
-2.626862
-6.016361
-3.897924
1.864225
-1.271062
1.694750
-3.728449
-2.965812
-8.134799
-3.135287
-3.643712
0.593162
-2.118437
-4.406349
-5.253724
-0.254212
-7.795849
-3.220024
-10.676923
-8.643223
-6.948474
-0.423687
-7.372161
-1.101587
-1.610012
10.337973
4.575824
9.829548
-7.965324
5.762149
3.982662
6.185836
2.711600
6.101099
2.372650
0.762637
-4.321612
8.727961
-1.610012
5.592674
-10.507448
1.016850
-4.999512
0.508425
-2.796337
1.779487
-0.593162
-0.338950
-5.931624
-2.118437
-0.423687
13.473260
4.914774
12.032723
3.982662
17.710134
8.558486
14.405372
6.355311
11.524298
7.117949
16.608547
11.609035
14.151160
3.220024
14.744322
1.948962
11.439560
8.219536
16.015385
5.592674
7.202686
8.134799
6.185836
14.235897
9.744811
5.423199
1.355800
-6.355311
-7.287424
-8.812698
-5.507937
3.897924
0.847375
-1.355800
7.202686
-3.389499
6.778999
-2.626862
6.016361
-2.118437
-1.440537
-11.100611
4.745299
-2.033700
-6.185836
-12.880098
-1.694750
0.169475
6.440049
-5.168987
0.762637
-1.440537
-5.762149
-8.473748
-13.642735
-2.965812
-2.287912
2.372650
-1.101587
-2.457387
-6.609524
-5.253724
-12.880098
-6.694261
-5.931624
-4.406349
-12.456410
-3.304762
-5.507937
-2.203175
-11.100611
1.948962
-14.913797
1.525275
-8.050061
-12.625885
-9.405861
-2.033700
-1.525275
2.287912
-6.948474
4.575824
-8.134799
-3.643712
-3.474237
-2.287912
-7.711111
0.762637
-7.541636
-6.948474
-8.304274
-7.033211
-10.846398
-4.745299
-5.338462
-3.897924
-10.676923
-7.033211
-7.456899
-2.796337
-6.355311
-2.965812
-1.101587
1.186325
-0.423687
-2.542125
-6.016361
-1.948962
0.677900
5.846886
-0.932112
-3.389499
-7.965324
0.000000
1.101587
3.982662
-6.355311
-10.168498
-15.676435
-12.964835
-10.592186
-3.304762
-3.897924
-0.508425
-6.694261
-7.626374
-11.778510
-8.304274
-8.812698
-6.016361
-4.406349
-1.694750
-3.304762
-2.118437
-8.134799
-2.542125
-7.033211
-7.033211
-5.592674
-1.694750
2.711600
3.474237
-5.507937
-7.795849
-7.541636
-1.948962
4.067399
7.033211
6.524786
4.152137
4.406349
0.932112
1.864225
0.847375
2.118437
1.610012
4.745299
2.881074
5.846886
3.474237
6.778999
6.270574
5.677411
0.169475
3.474237
1.948962
2.287912
