nInput	nHidden	nOutput
7	10	2
Weights Input Hidden
-1.0967446682202528	1.3137714609065614	0.5031345520037017	0.799664615798502	0.724874308888758	0.15092950043112338	-0.7133303636994109	0.1511439857139217	0.16756793783045784	-1.0902664672707485	
-0.47667549171866014	0.5314383443594783	0.25167714820789017	0.28636340032047974	0.47411081965395657	-0.13802369068497317	-0.4227553814958762	-0.0766198929952257	-6.9449363137188E-4	-0.42013455342185796	
-0.47735811373049036	0.8115734455349493	-0.12261416384451189	0.6698440582448404	-1.0389498271346225	-0.2890645340529708	1.136251489628281	-0.3171184670842027	-0.18328324033576182	-0.5947224912547473	
-0.7206634127876616	0.9667329765713787	-0.033949702129512205	0.6950034935911866	-0.7124838736222975	-0.2239630129174325	0.7073914910223812	-0.3591902287689648	-0.18288274306571958	-0.974605379811111	
-0.3137171394509444	0.44084961958185276	0.23204479822452112	0.11037291755902792	0.10666701627742275	0.14605724371446355	-0.14846618322351782	0.15994281740341196	0.10993538678941227	-0.36370329647632554	
0.17591052512441963	-0.22765407816855984	-0.014316516227104998	-0.31197004287489566	-1.035486599117451	-0.06240924315125699	0.9897895957718807	0.01473077700799722	-0.09787639212306405	0.21479168625582662	
3.4600892037781596	-4.23818949121382	0.23021133928636808	-2.2400648705470445	-2.4369502028796126	-1.114471495779349	2.3896345050000054	-1.259058670419133	-1.406576707748106	3.460728535223996	
Weights Hidden Output
-1.9188659716443726	3.9803129087777465	
0.6558150462316585	-4.696680647952142	
-0.801892310985933	0.9261145109935334	
0.27522890575176706	-2.515702735964287	
4.51437872814513	0.2681153208287618	
0.5988864061275919	3.4960245729297195	
-4.764501096865561	-0.07053877840934392	
0.6840558448439764	3.648857471109585	
0.6083559925265921	3.6478120557883424	
-1.104598763557639	4.170186770388015	
LearningRate	Momentum
0.01	0.5